FIPS,0,1,2,3,4,5,6,7,8,9,10,11,12,13,14,15,16,17,18,19,20,21,22,23,24,25,26,27,28,29,30,31,32,33,34,35,36,37,38,39,40,41,42,43,44,45,46,47,48,49,50,51,52,53,54,55,56,57,58,59,60,61,62,63,64,65,66,67,68,69,70,71,72,73,74,75,76,77,78,79,80,81,82,83,84,85,86,87,88,89,90,91,92,93,94,95,96,97,98,99,100,101,102,103,104,105,106,107,108,109,110,111,112,113,114,115,116,117,118,119,120,121,122,123,124,125,126,127,128,129,130,131,132,133,134,135,136,137,138,139,140,141,142,143,144,145,146,147,148,149,150,151,152,153,154,155,156,157,158,159,160,161,162,163,164,165,166,167,168,169,170,171,172,173,174,175,176,177,178,179,180,181,182,183,184,185,186,187,188,189,190,191,192,193,194,195,196,197,198,199,200,201,202,203,204,205,206,207,208,209,210,211,212,213,214,215,216,217,218,219,220,221,222,223,224,225,226,227,228,229,230,231,232,233,234,235,236,237,238,239,240,241,242,243,244,245,246,247,248,249,250,251,252,253,254,255,256,257,258,259,260,261,262,263,264,265,266,267,268,269,270,271,272,273,274,275,276,277,278,279,280,281,282,283,284,285,286,287,288,289,290,291,292,293,294,295,296,297,298,299,300,301,302,303,304,305,306,307,308,309,310,311,312,313,314,315,316,317,318,319,320,321,322,323,324,325,326,327,328,329,330,331,332,333,334,335,336,337,338,339,340,341,342,343,344,345,346,347,348,349,350,351,352,353,354,355,356,357,358,359,360,361,362,363,364,365,366,367,368,369,370,371,372,373,374,375,376,377,378,379,380,381,382,383,384,385,386,387,388,389,390,391,392,393,394,395,396,397,398,399,400,401,402,403,404,405,406,407,408,409,410,411,412,413,414,415,416,417,418,419,420,421,422,423,424,425,426,427,428,429,430,431,432,433,434,435,436,437,438,439,440,441,442,443,444,445,446,447,448,449,450,451,452,453,454,455,456,457,458,459,460,461,462,463,464,465,466,467,468,469,470,471,472,473,474,475,476,477,478,479,480,481,482,483,484,485,486,487,488,489,490,491,492,493,494,495,496,497,498,499,500,501,502,503,504,505,506,507,508,509,510,511,512,513,514,515,516,517,518,519,520,521,522,523,524,525,526,527,528,529,530,531,532,533,534,535,536,537,538,539,540,541,542,543,544,545,546,547,548,549,550,551,552,553,554,555,556,557,558,559,560,561,562,563,564,565,566,567,568,569,570,ABBR
13001,290.7032647290088,1242.1849627969075,2203.424174240592,3365.8391351928167,1390.645142836427,3056.0079059763348,3792.9373706179604,3694.797853613226,2781.545491245971,405.8121204019201,379.9959261871663,1741.4672727671145,1545.6714747369729,1260.1479481781744,1232.3663100480535,1168.3102207291654,1248.767200028084,1255.410933992803,663.7516897572664,1104.5082282272938,970.5117207160678,2828.793289712845,3269.4271833476228,922.9234068679417,689.0812455092247,1217.773725168874,419.2201617076333,3773.7874318269264,1373.076603357152,633.5582861444059,913.0188640120616,1069.503234884097,1475.1682386782795,7469.867719786942,1262.789707502579,3656.452675962768,784.7843093954903,3680.845169367622,562.4204283049104,1401.5162746873418,3624.155388534613,3319.420447573148,1565.6915552923886,957.6004857436444,1075.9204416639786,990.450529158136,580.9326445365327,840.7339426572139,919.7568682652233,2203.239993807973,1340.3122768494454,7352.529173716787,1418.2085201876014,601.2017000553458,149.9068099401561,3358.419837443957,2281.524182724213,5776.03359604804,1284.2581075964613,1611.5457861570858,3290.5687234329303,802.2290804442292,247.56306048094947,1473.810804786011,785.7359814239773,3468.9835540119047,1470.328035038675,3235.0091230330518,3343.789291731804,781.2034808718123,3452.100355425776,800.4108564684316,2696.162874975429,7374.711644022575,1271.1172735564246,2272.200217331016,7568.068728752572,1346.8825497282162,464.33792317331637,1434.5838148959876,344.6492916212201,1485.9181176493805,111.35808205904543,381.3623924865786,1328.8423955576961,350.9885413397337,1376.3014647896084,427.70131686293405,479.1615674212517,1688.5964310912009,981.4275749218813,1410.7920169960296,486.9221968796747,3192.4555600637696,531.1651852495377,1568.7211900548998,2173.816924867691,924.0801600042207,1529.9545355954062,1299.4713140321844,536.8287603554713,1289.1181048137746,1216.1987163088631,3462.826759388236,426.74415874985186,2924.679660437137,483.7356410652978,1623.4089376744312,731.3592435970887,1878.380190561308,1062.9235191214068,7282.532470960429,1403.704383597747,527.1387266032905,267.86574639248886,411.50087442343465,3797.755775951429,5700.161793292887,1104.843535334897,1825.6508895833206,1185.9373968060079,367.5553525014827,455.4080688974936,1837.1668642463994,3750.19686917361,736.5656855686302,496.5035830653972,1023.0499610669327,4879.407553375911,2741.208676447371,800.4642570142638,3637.0289356450517,2092.6893625455787,3180.9851157508897,2288.5061476248197,1162.3267710272976,3491.4564972532216,3526.189271696304,853.596104740465,246.61529791250197,2810.437947772666,1165.253291918538,1059.5443717239134,1838.6236942826795,308.152743083176,1164.7310926902294,3844.4031479161767,1254.7940819738244,1303.7869154121006,792.7659707037209,1494.0005916816572,1668.2813511424965,1531.7551835541822,1193.0966094247833,656.2352210723492,1505.4010166777066,1863.5273182222013,2267.9002111979785,183.82393245384654,1613.3542609910598,1088.9821325915643,577.8772837873073,2116.393307782154,2366.703109469018,2294.953577723777,662.3713564194927,1217.0092811416264,1473.6994386280671,3555.879453585217,480.5453387360453,2504.256436828676,434.3506654295597,227.9181289769884,847.6831278219561,4630.652645266236,939.8480710628436,3730.5052500338343,740.6391818073837,2350.927786030958,526.673714576707,800.9812013027204,2403.207526076171,1307.1739244851665,3652.9892851252703,1620.4030710850998,1138.548396091981,3015.826700762418,2381.5913392241487,391.8730768140388,1244.0375236552134,2909.7082040811883,12913.219827951556,6415.294710428683,1020.6398271267997,899.6286233707568,1202.104293895168,554.0394009809127,983.4271895072084,2433.710480991997,1641.7829054779004,1253.3389866719167,1879.6344883175268,2437.8659373426717,1475.3868681460758,4892.3004861599575,1320.6854535965365,2911.01861430545,1518.3224714164112,1584.6908792073114,1103.2290875251601,1627.21322231983,1297.7785279839568,1195.0988672220724,2238.2155445047883,972.9677268816272,3019.0772842405736,2196.6848990824064,611.8695097737809,1309.391498275482,1068.2460145983662,1608.8692588325225,921.5929124860664,3410.871405070776,2430.267021813956,737.4977295308009,1301.6999207484312,3594.102453512913,1560.6391488443264,1165.3054549961614,5841.940603030509,3082.310732340448,2196.607983094712,1187.6719241540961,2458.8295571587523,1721.6561350495913,682.3964803165527,1638.5665938857635,2795.7475272171077,7401.714487111641,5918.949706121406,6373.024104299256,5816.987531262545,6534.845439410849,1344.1329932564845,1119.8460453185216,2562.452546893768,1489.359927312403,3640.3063524758363,1538.1370538404346,3843.557402635019,2742.0725782407003,3392.267270592665,958.4125537248652,3637.786230313404,1759.1232150810986,6133.657243952111,1057.6556519256176,2088.4135243357528,1412.7581105057934,3373.567837822201,4743.371642084696,1723.7318579698388,303.02597783572395,1493.8198149287625,627.2877338655908,3459.164190080785,4700.626600403446,263.9412941547378,1237.0060933606285,1532.0501781753037,3071.467893152261,2932.345394688836,6154.433127048974,7371.872101085393,362.2858171248615,141.91791198145634,620.0111954011269,1718.804379263627,1613.9254963332667,5855.141869675601,3688.79766940871,7406.563906095902,94.64028637671242,1269.5936018153775,181.7071003164413,2717.406329154625,1350.2200050458025,1532.0714149895127,1111.9508928895627,1399.5939649478375,5526.540848151792,1291.0609891204276,2356.085480386162,6256.291414726336,860.8121752434394,2102.8987540331696,5191.181713084153,612.5558959553648,2055.098484357717,2265.1073710260066,1553.0676778374796,6852.6281001788375,2063.088912699281,1136.8118191312444,10693.873863881983,2457.933477143892,1448.7329567699412,3028.9837305354845,1813.6902035423693,1172.0601808758818,1663.7660719738365,1468.2287761900006,976.8011239500888,1794.7707854593548,1968.4341034681013,1556.4077190441296,1534.9920689026342,3383.367602415678,1624.3631844800784,3542.478572568555,2419.448658275817,2613.1996470490794,1497.4978967695708,1159.8223883929536,1728.0479490258524,1662.9227640051706,1839.9550572310845,1919.8268206524488,838.4867303396678,1643.7012527440613,801.9170111941064,2190.603010858194,3145.901803730489,2840.886265781675,1608.89868126207,2616.6044341930583,1418.8497437143649,3797.52983833161,1317.1609443503794,2334.646107314385,1417.9661816477078,2197.1765032538633,6320.643225408865,2090.6932164084246,1956.605779858012,667.9472362360473,2878.808153030571,2265.380652981619,1596.8357517931076,1213.6690679046405,2143.0765458576184,2194.722367931001,788.3900728050502,2580.9883168948386,1942.394680188663,701.8661553885652,3665.626473267561,6129.085858907013,3871.8716757669677,6282.246103093545,1949.9400486183395,1487.2289468389847,2059.2535663586773,2601.693105754925,6471.219129390584,3794.1961377921584,907.4551666962367,4945.228473190739,1584.5047220711624,2811.608287905314,1568.9799601357126,5574.8493004013,2296.96888415246,5612.423320315521,2563.87905006691,488.7869659838841,2617.03355211583,1077.1976568156672,903.5356642206256,6578.347059648219,1278.6369038238165,1597.5574864699015,2878.69241802762,4956.015424668134,1596.114727114251,1494.438480145029,6600.1234579684005,1119.41594405891,2482.056990383009,1860.8837415380647,3531.7037642914192,2242.520659685636,2134.5589807464594,5867.7104115170105,4950.44275057417,1788.722847739956,4920.042559156063,6628.864266670913,3118.629693648117,3490.3602615546197,6594.263699601612,2430.1819256902595,596.9125559665014,895.8252778316835,904.5088750809014,748.1405072487316,6592.354375344818,2206.2687561059197,6397.545315924156,1076.4850558992594,1545.3081822386469,2260.7617977750306,1092.2114514812047,836.919457554705,1775.7570698237787,1119.7008042880643,1308.0479528691174,1771.6701613026983,1808.0891348721448,2146.077458845982,2068.6156154868304,5902.723340283917,6793.355355461075,1572.2492702154655,6278.36055115469,6435.849967432432,2160.541422194873,6382.78622484998,1956.0795125260352,6439.065488809157,6850.2607879115185,6447.475796969765,6260.8291903644995,666.3066258536754,6383.117059140672,1050.902347687605,6531.234443483906,680.8278389418311,1796.9610781550412,1602.8893303708344,6325.045770321877,1002.7038464426332,6047.1746123536095,6418.865250463419,2744.423072181062,1015.9378046937413,7326.301750504651,2591.755357118216,6393.969299654277,1164.9383409077607,6490.237790287091,6532.531726140302,2672.964036548029,1744.6122759584814,6183.151761304884,6436.14821060571,5669.5296856868445,6567.683346711438,1000.1419426154193,5874.950958978283,4806.856060227193,889.9889459010618,6136.063259609663,6391.702690864458,6326.920986627284,6534.703000574972,6563.261795401343,7387.4477159984335,2962.665176664551,6059.56950295368,5880.31930047953,5912.7205900583995,6389.636434488371,849.1486278883452,6153.707418776257,6124.497236478947,6361.704853437082,7565.116627912814,6380.823614558382,6971.863007531158,2565.727614302774,5637.973659622211,6372.883265977486,1801.5435576906568,7318.963543603191,4857.702607999384,6217.337226852103,1891.5858672778606,5890.748634266449,4689.786355662741,2776.7002429563445,1093.2758815233528,6187.479981156728,6069.178772192309,6365.55208962232,6005.985177795938,5660.134368291147,4616.645798595738,6661.581358209186,6166.243219173967,6541.8929905412915,6424.327424797164,6797.36679693931,6786.098285200735,3786.9706472117855,3802.2751419334004,2428.938065637109,4722.122363435872,4964.269188557483,6413.344797783259,166.07030867651332,4690.166625408285,6551.902059995121,3359.373505966216,4901.294770202431,3004.735055371318,2727.4792193929197,6303.751022047945,5939.147518401463,6428.788248103251,6294.837401190789,6271.7251969589815,5702.98159606803,6194.01770457069,2785.672916110645,5548.924489629414,5771.153397567885,6025.7925661352865,4976.202835880144,3857.9708050238282,6444.880388792698,1439.4372222770278,5837.513201829207,5387.0138934334445,5814.497834639595,6363.4043862233975,5833.057269581361,6293.729707335056,4839.695912500869,6036.566750578228,1545.5676415504306,6260.415845258743,5545.7133063219435,525.5288051578918,6629.454842348101,6174.511953477991,1252.5499056901206,1278.2636877393359,1068.4565802212117,1451.5999746601926,3100.278460697522,6495.930146954992,5727.842651894712,5571.175773428741,3684.142826625317,5767.984752640649,8083.575262900406,6156.030993251924,6629.452023000274,5905.266548148654,3162.694957269203,6105.686702454247,3263.5794122797965,4677.472810117931,4723.735911850782,7029.717587785709,1652.5966883599133,4716.134750073764,4930.45068461985,6298.191852918258,6026.667266316521,GA
13003,298.03002806868864,1268.6192682308365,2181.207404053438,3324.053314993766,1344.5771540555404,3018.823394691886,3781.2288661655375,3661.26193538396,2737.6167412935924,471.0007104166758,352.91866811315947,1757.7068623976818,1618.5755249854458,1200.5942315117138,1304.404730364333,1214.4895905529172,1321.2102415214024,1327.6385876965899,639.0029093012024,1176.3158324310045,1041.2471747455404,2804.782150092181,3224.835841101769,993.5033886100282,661.8425125780087,1244.390980638261,370.8224607979649,3757.828512244469,1326.7951276221304,641.4978836847799,982.6405283110927,1072.45160283186,1417.8125536943478,7425.265520476341,1201.8762571393104,3622.3518939955793,720.6611919157716,3647.521014892285,634.6926902726913,1392.531932968566,3592.934555567189,3276.9703602810805,1506.5375902763512,985.8330423933937,1128.1689642591778,1049.642332297855,540.5201671508432,877.1364358360253,967.4062678463772,2217.840626033893,1369.0292702939396,7306.811253198665,1490.339101821269,579.9637734577339,144.46059988675208,3317.179102765962,2242.019171870152,5785.163913443632,1345.4403486174378,1608.5362476724881,3248.8966242981114,780.6808009531467,321.18466424405506,1439.708678202174,857.8787151256073,3439.678789732173,1543.4635438347875,3216.5017098930707,3301.693590671028,807.9603757381329,3442.8980981127106,874.4068949987172,2648.787677122194,7327.661760635559,1309.0685213992215,2222.987125101997,7524.799811029186,1319.0722392758207,442.3756449263079,1504.8343461915915,321.73386711091837,1489.8281964360674,183.4869050733712,455.40636650065767,1392.3321006021192,404.85152147729895,1442.8644227419738,377.20226387981,512.3232988662588,1760.9447809046167,950.8783217943553,1434.5755397570492,421.18028971289567,3150.1133724446418,599.2693471576249,1640.9124566037601,2147.8702508905235,964.4922734842503,1507.2094531496841,1372.2986593839873,494.3687292010384,1361.2079396356282,1191.664916511169,3427.353064664781,359.63073028945496,2915.0133876748914,434.9507234821508,1692.6049105241766,765.9222296620767,1828.7046823802207,1132.043837963112,7235.0026602604785,1415.1924161530915,519.6353403530878,336.78221265614405,461.13083618499513,3778.3787841909416,5715.350069119286,1177.7517292908208,1829.1196858893854,1169.3923924831754,297.4641521770066,468.6162805146746,1793.601517852244,3726.999309648872,689.3251299818958,570.5759076921167,1077.1842983883482,4885.7157526611845,2733.9001018038143,757.5280274933673,3618.454912207349,2105.8490078437017,3172.135616309548,2305.305250633295,1234.1520074725968,3450.927314347479,3513.020144335399,793.46646827055,172.57355083848324,2795.1121905620366,1235.869648886744,1096.345225252827,1801.080013917303,293.21657885006294,1197.5146341765314,3835.580442533913,1299.7411213718135,1318.0599994754905,861.4366710339882,1523.1167762878524,1600.383750948555,1466.790344997767,1207.7478459084668,721.3100660261719,1536.2400224242695,1935.8536674254333,2261.679046373474,245.97862669120087,1545.0875157239857,1041.1696130110622,515.7075849007178,2128.2401797826747,2340.6847285206186,2300.4343826624718,599.2114752378669,1286.358287967486,1513.3860997729007,3517.1646670308305,554.2321950632478,2476.9881815819626,415.4942959513815,187.8779766944492,861.7788260463385,4632.148375458587,878.6754735951863,3698.8776919101288,795.8313427314787,2366.4890919430427,577.440840431805,874.5700679940362,2370.099495323522,1378.4220295734724,3617.2381913369873,1635.9382235736769,1155.9214254013352,3010.452571670492,2356.916050832986,350.4821913143766,1285.603381927067,2893.2331374731707,12898.577899789248,6424.230217534995,1024.9088427424902,947.0485188632088,1239.1043875699186,628.3899571134359,1045.7328994100642,2442.257971806189,1634.9126148420996,1319.5874260083467,1903.2062942519794,2408.9903440940625,1421.4052528362356,4896.054291847188,1364.6751805167207,2876.3452219815617,1592.27793631299,1611.1018490758454,1147.186103373513,1695.8689058406574,1358.2470007736538,1191.181075752682,2200.6674830201705,918.388003987798,3010.951072540766,2211.6590751039603,686.1810415007224,1331.5610073403536,1087.0133526400791,1539.8303494073718,874.8149745125313,3372.395065374355,2408.092079099438,786.8645148104592,1368.3675437575935,3561.1281791484307,1579.8823376468572,1223.1822340962235,5850.061806646104,3064.5490578017866,2208.641069057739,1157.2637058553944,2444.9989208772868,1657.6400606756604,750.4295064533534,1590.2694905011422,2770.243895621569,7356.561799579735,5922.502714809336,6391.189190662457,5840.57370660252,6549.703587520339,1287.6135270967618,1131.2054039918605,2567.320463365164,1561.8014122195104,3627.2620789191524,1523.8898635342541,3817.176166772644,2702.513091293028,3381.1969591713428,1031.6282312144972,3626.787098272676,1749.5752544339202,6158.354418710811,997.1492549845076,2043.4620832827468,1360.8487020068756,3361.6522000959794,4747.2504547817825,1671.6568342962369,244.28654175714718,1567.5280155705161,701.5293383585115,3445.954888293117,4704.068796186334,237.10569556931785,1188.4443041951045,1493.3626849007571,3050.9276900203968,2913.903386963037,6159.681494338966,7326.331356277751,436.0605647215991,68.72785911533823,587.3393847850217,1718.9102606804993,1686.3984398022242,5861.752571511482,3661.537491359657,7360.97429773129,134.24148995355642,1249.762651192535,127.69386086975888,2706.026852905003,1422.7972611299122,1490.6752492122935,1070.2255447548043,1416.3401967894904,5534.81518378048,1358.915775040281,2327.781889125521,6262.260730151784,921.4670801787944,2102.037655247938,5198.494504961961,566.7363319833207,2073.6786985250487,2280.1456910047204,1595.84362590405,6852.239539701392,2068.942949518368,1076.1587145200458,10628.341333108843,2449.5386600516117,1419.0629273757238,3018.7738193660016,1787.9333381042727,1123.732015164005,1692.4393973045055,1533.9533185671287,1044.6457849071646,1828.55526075328,1921.3947860781675,1622.3054410925015,1608.6724411719836,3349.797200569593,1668.4339535935794,3503.0326479629725,2421.80542954535,2593.179802909941,1509.0728016597766,1227.1932875410064,1707.9783835177575,1684.0089655293839,1855.7942086766204,1937.6494024420726,839.0955023063277,1676.7016602545154,816.7472758940239,2200.141788705262,3120.579423420111,2818.0013213994484,1644.8432001317403,2601.45458845464,1492.0487491022775,3781.9020436961277,1352.7003481159354,2316.448275438549,1491.4045799789392,2183.063347741942,6334.2060289964365,2114.807086555996,1979.7077760243667,613.3346799159782,2845.9500528978606,2281.3398866189177,1579.1119599474268,1219.1421814665637,2115.4476289241416,2209.129864970761,855.5544769553087,2572.2779315854627,1929.4719070611,763.9865983963988,3632.8724052062107,6143.811469701766,3850.7458746062453,6292.20631347857,1956.7768230289805,1533.5451515125933,2130.637553379353,2572.760222159873,6482.230609342724,3782.669481301807,911.2807232425397,4951.4002064658725,1655.385943310841,2770.799487283197,1642.4546377185752,5584.133887695383,2309.1223342324492,5630.719180334245,2566.768067633349,469.7010456385392,2593.249673923867,1092.2920071621652,901.0561877559703,6579.066322437027,1288.0104699536134,1608.3288681758804,2866.097037629553,4963.693266638134,1602.350517728109,1567.8375984105355,6610.63315367999,1109.6616779809178,2449.1324960392662,1933.682937880664,3497.378981529977,2211.1122681900097,2145.7087300480684,5873.994763702549,4958.5544824503795,1861.4313679684344,4925.689094938585,6639.421826756474,3073.9111777153857,3475.9598245593793,6603.23555089425,2383.61122868676,584.3889529891222,878.3283940567646,965.8959935929581,736.3916315032097,6603.306421925975,2196.0494222351504,6410.64609341425,1146.5158725356614,1615.6658506130664,2242.8715713689307,1154.911793398946,798.8451022382267,1804.1365213899035,1097.630255679565,1309.3377170597494,1843.8097300310794,1778.4342923339693,2133.563425428866,2020.56710279352,5918.208052805371,6807.645183999482,1640.2649507117394,6296.57986511743,6443.955666008116,2177.7514150834613,6401.974299758141,1915.1128726588788,6439.576532872228,6864.855591164466,6467.004225806104,6278.468781760113,642.1464198257926,6397.868598561308,1016.9565068250496,6551.799684194012,739.3271624054436,1785.1853035522454,1669.4525630528271,6334.995886249046,1066.7310295948696,6054.029990261534,6433.571705167764,2745.6330402150797,1081.4255233452177,7279.335676398715,2549.8199133514195,6402.883097071248,1227.5947332766382,6501.339677072409,6544.618644022491,2675.103726799169,1718.9918705326056,6197.887364690821,6451.092069386383,5688.384472590807,6583.838931303206,957.8413744672647,5881.081087693334,4810.799797200907,962.4777579329152,6154.1069668307455,6400.793606604477,6342.095174190771,6552.1637085580105,6572.7401623743835,7342.296817947458,2961.420420068291,6074.274364109398,5886.456095691071,5932.864298660009,6402.685386376136,904.3408386631016,6177.168183181968,6142.579130134651,6371.020886843891,7564.931100507876,6389.8873843774645,6976.922928313671,2566.285172366644,5662.026303963914,6383.2771273124235,1743.3189470272214,7272.949452795253,4862.464615923379,6231.461206188892,1875.2469074825226,5909.004195777662,4691.694286574378,2752.072581245218,1152.8171366273632,6193.991680495099,6081.104168573992,6387.945679978773,6022.755872967076,5680.829626206614,4617.754371557856,6670.475954649038,6181.197120614036,6553.753510000481,6433.144483048121,6797.139034481125,6785.847248506919,3775.3930947375584,3791.5941791819328,2398.299568378385,4723.485533209821,4969.481307064675,6422.160057445999,171.40899799219392,4691.681172237522,6552.4069494814685,3317.53341947316,4906.412070409026,2965.2754579297593,2692.791336045875,6315.386554024342,5942.931176498563,6435.186951374193,6306.838832763819,6283.391011349592,5720.695121410146,6200.388767083179,2748.2565700953382,5567.541039919069,5788.166365124355,6028.125283647893,4981.822836431563,3833.303131393748,6451.158887022856,1377.0583730916212,5856.3881269945605,5403.014260333595,5830.619526004123,6369.5720845520555,5848.3187908771,6296.493458845387,4845.6261314001895,6039.916424095176,1563.2428265671726,6266.061147846977,5556.771749749859,493.7343698299669,6629.772496204329,6179.826309154208,1191.4013013534834,1219.1584009321166,1125.290415487553,1438.6110186622575,3086.9810699747663,6517.211739710025,5736.671451675043,5587.926410350317,3650.3741425508806,5777.184959892152,8087.890782427578,6166.040149382785,6646.094314403708,5918.697112511341,3119.8440596709715,6111.905847526421,3219.151077919551,4679.1335024433365,4724.733951348122,7028.559700702766,1722.3043945816787,4718.578920941324,4936.672178313713,6299.946573492402,6029.358341090431,GA
13005,296.8190263238574,1256.154076239899,2201.056214098425,3356.1975703788207,1379.12846704548,3048.1320791513317,3794.4583917594923,3688.343424931821,2771.032195671089,430.5710378668873,364.03558807616866,1752.2806803137173,1571.6912718108276,1243.0607267005141,1258.3728905086125,1188.27631094446,1274.788852825911,1281.4262075342806,649.096010279442,1130.4999923668815,996.3990657117067,2825.832512359602,3258.677008881669,948.790446947924,673.7012535575489,1231.7925398599236,397.5711026269393,3773.7971293430487,1361.4716932135525,641.0133996443525,938.7526339049286,1075.663963261596,1459.0560975898006,7459.204079790302,1245.109662329816,3649.7825700973876,765.5708488562777,3674.4702620601656,588.4318160908367,1403.7026597779447,3618.570392861361,3309.5166242338923,1548.8180675116505,972.0180460948137,1097.5827976285152,1013.9393829383522,561.6247195702772,857.6412132365189,940.0716491196615,2202.3378144736466,1355.032850742117,7341.418380368686,1444.2203408000553,587.5365599487914,138.15267499199172,3348.990881800237,2272.6984107105686,5784.763690949082,1308.277496116155,1615.8664239362545,3280.96822210478,799.6246993984072,271.85746253028526,1466.9192014600858,811.7443925366183,3464.107764952052,1496.3368015424664,3234.074753483149,3334.025462769412,795.031124393029,3454.48526139588,826.2659512624423,2684.2737704548904,7363.0656166432445,1288.6707660338311,2259.542148289614,7557.9357141433975,1342.296953502669,461.0347615118748,1460.4207422869242,329.7737135992806,1492.5689391301528,134.34466515085714,406.1007468698734,1353.4030691945813,372.62593018118736,1401.5165938688892,405.5533017954443,494.6518044296587,1714.6165458127734,975.6749819217683,1423.9676208148635,466.8344227439508,3182.588152754026,556.5965806249276,1594.7359665659194,2170.0815856238705,942.2562457816887,1527.2736596167974,1325.4934539408525,516.9068838533026,1315.1275415561356,1212.7667917171061,3455.6259454608808,405.98349939627883,2926.866491534135,462.09625361721044,1649.0988219137332,747.616828286522,1865.4986555628213,1088.5859503765728,7270.691464728138,1412.870809826927,529.0940626775747,293.35384254367426,431.9900565665365,3796.5381660020453,5710.88297858261,1130.8640495726515,1832.2312800022967,1185.3716168668673,345.31989210311036,464.27145574685034,1826.7116011740131,3747.5887785287573,724.3179785482782,521.273214508464,1045.2163601208692,4887.171583180601,2744.205041912612,780.6551432141378,3636.09320663387,2102.5504056383065,3183.4768098676723,2288.4042114810904,1188.3202221575996,3482.310582144209,3527.1796499872144,836.1633818983522,221.90298191142045,2810.613275254501,1191.1310390090496,1076.6803778822268,1830.4977559193755,295.5197835383678,1180.6675169513653,3846.941579410992,1274.4228929638546,1313.8415450210514,818.3368619474278,1508.8851742147504,1647.380180062145,1512.2677011033552,1203.2339038431428,681.0630806600733,1520.826228047486,1889.5470615583981,2271.2250880624,207.43756989708157,1592.2638610132271,1076.6922054675822,559.4301236878526,2114.4983374330363,2362.963733198583,2302.2845577950457,643.5405736882785,1242.713215777154,1491.8204212881965,3547.439520422715,506.499336679891,2500.069978661015,421.0563336988536,207.5527948576757,857.4367005303579,4636.784015712045,921.9896998814884,3724.7722057828796,763.00443976517,2350.3879386044987,547.649773268584,826.9442589805977,2396.832449125997,1333.1219517272941,3645.6911483688673,1630.9607572809275,1149.5558448972338,3019.5179206276985,2378.346735295416,381.29448104775815,1262.6686748305392,2909.480847929453,12913.889014021843,6423.974359669685,1027.2208911378732,919.8691566522957,1219.3495723750655,579.2764245088749,1007.6788467099017,2442.084754895864,1644.7736420445003,1278.4853526018146,1892.838766413556,2433.077561971293,1460.690634460884,4899.205602228193,1340.049161164058,2904.09169590521,1544.1842835917569,1598.7434506379725,1122.5288062874226,1652.8169026861221,1321.6265223868845,1198.9686704790515,2230.1377386238987,957.9082226429398,3021.8106524408718,2207.155428673419,637.0041891864854,1322.0195623375655,1079.6759313072885,1587.3806861716089,909.6412985908986,3402.5170900933263,2427.940330114728,758.2249171230694,1326.932127507334,3587.855934315776,1572.3911816613368,1188.4880364813705,5850.336591211112,3081.63458908898,2194.7900658143444,1182.0702247672825,2459.503861701565,1702.6236326973776,707.8403424649659,1626.208943858677,2792.236640987617,7390.830410619848,5925.814925301024,6384.7245191380725,5830.407910448112,6545.476933541226,1328.3554502837653,1128.861057024611,2569.606425709067,1515.3818939122477,3641.3470854544457,1538.5089676464233,3839.783836768192,2733.262798114979,3393.9920173563933,984.4179468842503,3639.5497112912817,1761.204480729569,6147.4346285160545,1040.1164499430345,2077.442365043158,1398.9031565070875,3374.993171293094,4750.314158753842,1709.855234166571,285.56755351334607,1519.7528585701316,653.0023285684817,3460.1365802164446,4707.42020221967,257.9040260311754,1224.4629106119182,1523.4318863478873,3069.7886070567793,2931.4138174980767,6161.875003721584,7360.8324914283285,388.22826956090364,116.04689183870714,613.1464471741432,1724.2189573438534,1639.9481270310152,5863.03375989653,3684.692130477439,7395.505159186584,98.94037231879881,1267.8851038171085,165.18676717523311,2718.9731516108873,1376.2436421767975,1522.4104714560451,1102.046278768735,1410.4909553610632,5534.980064441991,1316.516554678616,2351.501038582229,6263.977562668397,884.6414928463338,2108.050655081921,5199.291161491026,600.7402138582678,2066.7245548953315,2264.369765302717,1572.1179802184006,6858.174196656049,2070.5142663267534,1119.2247419701496,10674.222281437744,2460.52285257123,1443.4899396236915,3030.9874698604413,1809.970563895144,1159.5920415496366,1678.5464761934365,1493.2794468732252,1002.2384146225694,1811.1574727892807,1956.621422747466,1581.4973980466455,1560.9308718823208,3376.8856773001594,1643.802495262652,3533.7553231941456,2425.7382035067153,2611.672340358101,1506.7201014388725,1185.1826025262194,1726.3811222634686,1675.292287292273,1850.655762090795,1931.1871636864762,843.6884664179507,1659.8227780039908,811.8746825861075,2199.2787566436455,3142.4820868674956,2838.3379139592976,1625.9153700143374,2616.8253570053616,1444.8541078228864,3797.659015049121,1333.9923591768793,2333.746689165709,1443.9460238123386,2197.7193585213854,6330.847212481481,2104.099568357426,1969.6717567593787,652.718051156346,2872.5657259319983,2264.9735950808904,1595.9829667115393,1220.754032115943,2138.717173094745,2193.7499828934674,813.6805548890468,2583.480028283697,1943.321461550213,726.0155277236506,3659.466285618366,6139.6658313362805,3870.023992393538,6291.262880808541,1957.6777251305127,1507.2971377131232,2085.2187401946508,2596.898535208985,6480.587448707549,3795.781424964761,913.8099490957543,4952.948803189429,1610.4184621558036,2802.318561279052,1594.9541917767237,5583.625674903436,2306.5243104626884,5624.149573201079,2570.364283383968,475.57006088870384,2614.1382631167185,1087.4281244118602,907.7310693471446,6584.265593127857,1287.0571685332554,1606.538444311706,2879.8432967947583,4964.239860822868,1603.5793700251827,1520.4229008273196,6609.328614105617,1121.2189727159237,2475.758398681811,1886.9059120881,3524.9431026982647,2236.767325309985,2132.4196563996884,5875.493314416227,4958.8117212281,1814.7463581818781,4927.585898426784,6638.0858173434435,3107.8222235909693,3490.9112429173706,6602.959089215846,2418.5973162671853,597.2512098380498,894.7514975462562,928.5269465327857,748.9644045374159,6601.705516262733,2208.1883852370647,6407.5994989808305,1102.2846216681237,1571.1603481154718,2259.9640443776457,1116.5698393793455,828.2625553268155,1790.4647694134678,1117.1207211590327,1313.750959070192,1797.6833004271334,1802.9292763801368,2147.1800621071593,2056.409298435206,5913.545687024661,6803.806386176228,1597.7425319325293,6290.0765621204455,6444.253976231656,2171.736833555377,6394.816046813739,1946.6525715013283,6444.910139386167,6860.812426105295,6459.616139453726,6272.357787975242,662.6086045065488,6393.710768053715,1043.9235232653248,6543.708411137685,704.0531188263375,1798.2665591974578,1628.113210633721,6334.060112234331,1027.35537850513,6055.152832153956,6429.4449761652995,2750.3548065784275,1040.9096003797986,7314.68895833769,2582.011814885428,6402.6412899067955,1189.2943442098613,6499.636334568645,6542.255663909505,2679.2054861508623,1740.9298344977758,6193.736140737105,6446.805686425576,5681.437280678935,6578.737515972498,989.9685267245987,5882.682350627908,4813.822569103078,916.0106773152166,6147.71973852681,6400.433471392696,6337.651295932636,6546.179213556527,6572.1246946588735,7376.564178643104,2967.776165189378,6070.1412108380555,5888.053054030761,5925.047333191413,6399.673461200702,871.55379460653,6167.094968442797,6136.165792038453,6370.509741007163,7570.745447804328,6389.545151560022,6979.258409898473,2571.420300286777,5651.53760159872,6382.045483992724,1785.094337923598,7307.733599569338,4864.946582725071,6227.72263076019,1891.2893328857654,5902.468201684155,4696.059800861889,2773.509509910604,1116.8698343772348,6195.346346794914,6078.839832971414,6378.605469442514,6017.227359092963,5672.6320297534485,4622.64498632818,6670.2524276894665,6176.898419444904,6551.542614803208,6432.967898990779,6802.966736163474,6791.690048131729,3788.537617628152,3804.158967265925,2423.4920799582833,4728.211775121866,4971.667925910486,6421.98444528117,169.8984285852339,4696.306431080742,6557.746993479299,3349.7104271314893,4908.65967459681,2995.9801956439715,2720.534071810206,6313.321671974932,5946.091103849144,6436.621977607144,6304.528341280643,6281.305148339879,5714.52203230432,6201.837122144175,2777.6913277455,5560.7525756442465,5782.468838689189,6032.247311591689,4983.738990946287,3854.82894403503,6452.674195214555,1421.1279322342334,5849.4310586977645,5397.991646848579,5825.525259981929,6371.159346016102,5843.805387580749,6300.33652478242,4847.331945855055,6043.3660106164525,1556.806784309727,6267.99337891749,5555.076237309524,518.8248040959974,6635.237542972464,6181.976452420502,1234.7647966645218,1261.3731871058258,1091.352608394783,1452.3932351048827,3101.197104730615,6508.63214384804,5736.471391908436,5582.401557904201,3677.599799207575,5776.737864418801,8090.739886786711,6165.061257426361,6640.665217493122,5915.418239337704,3152.6264945958396,6113.4532587664135,3252.8935423738417,4683.661855724806,4729.70113216244,7035.0039135126135,1678.3630731443945,4722.591021675175,4938.187240955497,6304.456605537528,6033.243464613636,GA
13007,257.66440489873304,1223.8397492197535,2053.5209221109867,3178.440706965475,1197.301897935345,2876.3416878531425,3664.943050623317,3521.4530340459314,2590.922299149689,541.8830593744442,441.86207670182165,1689.5176094779356,1710.514661434004,1051.4716542105589,1391.6137109301533,1215.1668015452146,1410.9419874326709,1415.9305733831175,718.7491757824263,1262.817210454816,1122.8483662036977,2674.48201457386,3077.726152602988,1074.7331039154676,736.5566345785197,1200.2345880427279,415.61524218569,3636.1814316213613,1179.4251919269334,572.429314518152,1059.421488060629,985.5776346237056,1268.1627901636411,7277.887396977541,1053.3291334936175,3482.089933252311,574.3613721974842,3507.8919373102112,729.3818866465698,1284.2436349087313,3455.1349316182027,3130.9828279921107,1357.3183545022086,948.4468928081272,1145.6793280971124,1088.0762823907912,593.1781425055265,859.6711498497995,975.104151172602,2342.3691795841355,1328.0931089492208,7158.952385697839,1577.3386426919808,667.3171931915023,279.48502581642936,3171.892928746275,2098.1753365272457,5698.720286294247,1387.3594621702055,1508.2245500506194,3103.364487145413,659.6692423332237,451.27304316163526,1300.9498758844904,948.8538415776601,3303.6869000784245,1637.4529401985046,3092.1296291203307,3155.904373930176,771.1027324354162,3330.194619148433,979.9718868832088,2500.530268916085,7179.285832359426,1289.0046616180134,2074.1368775512965,7378.055671595299,1186.8957356042724,329.76335034412705,1581.254972847051,419.44659929832335,1401.2444718624924,320.4849083033633,580.8187669802743,1441.7267819016204,448.8444120975436,1503.351422446072,415.99782085987846,501.0526965523162,1848.5150939917364,817.256819659352,1382.948907853408,277.10205889113143,3004.2091987404638,675.8430657813233,1727.7901380902126,2016.11668268574,954.5855881990981,1380.2218959248867,1464.505621289578,544.6790195344374,1448.4748426152325,1063.6868804239257,3286.0507071250804,218.3958102753326,2802.176940455189,473.59688826073733,1763.1969628046759,747.0471772627284,1679.771850384086,1205.264740595511,7086.459987462928,1340.258287116167,427.66341455619073,427.0090058915866,490.7617417993785,3652.6566630973607,5639.375529996803,1271.4463457944835,1738.2531632917098,1051.6968415962997,166.7649698914089,418.9870706223951,1647.407398114446,3597.043532745546,542.370111882883,694.6024962634668,1100.5143206239895,4795.115497089063,2624.553832889896,797.2021886364522,3493.7522413072224,2030.6786637260668,3060.152025209898,2432.120024934627,1320.4282264818069,3306.055290981377,3395.0237525716125,644.4694062306626,103.09272152907651,2674.9828642237508,1315.5034166041135,1076.0619875214893,1658.9609367173753,403.7715549184717,1167.0075355792292,3723.103441728501,1296.478633932319,1248.9696722435374,935.4404193050584,1481.8402194152386,1458.94679890305,1321.3443621061165,1140.3755787674131,784.0988001849405,1498.5389893631354,2022.846299232148,2154.653150971736,326.64636322844603,1404.327785122071,893.2996848268033,367.69308263632865,2249.7757396160227,2208.6472599444646,2211.485084510627,452.0054720691552,1359.5605674939206,1495.6768684028793,3373.4685814645813,660.0871661143963,2343.536686494068,513.0589762222527,276.70916816486067,798.3229306310121,4534.1035014851,730.1961549394642,3560.6854269988567,826.8327358415619,2491.893706264264,603.5746507484905,975.7924087801067,2231.205166262841,1460.660706407382,3475.671923053253,1567.0536100466431,1094.2695643750003,2903.523123236317,2226.2922348414013,213.2403129058952,1274.2420207780367,2771.5768179250185,12776.335260880163,6337.178570105737,940.8770826123758,954.5112235717884,1217.5635431832145,747.2474722505908,1094.104055073508,2358.128120108077,1528.6596140307154,1379.5899630879053,1848.4911548529456,2273.9916326978964,1271.6517804272085,4801.366914016651,1358.461018973849,2735.865428048972,1694.3154051418333,1563.6211226082196,1143.1188410433556,1763.9842083264878,1397.7592931876559,1091.8902862078776,2058.260375284904,768.6279605187559,2900.129193070149,2139.4499828917155,805.7406452692207,1277.5422824038585,1028.8977806763444,1400.6124233162848,727.6907867492982,3228.8942958520347,2280.1795017486115,802.5885342308703,1429.699579276291,3421.8179401903444,1518.3321091373325,1255.7598895827145,5761.916604373394,2941.179813072745,2330.2718837897846,1022.8536701015727,2327.200469581489,1511.265792821465,823.5185361604016,1441.8765067352294,2638.3841850851168,7208.941157243773,5826.997772292438,6320.256824049074,5780.17181067879,6472.7425376501815,1137.8533559230434,1058.5491479123302,2476.7946723831938,1650.5941616769119,3509.3478764284123,1407.6207166378038,3683.8780561425206,2558.452598663277,3266.035992152975,1128.532391135221,3511.536403466427,1639.050489442904,6099.956288482289,848.3710732993593,1896.4179608901154,1211.4182077188866,3245.3931099696038,4652.847331881987,1522.1464107404556,94.47704110653652,1666.727696241618,812.2630029143161,3327.954856063452,4609.0043271672275,140.6941425300233,1040.1308051796602,1350.6805549239634,2924.306354103587,2789.8431258860473,6066.750216650374,7178.545772685379,545.1253971204077,127.23381262592237,454.80107049533933,1623.030185904426,1775.0231539176214,5771.1364067080785,3527.425876847789,7213.167180492412,284.05131449304656,1127.3064103540407,34.45413487070274,2591.119819408545,1513.0195547022647,1346.0462054642032,925.947212950796,1351.1147570288538,5447.075372732877,1425.135505272585,2193.4178091238487,6170.439041937701,966.1827925179252,2003.4169645205634,5109.351259269883,421.26753361080216,2008.6115227305786,2405.0782856122605,1584.9517660303104,6750.3886536795835,1981.230917770501,927.4643858626173,10483.471081881124,2339.0787353498845,1284.6453855721193,2905.0901384939552,1656.9011256753586,975.5606837375412,1649.182294013414,1590.7007952229812,1113.178300284555,1795.574636575238,1773.4124692807995,1679.2954061156852,1707.4692057535349,3210.0530440178527,1660.2710348252524,3358.848217650893,2327.513174167589,2467.5537475064834,1433.6802219333065,1292.2763819666984,1583.6736301096385,1625.4408077455355,1786.4240234950464,1871.65235253328,751.5845799828506,1642.8024041164065,755.6801396260008,2118.3128460325865,2988.6839569205663,2688.918875154292,1617.670001034386,2481.760733184805,1586.7240729477853,3660.647379495764,1326.7505048872122,2193.325102153105,1588.1684188464285,2065.3051351835416,6255.064819829599,2060.3576425278247,1923.7457709439072,463.6545744377729,2707.0069865562,2407.278339840834,1458.0857132579424,1135.1375717343744,1981.9787792878567,2333.4555570749235,923.6002399272427,2461.190361177003,1813.8011332601066,816.1302712505751,3493.727355582584,6066.801071949779,3723.0036215263935,6206.919135785859,1871.0722585566918,1531.844153852882,2211.3217025847453,2437.581090449498,6398.635507336158,3666.6204398918126,828.1040877738112,4860.540167926819,1734.5116111190594,2625.90274534767,1739.1250688681348,5498.046672158731,2231.574600608787,5560.416682287759,2473.0441834948692,564.4037969244554,2463.3675478177965,1027.0493796228732,807.2821191214308,6478.962953729825,1210.255516129647,1530.931948831269,2749.3995907565754,4875.283263520993,1517.089645216756,1664.015180954451,6526.136351068705,1002.0709172146527,2310.3473012078,2024.041360138928,3356.9700340758063,2073.866075021383,2266.404709618509,5782.8459151316965,4870.8631450100975,1951.2776610718934,4833.996816847452,6554.9940080412025,2926.760394094817,3356.4242917764905,6516.1713545875045,2235.7246253486474,481.2062311603602,761.7449371782383,1012.2855147566124,630.5189821807483,6519.560168105333,2083.4966728800496,6330.666745480888,1223.8381543757291,1692.187948907541,2120.2288819842693,1203.4583771882833,658.4644443133841,1759.681591897959,973.1429342680777,1217.5534022887098,1929.785288048776,1643.3560896502518,2018.0109253146804,1872.1554824661014,5842.656783286551,6729.5726579581005,1705.790587829234,6225.791874936926,6355.52693984205,2109.7686363660396,6332.923603688698,1770.4535480225104,6339.2091912884425,6787.295950215157,6398.555191376282,6206.628523501191,519.7446492220247,6320.786467996063,879.4885260045011,6485.251236122496,781.0345091948811,1671.442928135533,1728.8503435045639,6249.673383757797,1120.7089340727816,5963.724914190496,6356.393889384715,2648.949354612172,1140.4816575232746,7130.991366126673,2404.291338726481,6315.804319835809,1275.3429397618966,6417.889926692445,6462.831776964499,2579.997274653103,1588.2348628129992,6120.869070712781,6374.3263113636185,5619.0817267809825,6509.173831542781,813.3966594864422,5789.680632164937,4716.461303504466,1054.6624175238433,6083.066098796717,6314.009520874073,6265.787196086722,6479.870501045291,6486.530017335691,7194.677410257321,2860.6504439332325,5997.260601026068,5795.0639666545385,5865.8311885230705,6322.619606283243,933.2017140116611,6116.341108848728,6071.613969677735,6284.623581106628,7463.1625796289945,6303.062776881724,6883.38231913422,2468.8814533432637,5602.637945530486,6298.679921960802,1593.8623924411606,7124.970725831578,4769.393407450302,6153.349350543957,1755.216501439726,5838.4767464084025,4594.248530902088,2621.1511522472483,1191.174641353497,6103.070918337533,5999.245508796382,6324.950944215459,5949.462311306489,5614.973137493102,4519.12468423269,6583.257127016371,6104.5731864173695,6471.574818511785,6345.892955654388,6695.544943853984,6684.222271218231,3659.2821262128637,3676.652942619112,2261.620354212172,4625.183303896105,4877.066789627937,6334.9100870049915,170.55011583457164,4593.62980086066,6451.990530802293,3171.890111243033,4813.882237542964,2821.204902681407,2552.379899030184,6232.925631257313,5847.7783109654565,6343.985733103836,6225.008159094228,6200.9959736335595,5649.274253483288,6109.238499530527,2605.6953720143742,5497.865857228689,5715.4328062312325,5930.6846362143515,4890.055445794889,3701.748220299288,6359.757890701389,1229.387702545126,5787.031131714617,5328.665909622051,5756.253933362076,6278.0254291456895,5772.405296606752,6199.611719274622,4754.438461916648,5944.045358436722,1498.7951265220374,6173.719232541517,5473.6898450964,364.32950081080185,6529.048499335338,6086.991766026393,1042.9727593153516,1069.8906871097763,1155.7711464246986,1324.4030294694749,2969.156988010683,6452.032776802978,5649.749840802452,5514.8263501439915,3510.376168106407,5690.861609342282,7992.821812456388,6080.890374743821,6572.277038079195,5839.520648369002,2973.658921793024,6020.548127725846,3072.1223701999693,4581.314218109248,4625.8725113391165,6925.517486664022,1795.2181826410933,4621.947217264868,4845.901288761696,6201.514035115134,5932.4698399083445,GA
13009,126.40566829876244,1072.3755967093016,2052.8591369045967,3244.890195859604,1284.794149449448,2926.654936904195,3630.651960761075,3558.6083244755464,2665.8859567334257,320.040349600963,547.3818082386232,1569.0596209332284,1490.7766710294686,1194.6954714477354,1170.7102593638215,1017.7984141014076,1190.868185963747,1195.3407579086356,832.9147682492967,1041.9378257267053,900.8607327134907,2679.713009513928,3154.4845194559166,852.7608179144896,857.1414033983979,1048.041954366723,569.5286803283564,3615.249834508576,1267.8691606957213,462.8673842684424,836.5020871136693,899.8688028491213,1400.1839956186273,7352.3703872912365,1202.3081809906125,3521.2122495040912,746.0043405457143,3544.3254651632533,515.6118762833315,1238.9075309943635,3484.394772928241,3199.8794694839753,1496.1551423090439,788.5755962830425,936.6744704641372,868.9812136346777,739.6352375955673,677.9515316513064,772.090529294645,2365.762004347568,1171.7322662133795,7237.483703216618,1356.0941085151344,771.5805802670349,321.44243480679984,3236.386099578757,2157.8061009629923,5603.80516937901,1167.5716310010505,1444.3581245424784,3169.4773045839893,657.1331184502806,300.40332610530584,1342.881427978804,730.8964347605157,3326.503481582311,1418.6561887704102,3079.277973171969,3223.494246374192,611.2682849944854,3287.988177328028,770.9669444490038,2588.462239599336,7262.63891216216,1109.8977554115363,2169.995556738199,7447.756143647714,1206.3317510901136,329.732413743863,1357.7880890516635,513.6672566869787,1315.4513774157547,218.48964764010108,407.6739817476459,1219.9136961238546,225.43541007992118,1279.7250113894015,575.3278370299598,313.2078399148625,1627.154369036448,848.1061380565343,1239.9372898091408,469.8332424965457,3072.84810895966,454.3256296722973,1506.3416498704532,2028.1114971953248,765.7304169180713,1381.5374310545903,1245.282641365064,693.5534546649126,1227.4948449011356,1071.5788759909533,3330.048311028047,421.4422616498541,2761.117006518681,633.3987083067585,1539.2434105913958,566.8033912609719,1778.7195316637515,981.6583141209807,7171.59637278178,1231.4022465888083,369.31848238125673,220.86753720393116,272.0845101716253,3642.65797113493,5527.754675061361,1053.3559747526049,1655.1681749140407,1031.3693107861468,384.6201042815268,283.67099801012836,1723.1702883711434,3599.4616814335536,643.5861457402352,513.2818498334426,888.1365841157962,4707.697138252796,2576.0196590571272,956.6542579668761,3481.1571436420445,1920.2196645467707,3016.7085095932634,2449.1933590941344,1099.3601086825097,3367.8777268477324,3365.2175553554653,796.9510270616269,313.6780177154946,2651.7870644754753,1092.7592873230342,897.1606811011703,1712.413834541637,479.39008334455804,998.8263212315204,3679.90325616197,1102.3228451236478,1131.3099845956306,712.2728469192976,1325.6967084885928,1635.7688221708386,1485.557291997755,1020.6170054719277,560.1272165876759,1338.1839721785334,1801.1871159568952,2102.223620912086,124.95747923815142,1583.2662343650532,990.4048709069502,539.457081536773,2280.972436104323,2220.787675827575,2123.674077454947,623.8392118138338,1135.858570562177,1314.33812001984,3428.784022405004,456.7835032620679,2359.8646401409533,605.0913681081922,386.1201927196933,675.2646918998943,4460.402641975852,885.1879380874293,3591.2872901233673,609.8927830939306,2512.584938106192,387.6237759771734,763.5696941187489,2267.816770836089,1238.3024693395128,3520.518687357428,1447.9478654953132,966.173449252619,2849.265796130821,2233.8718762776493,305.6063366389993,1086.9634381543165,2752.1073122037824,12752.107799511356,6243.082126432783,850.5043995289888,751.612532169653,1039.9200430699984,556.4122505007493,872.1129477392941,2261.699811706729,1477.1279519920745,1155.9583745558689,1708.805767118761,2295.864369307945,1389.8758606214801,4721.263001522919,1166.793031557198,2777.4743080367443,1479.5282654263692,1414.9751161264173,949.4450655438977,1540.0046213479834,1178.793577007033,1029.131088363883,2110.8897508978257,895.094786671552,2854.3426828809424,2024.223969969073,614.3326957080966,1137.9801791242635,896.0189949029091,1583.3414288644808,823.0023930319858,3283.476893169106,2279.34861608809,593.6560522781874,1205.9690523103554,3457.0912973429827,1388.5935414546204,1039.275336291508,5669.856241022563,2925.896887305539,2361.004306089643,1052.2130129965203,2299.0424054647697,1669.9792396435828,600.4635322131571,1536.5650331991599,2648.620797768965,7285.420625613109,5747.923779186555,6200.9852919592895,5646.388991415434,6362.421581140342,1267.5388761430052,947.6313127190236,2391.302277185532,1429.8197745159116,3479.1848002471297,1380.0016053719864,3696.7901314988453,2617.574181398825,3229.605273655831,912.6310307994903,3474.9828138423054,1596.3728903572837,5963.493787052074,998.3555835172391,1976.61045442513,1321.7816709750898,3211.598037991449,4572.3047872208535,1631.2110929245443,282.81808140350984,1450.385998827989,610.254742686099,3298.2535176918677,4529.696974625789,168.55295988811184,1138.6503522507762,1409.3369055303947,2918.0527019795195,2776.740101095284,5982.929275449426,7256.431735856161,350.116195658597,253.3227162294245,497.9942917570496,1549.8255166097879,1554.053055855498,5683.335055115559,3543.3010690272054,7291.2180685615685,261.6106736172973,1118.504706342287,191.06094836587602,2555.309023464695,1292.9396778360765,1414.8554168991016,998.7514169020116,1227.1988445650125,5354.438676468465,1201.1628559619007,2213.3801922326625,6084.613039317554,744.8597929830139,1934.1744951412925,5019.2539233022335,520.5782605888305,1882.9958435857293,2427.2427816093355,1397.4357705262134,6682.989898450434,1891.7546259771493,1076.8948849246003,10639.244210640354,2293.666224153025,1310.5520222759942,2865.7921070529687,1668.4796380583637,1073.7937475024478,1495.2447389863128,1367.5772392860786,889.2679282233031,1629.7653327395853,1861.879260321317,1456.1784725169564,1490.8338520235727,3247.494266618425,1470.4461368325215,3416.767011250003,2249.185634377243,2459.575074477369,1325.1713033036983,1068.3122180293158,1575.7819648167401,1491.2971775600918,1667.5256433480545,1747.5980692628314,670.6645555382911,1478.0613674910987,629.4652620764472,2018.4536652414035,2998.22037722412,2690.4008080219755,1445.7284150790485,2457.9248054547847,1368.3173999981411,3638.670065163512,1153.5980970132598,2179.3113112273354,1370.7368909198253,2037.8932402524094,6148.167058017138,1920.0951675306228,1785.6261938425725,598.5069709175723,2742.314842656828,2426.780558987159,1442.2040497816672,1042.8439218808128,1999.7725114304199,2357.398614409086,699.7685903679021,2416.8820368248653,1782.3075904958646,592.9085394356216,3528.2100922432674,5956.652115926981,3718.659998960781,6109.916939097209,1778.3718321880524,1336.6628799155244,1988.2062318960861,2459.5433032856977,6298.802285030826,3631.763627241059,737.7280582484482,4773.546240862108,1511.3459992000162,2689.440900561899,1521.3704952181565,5402.604617133933,2124.537789857952,5440.396547860733,2393.3825031976153,659.60353583162,2467.883465434153,904.7166263726103,737.4534403618791,6408.273359704923,1106.7024173423347,1425.310457580483,2717.5261273598603,4784.0272552707065,1424.8175426604141,1446.156223001261,6427.74207521851,958.2701787431464,2346.232358748456,1803.4019261178,3396.9351514099208,2104.696956490245,2299.59242008236,5695.972787001835,4778.380194949032,1730.5315437805796,4748.484994469865,6456.4788549216355,3004.1663807560985,3330.490897156441,6422.043930061937,2321.1604635653825,443.4117819107762,744.2670077825619,790.6263530362423,591.4006228248737,6419.940647248424,2043.5864928556248,6225.064312439336,1000.7788744289556,1468.683218388699,2105.1834172874924,981.5837800427092,720.0317659909955,1607.092744011053,972.2914553521024,1138.8651690645522,1707.9198887960276,1668.5672591111013,1985.3904699448547,1964.1493670229777,5730.340082718698,6620.902804948679,1481.8671640669766,6106.329918434008,6263.7571397153915,1988.2523091788282,6210.942399294716,1836.166160649093,6269.080737936092,6677.823252835638,6275.70582144687,6088.7029390417265,527.6910602807644,6210.686077372621,922.810838080736,6359.7128699652785,560.0123884091439,1636.0430437345499,1505.4275795772548,6152.717161199926,897.6597842432651,5875.313066343175,6246.431878920705,2574.537664783441,916.8086567350683,7214.055836046332,2472.2416304174553,6221.759878758017,1053.752186514382,6317.815122093586,6360.063955689338,2502.723697797167,1599.3952755175271,6010.718858209897,6263.729215136428,5497.6075036635975,6395.367703660563,889.6325879363112,5703.247154788154,4635.766100629664,836.7047841235359,5964.000646780364,6219.470372135256,6154.516982084742,6362.552771407073,6390.98079920813,7271.154988803863,2793.8336376165325,5887.1342488151595,5708.613854214755,5741.083579900287,6217.155310281842,717.6101782766168,5983.070732297656,5952.44091669712,6189.445218098402,7395.358503358195,6208.594892813013,6800.3826973309315,2396.165325040209,5467.545031273514,6200.513326480157,1727.39234241526,7204.583179543079,4686.376253511151,6044.8760731864595,1734.8891156482214,5718.718969581996,4519.378871979287,2628.454496823709,972.3070768304793,6015.685202721931,5896.717820839968,6194.555859105091,5833.734778804411,5488.630631157256,4446.545559581615,6489.3707941703005,5993.823354060051,6369.432709467656,6252.1305114381075,6627.663969617674,6616.405782235716,3624.581319479429,3639.172187136845,2289.5893225784257,4551.915385488338,4792.818597745686,6241.148286212821,54.9037262778935,4519.904808168619,6381.91388458976,3238.541614112929,4729.8715984894,2879.661513277829,2594.205094042405,6131.300887983164,5768.051463842851,6257.01132972074,6122.373020640672,6099.273856655348,5530.859600804661,6022.252535611574,2657.100847414036,5376.954814289261,5598.931415134842,5855.155975747068,4804.649398580722,3708.9871727648015,6273.128786490456,1382.949384758681,5665.597691485266,5214.671849343836,5642.172023478554,6191.678951159284,5660.656332420297,6122.936990202926,4668.073726545808,5865.598313180029,1373.2825228579538,6088.812346768055,5373.299984772121,405.9376273690461,6459.537351423945,6002.991083074667,1193.0742007008434,1211.023257358299,940.0151135402698,1292.4441007583455,2939.604751798971,6324.600822240024,5555.655068364844,5398.918004028877,3548.338510270101,5595.7475891556005,7912.260359532791,5983.698334504024,6457.192045771334,5732.787745453748,3044.17866608546,5933.956756423338,3148.28934657987,4507.157275779842,4553.6700548555955,6860.403655541141,1571.3621626772995,4545.53468964381,4758.757760403032,6127.74469400365,5855.910158351229,GA
13011,116.90344764354346,930.7475595053739,1969.575743112384,3196.8149402131353,1263.026940960854,2869.344937404589,3526.117265557445,3491.842597980737,2625.1152694692296,251.7666829309982,690.5088592440886,1434.5678780006415,1404.4710173986566,1214.8612488169965,1082.405900170533,874.1414960590855,1105.200510241388,1107.9527293589654,975.1433227017261,954.71598115114,810.5982424747542,2597.1232109193365,3113.347416498804,763.1272371064531,1000.0993294688212,906.3196250551973,714.9388608352893,3517.11097129682,1247.0244878103294,349.59812922477937,742.1674311410925,784.3101800124426,1408.743261955272,7304.3431866754345,1226.8834119707847,3455.6819459134963,799.5160257603409,3477.164945785076,460.79442406277155,1138.4926909890746,3413.192256147453,3153.492858060842,1508.8635292768201,646.0750944060262,797.8607779346379,740.9434760336427,884.9440693174114,532.5614041087739,629.987356005304,2475.648586558564,1028.828525305013,7192.185641318593,1265.4984227256418,912.7231541751573,461.38528682697563,3187.0831010559164,2109.440183200441,5473.6492228733205,1040.4291617060053,1332.985845380117,3121.382033788541,597.0953778755488,358.6055654661173,1290.6097325159008,657.3719521284252,3251.964164271272,1335.3840685435669,2986.1460972805385,3176.205156935587,469.9495912432665,3180.327178249759,717.3477922342367,2556.676474234302,7220.52176086331,964.455521155056,2145.6480546949265,7396.580303962509,1142.458106594059,312.61876395972433,1256.3798788238146,655.8712945185309,1195.2168758792943,326.7531149375412,427.75559494966836,1097.3745280189196,131.77243719858177,1164.9985385470732,720.6011234201873,168.24944538095838,1535.0496677695505,800.1290233950978,1099.8814430872383,552.9428670117591,3026.639918579735,377.11435564925483,1414.3475605978226,1951.9693440739593,620.4624016781534,1304.6074461361031,1161.826818497708,838.9645700424322,1138.551812905825,1003.3548250267227,3267.8407880713066,515.5058665224562,2654.9835821653023,778.7413304002686,1431.4570713937735,421.66128638612054,1759.192328652747,880.976851248927,7130.741844229829,1102.390485091162,301.941122736671,223.68358679908818,148.61463952260985,3549.9226214344862,5392.5538239728885,974.6570531853616,1534.1410252263238,947.650180592395,493.6799758526162,173.4158302834898,1688.3102537050054,3513.2324626605105,651.6794729297852,513.9387832589351,751.8170391452247,4580.45946278201,2466.8966538610653,1102.1112101153938,3387.3770575357635,1788.093073088185,2908.953609787411,2556.169878350136,1010.98187951637,3316.5594672169195,3263.197953050604,833.8094356437981,447.01466219839546,2554.506249524189,997.1825586041333,751.7753896829538,1663.2392541754978,619.5871833318765,854.2908631324472,3571.23309622762,958.0205233905573,999.6588586041072,617.9992488262516,1182.5787692270167,1679.5542604624873,1519.2373447715233,888.9837937490275,458.3765605448633,1194.341813598224,1707.4731504355825,1992.7399595691086,178.8356667352943,1629.4522167323826,981.3343508311083,602.7943916697782,2394.2819620957557,2143.7483944533546,1999.196204998473,682.5256827644374,1033.3055301629522,1168.892602633167,3373.254928718243,428.2285451321565,2284.5686267446813,745.8526589679794,531.1039716669302,546.7120648207995,4338.320586720507,921.210527575917,3520.643783139243,478.85264623308973,2620.9448394995384,255.95952007962487,703.5155091262428,2204.7125227799324,1143.778849622299,3458.401607203009,1314.282166148516,831.951116116736,2736.9981292525017,2154.234505337556,352.67087726197434,941.7437359985375,2656.41605386954,12646.98311874786,6112.976489874944,733.5922116342255,609.4321827313623,894.5352301635983,541.3533327788276,750.9139858741428,2133.7150386104313,1371.3601176175935,1041.603439178276,1568.6163568691495,2224.001006852173,1388.2541672581256,4596.627214704013,1022.1088786779536,2715.349340363079,1405.6046462745032,1273.2075157460815,804.9376593543338,1430.1246583064558,1050.1872368777656,922.7385246781746,2058.384488847832,909.4937101550237,2745.8406406768413,1890.3448158751846,595.3656800849773,999.1867821771312,760.6880809353331,1633.1846364524883,818.1416248913118,3227.8338493948772,2194.9215360485573,454.44640645260523,1092.3543738435146,3389.431810167597,1251.7801894506433,907.1950335416902,5540.613173360456,2831.880892514217,2473.9104189442332,997.4010788437704,2200.4071316201453,1697.2961456165365,509.17308073835295,1516.386499652117,2568.866458039017,7238.742043990445,5623.152219519863,6063.570378733059,5505.697470530146,6227.370926424718,1276.1743191538026,820.1361113076558,2267.1139373897213,1340.5193252661356,3376.812193607023,1287.2225375953353,3616.029577870268,2566.7842330247786,3124.697588000995,841.3019457112092,3369.624105421325,1494.0596916760187,5822.208368229382,1027.6112056293969,1942.750189487392,1315.4125617637462,3107.955187302781,4447.597638021448,1620.1995213421308,383.13281762496086,1373.1368925086465,574.8616215542287,3196.397465738453,4405.469112975613,243.9714910061929,1127.0978125164042,1366.7082907635768,2828.691450377232,2684.207379384269,5856.3751439764355,7210.695657648799,347.3259398743671,397.5723954371226,480.60520328869285,1433.5480136228036,1463.5766308057055,5555.520796066333,3464.444738059572,7245.565334509946,392.8446295699112,1039.6565375531168,319.8300865776956,2452.156119337864,1206.6002944584773,1378.7294771831891,973.0558077646367,1092.84113444295,5225.126326628159,1091.6663040620354,2140.804605547509,5957.325349116386,622.1306735428029,1817.8446415897934,4890.939312042341,537.0818888104577,1746.2423757895374,2536.44768735185,1252.3441921354,6562.18023869451,1767.2810698079516,1104.050528356071,10650.735627555045,2186.767506182553,1248.944285573475,2760.246939894257,1594.5458484499827,1063.4365634748888,1352.3080140889392,1249.5939525781355,785.2972255619335,1485.004647492923,1834.433560632592,1338.021743098397,1412.6783518118298,3181.5791705821116,1325.6354555619926,3362.8844152325873,2128.120718315575,2370.6599966514896,1195.7587974429794,958.9405422748545,1491.7449235001534,1352.943595574991,1533.2608367346697,1611.558607771115,563.3357525004436,1333.5010195662312,500.5146051434356,1889.7617748514606,2917.0798365006463,2605.7557056592195,1300.5161663526867,2360.900335572333,1286.3784470171934,3539.985423678211,1008.4204124621359,2088.3251533725265,1291.3098973534716,1940.6847280899308,6014.148541958122,1779.4974239895485,1645.7045350928408,632.2576469501879,2676.5553847425517,2534.8593875111387,1355.065182070298,922.2405973283203,1927.0864362546704,2467.537553124747,599.2102860438982,2310.122169451206,1684.375908896868,479.01604463197367,3459.9415205618347,5821.7501673142615,3628.6982590985053,5978.9212511923815,1653.0227285152482,1192.7063554956135,1887.5138315717597,2387.0457975607223,6166.863757374552,3526.9645488897695,623.3202331073375,4646.421667735363,1411.474607791175,2641.184918343084,1440.3316653767652,5272.352416505828,1993.1335469133578,5302.960375242391,2271.454831430436,800.2638712982138,2385.617332862177,773.1466960766331,633.8931950069468,6286.3233530678235,980.6781335646582,1296.4782509941867,2615.833674546889,4655.431994975792,1301.1830084699934,1365.226107726162,6296.214164177195,863.0896724647567,2282.3320980965964,1713.2068939080725,3332.1694302801457,2038.997139830146,2413.642628021404,5568.471743622454,4649.373966072568,1640.205595168702,4621.893535557511,6324.9051259172875,2963.882968779901,3230.3867959444397,6291.8733057004165,2288.8554696637025,379.0825963791612,670.660436327204,668.6895618689344,512.6260942799394,6288.034146157542,1940.206875995361,6091.404757907549,904.0449528437007,1366.6095084847373,2013.9895984380926,859.6942296302719,697.4318627950161,1464.278296044337,901.1634956381176,1023.3520231548407,1613.6685239423284,1602.5538697588845,1885.827834832453,1938.3910445259594,5594.889367781811,6486.258458569486,1370.1335945749186,5968.88599872125,6134.405053022379,1852.5140409283795,6072.845592638436,1793.795276090807,6147.399565248023,6542.93876708347,6137.383918117988,5951.658161874271,484.1974357697121,6075.733881194876,880.2056514751434,6220.732914943029,437.52160833379344,1537.0796458565853,1388.8486196052472,6021.722860929019,780.5780927558237,5747.2179249671535,6111.510006642651,2454.3324245375525,803.7478274449959,7171.7810558656065,2427.6714285596563,6091.677789928689,930.8721967710943,6185.796598383929,6227.212712329642,2381.5158923249437,1525.8212691163994,5875.802617886501,6128.624521263125,5359.788206103236,6259.348717322385,869.5076951474588,5575.894625302574,4510.964992742327,761.1611333017192,5826.688516613911,6089.228958544634,6019.250357717284,6225.608320639109,6260.362577837253,7224.485403243952,2676.3185497745035,5752.256901647471,5581.253464199148,5602.406563468665,6083.538528013475,584.6031270673877,5842.433094332413,5815.103683632618,6059.007248959635,7274.131791224864,6078.37990883777,6673.828710170691,2277.0263591841667,5326.611547842695,6069.122654025888,1733.7769810081552,7160.0218995803125,4560.706315176737,5910.428959149423,1642.9867078866705,5581.284064042112,4396.813379535667,2547.156046227821,843.7291399549837,5887.887866769718,5764.070446803461,6054.501500249223,5697.327665055456,5349.626254745972,4324.9018735284935,6359.25791937868,5858.742360264781,6236.767966254706,6122.1303475405075,6506.6918134176185,6495.4627120796695,3519.8647056654054,3533.1515025159783,2221.28202088303,4429.936254270971,4666.65034516991,6111.151785389845,185.01090237353455,4397.77305958122,6260.205894327398,3190.611901033283,4603.822198386447,2827.5498712422573,2532.8480878607234,5998.8597847452,5643.035886879154,6129.269201322892,5989.627312803169,5966.8122582813085,5393.8164424310435,5894.589355317679,2601.3518585756883,5239.306833805647,5462.375650225788,5731.632661342915,4678.065214602373,3625.137110900896,6145.498979066286,1408.7464983885136,5527.75020555171,5078.901091761231,5506.257978188773,6064.174192780614,5525.382666783775,5998.881600291881,4541.225982446857,5741.0038238076095,1237.8142765428786,5961.840669233645,5241.482625661125,400.34083003838685,6338.012073736861,5876.366549040332,1218.691860364609,1229.29522278813,807.0909408594085,1198.3417731159536,2838.513564125562,6185.188343799406,5425.784314159374,5262.57333203409,3482.0682819407893,5465.529984561645,7786.222375757074,5852.682042223903,6320.816237120316,5598.932276311772,2999.2684651474547,5806.461262510398,3106.779148330657,4384.869943432072,4432.097138704849,6740.403536440818,1465.4338857798575,4422.3715845907955,4631.588782477679,6004.757031141979,5732.0074890307,GA
13013,77.01363405460906,960.3894142634897,1968.5639103849066,3184.0252241890034,1241.4617766026995,2859.4464939963677,3534.1195365737517,3485.2551509184477,2609.9235164520887,287.0676865705645,659.3450721265461,1458.2582057065852,1446.2657360049118,1182.8857955106325,1124.3118926085203,914.6074233336557,1146.7580318690316,1149.7501431745272,944.9194919186807,996.3817747667207,852.5495974240806,2596.055869812615,3098.396799261907,804.9377936357588,969.0992306126776,936.0630693166923,678.3665436497884,3522.37561521655,1225.18394350889,359.26996145882345,784.5848195818571,796.4969295631067,1379.6029110821742,7291.971138106563,1193.9782101720016,3448.664008269414,760.5457353801829,3470.711196595413,495.40113677698326,1143.9251504007134,3408.1385203381346,3140.165717335381,1478.8517785240606,676.7262405063498,840.7517126520818,785.4193521114569,850.0327640538054,568.7286871034031,671.669805719517,2464.517638668602,1059.9188891295075,7178.958679603548,1307.7977458506434,883.5279274584703,433.0253955840748,3174.677939058579,2096.401682390001,5494.715285287332,1084.9061525017237,1343.5814861778222,3108.5821628957037,585.595407811761,361.6918949444765,1278.214488278287,696.4388390494008,3248.0706881461083,1376.7286330628453,2989.2778953950206,3163.1646446049126,499.297412677713,3189.6817950050104,752.7770437142373,2538.7946871540257,7206.321481324154,1000.8201235557524,2125.482139524986,7385.205711361421,1133.7506477977554,284.9651277718263,1299.8865396786086,625.6692608491409,1210.2157546420738,312.5516218782536,443.1805666342916,1141.9672336950925,169.85420183615543,1209.4393225951835,683.4567438689329,203.72299839564644,1577.6263556491895,785.4225278729019,1127.9728193664312,509.6900721106542,3013.2283003217076,415.71879943861467,1456.8750900837945,1948.281822864468,658.7284258244737,1300.7688438528405,1203.1049860370767,803.5666987923337,1180.575961217659,995.951260655332,3259.660233214804,471.38938197263724,2663.5734623511603,741.7945060251021,1475.53456527809,456.9152790569802,1737.4751715349355,924.2551612340436,7116.152923922661,1122.3826755865705,290.27995615362653,239.1775690448256,192.74893728683884,3552.980013636652,5416.903955541749,1015.0727632219628,1549.7056801080137,945.9269458171136,449.0853960334793,179.2277088173756,1670.9028058589709,3513.7279914524406,621.0704437763857,535.5353497798242,795.3431425749573,4599.774126397355,2476.809102047389,1066.1004305073461,3390.833702682165,1810.2235075810952,2918.31441545398,2546.3320620015647,1052.8503517233423,3304.8204941559197,3270.07520852128,797.8071822345819,404.2614004524527,2559.254779633709,1039.9581555943316,787.7628025707531,1650.1972150403851,591.1330187014288,887.8400735930278,3581.088640476004,997.8075585470576,1021.3039086801178,660.2413176083912,1213.9252937409133,1643.1987850169105,1484.7312971095596,910.5699160025124,501.27779676648936,1226.6786721814005,1750.279101273011,2002.7094485170223,175.8914276896957,1592.627456474618,955.9142783447728,561.8837512865887,2381.58868582402,2140.4708965621508,2016.7559683023885,642.4922142454437,1076.8476354946642,1205.9590424488265,3362.8835822947276,456.51624595613856,2280.7064379704057,716.9692381532683,497.31391699036055,565.9937214677909,4354.783713399069,885.5481643517412,3515.4109649307593,523.2297680288365,2610.516249968633,300.4698593739052,740.1915751330079,2196.539739100743,1186.5053754674675,3450.2257835553078,1337.3752307217821,855.3053239131384,2748.4248903218563,2151.921826435981,312.5545601626897,979.9764417791204,2660.527834721426,12655.643032389717,6134.024478408538,746.4117890189939,651.089893652105,930.4603539425515,567.2039893644833,795.4981831214529,2153.311754361944,1379.3620681835514,1086.0115831662263,1596.8445286836445,2218.882711746752,1361.55117883436,4614.478964659033,1061.3752547909103,2707.013945282692,1445.5685856143198,1302.988412493056,844.5443959771242,1474.3413633829807,1094.581134005039,930.6249236678882,2046.6411551370443,878.2787998406936,2755.5166987646235,1913.6613026184368,622.5052772443896,1026.147829766595,784.8292127022722,1595.706590040461,791.2452725707745,3217.4710453067964,2194.4340445432817,497.49232095253717,1136.7344286995974,3383.1354387446763,1277.1598126199792,951.3137299549103,5561.129787550412,2835.3424709144206,2461.417439680889,985.3930157007843,2205.6349140892794,1664.2124617170416,550.7644222914008,1494.6577828404502,2566.728770591417,7225.9455945173795,5641.112237545479,6089.546190728283,5534.413289629092,6251.625971566746,1246.8736427277468,839.0381496347864,2284.5535272145034,1382.683933045331,3383.8560637238147,1289.553436719195,3614.470465853077,2554.689506075862,3132.815309242389,880.3347578084114,3377.971869029061,1500.5893815398726,5851.491052706104,993.464272035679,1925.210755936145,1289.823424298065,3115.5153171972247,4465.482799334552,1596.1017554191665,338.59366846284405,1413.6064502201255,605.8015782318887,3203.1953719837993,4423.089464918935,199.82762729601117,1102.5888326521826,1351.3558321415194,2830.289805412869,2687.038631526245,5875.335720307614,7197.605225294679,367.89179362824063,359.34579714162965,455.2405777181073,1446.6077542943146,1505.9334721217942,5575.19652011635,3462.1580153248456,7232.451241892842,369.5562328652956,1036.208749501155,276.8427973180674,2459.388197708545,1248.3100213467849,1361.4221141482706,952.1035528561113,1116.372837002196,5245.677084771042,1135.8015806709593,2135.9083430753667,5976.7065756716565,666.7229031227505,1831.064994443988,4910.889694490212,504.00954381072785,1771.6220631851768,2525.630877669593,1290.8112053790485,6578.055966485512,1784.794085766908,1070.4482285058277,10622.263182451281,2195.603195042045,1239.5989816969955,2768.5924653714733,1589.8504431869267,1038.5082235838363,1383.416862954379,1294.1488646191642,828.8499287728376,1518.9002452882157,1814.9751938995835,1382.5842209922034,1453.3058322834142,3174.6422664782826,1364.6227362932018,3351.9772990072925,2143.847531744062,2371.972244500891,1216.0343367059688,1003.0323372027364,1490.7560392704681,1379.5643346281533,1556.8050989538906,1636.390332363417,570.9332009403272,1367.0132879547025,519.9844534763223,1909.7486499682534,2915.541710909425,2605.472410891389,1335.6011786971792,2365.495629743139,1327.5068693396408,3545.4810705925092,1043.4494204700486,2090.370778029885,1332.0684763711613,1945.2267637216448,6037.694036286691,1808.1094217488446,1673.690663457954,596.2244212328236,2669.446752493593,2524.5373781080416,1355.1808447979247,937.2529180291764,1922.135126902724,2456.2926834521595,642.2175398542834,2318.9244961339145,1689.114074527691,523.1747695478583,3453.8685839006516,5845.8971743090515,3630.662783099837,6000.513657469319,1671.0052127274066,1232.7834809846934,1931.0720271204386,2382.210674929621,6189.051385472066,3535.0831163726702,634.6293936157688,4665.673501704981,1454.8714787470624,2628.310903942717,1481.4008819410965,5293.472871342448,2014.820017414776,5328.946243659805,2287.664349011693,771.4760146493766,2384.368828171139,794.628211716072,639.9102398918051,6302.7858919062755,998.8028403060913,1316.4260647223268,2622.4657024160583,4675.5408038198575,1318.0901761977416,1406.2458912843579,6318.144324461211,865.8950184025972,2274.460422839653,1755.5967499080894,3324.868117285728,2031.641740698071,2400.611624472166,5587.966547325133,4669.726508746076,1682.5938261561594,4640.839840498965,6346.864551127957,2948.63800672672,3236.4409930257725,6312.964028224801,2271.026234769957,367.4093095718355,664.362394237296,713.2772795918489,507.56494171135836,6310.20330121338,1947.4000889471392,6114.710696772181,946.8980884778006,1410.2067767950232,2016.0913949211927,904.2883402801417,674.7882467627031,1495.2331024592436,894.603696426647,1035.7749674269,1656.5150815966122,1595.0546822943595,1891.345932110706,1918.516136673349,5619.418037286329,6510.235313846425,1414.4515505756792,5994.883290819405,6154.999077748122,1877.1438276302772,6099.3512213499125,1778.7203845934555,6163.717184808285,6567.081801497922,6164.068708110583,5977.352379427438,466.4841240747884,6099.918754963337,864.0337068317575,6247.953030547928,482.0854437178309,1542.1800964934635,1433.3737800710053,6043.315153578697,825.0576629303149,5767.061583228836,6135.674240258338,2469.658540112433,848.0342592425658,7157.625754096488,2413.577371645631,6112.711074258655,975.4655452027596,6208.035396679385,6249.988143431822,2397.358408594952,1520.9453652400846,5899.960193295021,6152.916163860504,5386.070895920465,6284.290281073043,846.7572077683176,5595.304057996593,4528.904484106551,800.7864810520147,5852.584061623918,6110.359197997586,6043.654152646078,6251.229473699509,6281.726601594964,7211.685292190387,2690.297309376921,5776.385994943883,5600.667551893222,5629.3746632199545,6106.815871705236,628.733647166796,5871.099513967339,5841.018260837527,6080.2570974867795,7290.241652362964,6099.493835446487,6692.807384145612,2291.7727085063602,5355.554537764661,6090.9630003403345,1705.4109925512894,7146.565828752664,4579.130499416839,5934.263947332169,1645.2054983785229,5607.271367976046,4413.53601310517,2545.5892136037623,888.1562865460112,5907.561521380186,5786.706532481084,6082.640271618569,5722.546040312007,5376.862171542253,4341.133021582642,6380.3146915283605,5883.014385442188,6259.422439494345,6143.114451010943,6522.650126444682,6511.405650791381,3527.946224223597,3541.8110874740296,2214.9083340828506,4446.349215776059,4685.358411799375,6132.1334650717245,144.58052468295926,4414.2652785142955,6276.54073599628,3177.775178946333,4622.461032762798,2815.952979552447,2524.2008936559605,6021.366291639638,5661.130852108123,6148.916148281697,6012.330673626258,5989.331474433316,5419.504486828734,5914.185487430319,2590.8676758129204,5265.455338940971,5487.700996079593,5748.9166052958,4697.009299937496,3624.7396593041785,6165.081332832508,1375.7696011330045,5554.056224548072,5103.651207576439,5531.11618990113,6083.682647392452,5549.785626792424,6016.460695886385,4560.315620741883,5758.869948944652,1262.1781265215172,5981.041135050795,5263.577146930992,371.11537308955286,6354.253503732387,5895.3675123689645,1185.55783267054,1197.7514673688718,851.1385614860553,1201.1383483994605,2844.928205553949,6212.7708941872925,5446.676024294047,5287.741361765572,3475.308673410721,5486.633490974251,7804.9321754272,5874.285000384632,6346.017487261183,5622.362391904402,2985.447557776416,5825.958561935535,3091.940448356107,4401.444065821938,4448.29617572963,6755.867995058826,1509.3784349210853,4439.415308759834,4650.865638541419,6021.761457523551,5749.4964042606425,GA
13015,77.11518267713448,900.6936775082669,1863.0685061372476,3077.2497388235247,1139.4058037946745,2752.2099777341477,3434.514149324405,3378.098182549377,2503.9090320455302,371.48618614196914,727.8245059718512,1382.6176751835528,1504.2229448461746,1095.8179205962033,1182.2856757813408,895.7884999333157,1206.5788787633005,1208.2686549114107,1013.7215543108244,1056.0344858163162,911.1677156901593,2490.4552741452662,2992.301124382815,864.5433587247068,1035.8280812964715,876.8024310431372,730.3579133854581,3420.4659625869813,1123.3760813388403,267.99526529506335,840.7800741484256,703.8246938825067,1287.0662375578504,7185.132332518758,1108.9471422478994,3341.462125652625,695.2708086082382,3363.570588629557,579.9009908292397,1043.0358407778133,3301.2290162827508,3033.5311737766942,1387.7928465283276,622.51023387788,838.9154591680408,805.1272138770345,906.179257294772,534.8319617431339,662.8389455376692,2562.253960224192,1003.7035005935097,7072.335741595812,1363.0117134072113,955.1063563828716,510.9310526397688,3067.8118866545738,1989.6595755314615,5411.887836814788,1102.6524047532941,1247.6047935913568,3001.807788515489,478.39724880143814,468.8280362298069,1171.2718179933831,768.1935882032518,3141.4399805200824,1437.2053730612815,2885.9178382553023,3056.452688115401,444.70542511327966,3091.4349394644737,834.6756644936247,2434.101860357761,7099.999748859397,962.5470828607488,2022.3102956821347,7278.17029383653,1026.4810933575611,192.02242949346584,1345.9210084915644,696.843166184859,1120.1244668166528,411.91807550685945,548.5329664851313,1165.8016663012115,250.63225038061145,1242.4272301404046,733.26304150105,190.542464498472,1630.5595151103037,679.0383180138771,1063.3497421285485,473.410427766006,2906.615022455093,490.7546913131002,1510.3322909328253,1841.7875438293167,631.895429258782,1194.3313650140155,1264.2357899597243,858.4580005250557,1237.7325589780833,888.7921193878389,3152.388987388986,446.8773233635522,2564.6982937677217,791.7334214945198,1514.5985293900876,422.5799568353687,1635.571670363067,973.576940847063,7009.9673704046,1040.5486829725658,183.0021936780299,344.0636604508466,247.98442165175817,3449.5099169425093,5340.249272032083,1080.6215965998513,1459.8562251187561,840.4755765655603,441.0035733111225,94.43317668908419,1565.8960681938165,3408.786584659896,532.0026027046641,637.2810490958909,799.9708474187102,4514.161964519145,2379.3235849839484,1117.238743345687,3287.641845736596,1730.914566874833,2820.134117331533,2645.3005791377504,1111.2285968344827,3197.8213102909667,3169.510612451579,721.7154391311516,429.89530058211375,2457.104417307257,1092.699683901117,749.8394742131953,1543.433144884324,666.610925412581,840.3474888561067,3483.2760722781372,974.742118085441,942.921302298028,718.2631128716147,1157.7387567755993,1566.8407809743396,1403.3408884317996,832.6063537397721,556.6805493802449,1173.393593213569,1801.3546803127608,1905.489668989717,282.6132027501505,1517.759504675752,858.0313847828304,507.660889023514,2477.711341445001,2034.0842600669641,1929.387667250496,582.8266107003531,1123.1937715420106,1169.3485863838714,3255.6915637504626,551.4722316856373,2174.132539896951,790.3470342248563,560.9028013123337,486.655400812344,4264.886818843068,808.1710708472092,3408.463664935446,543.9446269654117,2708.903486164756,332.1100161515186,818.9924546928513,2089.2738681428204,1239.1634724637904,3342.954163442373,1260.8064500867627,781.2596578554201,2652.498159698337,2045.8669483857568,259.73676966737946,949.6031647268761,2557.890268993796,12556.096528118456,6051.072522884469,654.8502668640248,642.4124215824406,891.004360477032,664.983589234873,824.635738282296,2069.1166423967306,1280.583319775179,1120.2839857447248,1531.1517313243871,2112.001053721754,1265.2896688053488,4526.5736632793905,1035.2935694881344,2599.740443962537,1512.2427114519094,1242.0927805112365,821.7921692453709,1511.2478103422116,1109.9929964635508,832.4257993762085,1939.6160652732688,789.9470645282436,2657.699156098453,1836.5244030532226,718.7761297322428,959.2228816359367,712.9994648297746,1522.9697972031022,695.4631517469969,3110.2769306777277,2089.143863102706,502.2597519681055,1171.4587518857422,3276.016393896123,1205.5892596113365,962.2451624774127,5477.346771242465,2732.2235691753303,2557.728979651063,878.343513916628,2103.9418762290907,1579.2799809641326,613.1547056123952,1392.7579066824624,2460.699269044101,7119.2083654594035,5553.21458260471,6016.169704150921,5467.468752585215,6174.641091261724,1154.6604025158251,756.4972094478815,2196.8013645320507,1438.587735185457,3283.4176445799762,1186.1601302711247,3508.5987814430987,2447.745032154163,3033.3849146008506,951.5787626602137,3278.7126518864216,1400.3218552290152,5785.896710914192,911.6874096865404,1820.2945127425344,1192.0931797311368,3015.577734652372,4377.655590664072,1496.5752580330134,329.6653593712831,1478.174839044578,696.7544968494033,3102.573532663299,4334.870704795204,191.9926174515411,1003.5628110915812,1245.3293040917904,2726.006041499244,2583.525888985252,5788.956321216179,7090.9448390012085,470.26541886650637,411.60499920341255,357.6249072792354,1353.48639914098,1560.4300037920805,5490.009116040778,3356.0206776636296,7125.797469608134,457.5109938502146,929.99048844448,306.76905132880137,2359.306855024823,1307.091940314124,1256.3315295285408,849.4928097672771,1041.3850747803315,5162.002113942361,1174.944803146088,2029.0803762752848,5890.985988965417,696.0597419517859,1737.7537378058078,4826.26203361109,421.09415564885916,1698.9791990164385,2623.661930916117,1259.8433964797043,6487.053151968767,1697.5757042003156,987.1967486016694,10528.270941644258,2097.125294543473,1132.322086878371,2669.455726870497,1483.1188908377524,939.9930275767946,1325.9484901708452,1322.8051161585495,876.2069250815479,1469.6003413376154,1711.2711002098224,1410.5597800562298,1517.1148183247326,3067.450995477127,1335.7891648250584,3244.847631095619,2053.669783889692,2267.5894534220542,1134.4284266496318,1043.3373829089483,1385.3819012552262,1310.5221810120108,1480.6673557828242,1562.7887495735654,473.9203439004104,1316.9133614933332,441.74534046708015,1826.4459069709585,2809.718337954385,2500.226653123753,1290.9460564306398,2263.2737960011027,1389.1467466402694,3443.747113684902,999.9437248439257,1986.4766613505549,1395.456691536943,1843.088373965084,5959.342936644795,1742.9825246642401,1607.2466799781396,521.176887443979,2562.2454258227967,2623.052238453581,1250.41377774074,847.9562395367093,1815.309385175182,2553.9165472913987,695.3984273542649,2220.3657947213787,1587.2339972609077,566.4523503620921,3346.779854859133,5768.760174668785,3526.514137246121,5918.537156212733,1584.658887015252,1209.9475781100273,1975.543255092312,2275.3828017098185,6108.121352824058,3435.584833169504,541.7281470499363,4579.947256298269,1501.5939745689122,2521.5443089936207,1543.096603028554,5210.7730860624015,1934.442560165552,5255.73109960425,2198.084171834823,844.6675818514328,2278.7124027894265,717.1918905412359,540.7936745676838,6212.624652856246,914.1706171592227,1233.983168022816,2521.816541493265,4591.221577968345,1230.6169572736896,1468.2888411698273,6236.72918866165,763.2982310644031,2167.2076780455122,1809.5413008459416,3217.6430691053984,1924.429742765127,2496.353233711499,5502.4824575256835,4585.819081232292,1736.6383111649661,4554.628851502233,6265.498404858401,2842.6547892065255,3135.1932233340945,6230.062679414212,2166.29286224863,260.1540681709336,557.500933037285,742.7733488886138,401.249747885914,6229.222836091432,1847.4687548832972,6035.885531831217,999.4263416294493,1455.1020610003159,1912.2500557892026,931.143340257026,573.7496980560609,1437.0106110832805,787.5927558440178,942.5885250659244,1707.4146800239184,1487.8427925407998,1789.9962561668995,1815.118316503136,5543.08789768216,6432.65949335442,1449.6473078738334,5921.569287923951,6071.264136701439,1802.7416896062562,6027.133898389577,1672.6207823156672,6073.366998939624,6489.827505645253,6092.239365163508,5903.388979587265,361.3425182306448,6022.81675470888,758.276416968207,6177.3210784047005,516.7101656469139,1440.6686970647052,1463.0006320015525,5961.3323929089465,858.831978973105,5682.122707355142,6058.525526598967,2378.731045360485,886.0501270790762,7051.288516728374,2307.156667030313,6029.736471339094,1000.2548573372193,6127.1962598905175,6170.137006325124,2307.190332522059,1414.1777636191903,5822.835442011297,6076.0196470359115,5313.492836148067,6208.696169742437,745.8222438488866,5509.680628294071,4441.147935928795,870.1382695226558,5779.074634937695,6027.553510991049,5967.00027807973,6177.065321039304,6199.3073794859665,7104.9489159218165,2597.475625979129,5699.224800582055,5515.050886765987,5558.279665079755,6027.937022285939,643.0668069621696,5803.965667796087,5767.551965264617,5997.66453266476,7199.497118459134,6016.661206833393,6606.359894836302,2200.148723098063,5289.211521056075,6009.417307882609,1611.5375264005013,7040.008290202903,4492.109929343376,5856.4946067470055,1541.555205977465,5534.005027373712,4323.9997452356765,2439.7840736076,905.6397579349124,5822.3246251546025,5706.663811756916,6014.188089318021,5647.619956449163,5306.429507099248,4250.910360053264,6297.345710137377,5806.121376310009,6179.343888476211,6060.050519867464,6431.765781243969,6420.501269278412,3428.414777410028,3442.8207561665226,2107.8039457915206,4356.364584635203,4598.762241571259,6049.066810224786,204.43429726816981,4324.398999394539,6186.202920140121,3071.011261004761,4535.7676427655215,2708.9209547816463,2416.9232256482323,5941.046970039921,5573.435456093004,6063.60447608769,5932.379124982443,5909.040453498817,5345.62923792589,5828.8212627023595,2483.6789902194496,5192.607634127914,5413.042504062348,5659.9979940683,4610.784361935437,3519.361446789909,6079.662472613118,1290.7576816458238,5481.496374735639,5027.872113288326,5455.476278910067,5998.154057134841,5473.213290101725,5927.945671592745,4474.34883070495,5670.8154164203415,1188.445626915337,5895.0297571315405,5182.622172533573,280.41492558333067,6263.777340982041,5809.049492361365,1101.0622690616135,1109.7724380927928,861.7263825115238,1098.1308668778204,2744.0461530125767,6142.982361797126,5363.553643275993,5212.791461606707,3368.1324599161358,5403.872598275077,7717.953636728569,5792.345516593381,6270.953132302005,5543.854622842875,2878.9558835507123,5740.445509491112,2985.8019426983656,4311.696957846472,4358.009281918815,6664.291970381985,1550.1647332182465,4350.3399024820565,4565.182572854054,5932.403737484999,5660.879739337695,GA
13017,242.49702974091,1213.6289354122275,2133.6913812982025,3287.1573670376238,1310.6359078798034,2978.9484698038154,3730.1159598617887,3619.303001898488,2702.199392167424,436.6532646280803,408.4604191674137,1702.1524661070086,1595.3965713986115,1179.5433125958814,1278.9281365608206,1164.539492491396,1296.8312509229988,1302.6455302273473,694.5301910455498,1150.3967466647741,1013.1189084024584,2758.0887485684643,3189.9218968616774,965.1439097089087,717.2645166786384,1189.4269782050344,422.84493873781196,3708.0777179425904,1293.0170938009453,586.1652292478552,952.5170411047619,1017.8048999438466,1394.2337189174618,7390.434017308337,1182.4910910138587,3580.706134957543,705.8934633243133,3605.444544315975,611.2746405661029,1340.3908643763189,3549.727517264794,3240.5297036664165,1484.9807047718741,931.1595517002445,1081.2425222097902,1007.4560634725364,594.2874475273179,824.1867713698178,918.3307547873276,2267.654340491524,1314.3112584217909,7272.804144679517,1464.9402114891461,635.5091489787476,196.25457432040557,3279.9135266834587,2203.542160807332,5730.02936509837,1304.594549265998,1555.0378604082807,3211.9200883611547,732.3919057137468,319.03890569971753,1397.832497103016,833.3778633343946,3395.4873271027886,1521.1517868202357,3167.6301793213765,3265.0090375390673,753.1684731640994,3391.0532588005,857.0467173656648,2615.97590451064,7294.673022080667,1256.2560882380512,2191.654733124949,7489.01397793129,1273.8673716501235,393.67640037578605,1475.2312895898815,377.24198524111466,1435.1367776606603,188.51620512637402,449.70596328514165,1353.6344839303135,361.25114668916063,1407.6265234228988,428.41748090663015,459.14234585522826,1735.9669972840622,906.8753119240164,1379.3013871231426,409.5465529501315,3113.5926484360125,567.8958562847145,1615.5705071919074,2101.9683869700725,912.6269572398442,1459.7857155181546,1349.0548737941594,547.7419360549843,1335.8110914159724,1144.9021386027175,3386.4827133678245,350.724324035025,2863.265144273717,486.5650411344578,1661.006046010696,712.6265626677606,1797.7427076697961,1100.833047761878,7202.3890733540775,1359.7763438449574,466.5079811135855,309.21173403204665,414.5131891088942,3729.8643730790004,5659.838298242575,1154.983027229848,1774.5306541068182,1119.4831693239516,295.42697209114624,413.0601389110532,1757.8504781908014,3680.0159650855376,656.1365228113427,564.0720327112617,1031.421636023971,4830.871517948248,2681.514843359717,810.3641641889294,3569.6309892140166,2050.3808974352028,3120.180675232081,2354.3740161660185,1208.2070900674394,3413.1928115257892,3462.3414790440343,773.2202482086162,188.3518701874339,2745.087470625801,1207.233533160008,1043.3350115185642,1761.3117779038434,348.08908502423486,1143.5370211996178,3783.6505742089644,1249.236630945228,1262.5289018996107,829.998191337872,1468.4263964960287,1591.4030219690958,1452.9418014323635,1152.2050208401015,685.4736639078742,1481.814388011124,1910.7246803167216,2208.9847752278006,212.3723041538184,1536.8153287382631,1008.5630102594014,498.37007497358286,2178.9212361575105,2294.839444715642,2245.616434696205,583.1604249995378,1255.34185639455,1460.9859596507015,3478.2616801733275,536.2218966657705,2431.7383775838475,470.8952724585472,242.89759943724155,806.2306206495049,4577.992033287954,859.7129417796332,3655.889119522209,751.2087532184693,2415.996276338981,530.8265252284385,854.9647654503847,2327.818052269917,1350.971004534743,3576.538389736185,1580.3905076804338,1100.3715914742295,2957.615231835044,2310.469650377804,312.35057478123315,1233.888015150726,2843.609091834636,12848.567191791435,6369.1195073926965,970.0755135793976,897.8941684591487,1186.0712055066087,618.4147032642568,1006.2606870191445,2387.116141442871,1582.2880341330883,1284.0629323443918,1847.879593681752,2364.509117601737,1394.3466565777012,4841.549653875082,1313.769206082761,2834.98230631986,1573.8060232356925,1556.056522390729,1096.4028781325508,1663.4002460439385,1316.7726108107795,1137.7713137771473,2160.951825404838,891.9189025622837,2958.794699270385,2156.130922161344,676.7753112183913,1276.1815569432308,1031.4967557489435,1533.0811877728452,841.3248623063408,3333.3358138306653,2360.586117404691,738.8981952236958,1333.3289348145695,3518.855850094789,1524.3569631293988,1179.7827771689208,5795.026803249201,3015.3943502796337,2259.2752851553987,1113.2933491937372,2394.452716035108,1642.3469002669901,718.3334837800011,1558.1374784855745,2724.206783511012,7322.133892524916,5868.0432297582765,6335.6317234527405,5785.178939740255,6494.2053675546285,1263.1401643447493,1075.771531317858,2512.594630443114,1537.216289130293,3576.5500642411653,1473.3301715585178,3771.6036137286983,2664.1070003768673,3329.876156438906,1010.1643858739134,3575.457900211189,1697.6657280626682,6103.031492440022,977.3018598966206,2008.7514230463003,1331.8303117402631,3310.58064699966,4692.72505351265,1642.80480557284,223.136450130372,1547.6583361585508,686.7007664099507,3395.2853063963735,4649.606451718188,189.4732652209909,1156.4838709342953,1454.257213083838,3002.82072485703,2864.986667432474,6104.9873921526705,7292.191701599982,419.3406641117932,107.38334588492171,544.1268590619817,1664.8380889081814,1661.8234451809692,5806.884799868729,3616.367202303314,7326.8715184928415,168.12214117425694,1201.086492069275,101.7374455360168,2654.7522125313776,1398.7225459771548,1453.3574411656734,1033.0292754469906,1360.7828104602374,5479.761318585016,1325.502900990214,2283.0120226610024,6207.475241373977,880.7061736865654,2048.184298528477,5143.538626433032,532.3204300329643,2018.131127496944,2329.820483018785,1544.40295598039,6798.454844024283,2014.0651701171068,1056.4742104699499,10615.015181257137,2397.410079507182,1374.8067479169547,2967.1845665686906,1741.887409143389,1091.5667327011342,1637.661323777237,1497.6087740621022,1011.6054146393992,1774.6184995536191,1888.2773190002233,1586.1090557538853,1588.6348825329515,3307.8421924808235,1617.4303963382995,3464.594531792835,2367.42931387338,2544.8325765747704,1453.6582759933624,1193.2372230301519,1659.5253885947732,1628.5465495324845,1800.2449810073276,1882.0944780052396,784.7034149885452,1622.6369846469868,761.1906450351249,2144.9034173278696,3074.4869656544233,2770.829049124786,1591.4152796374842,2551.3543774967184,1470.0126184154776,3732.0393660700292,1299.2617792653966,2267.3854951249273,1470.3321680353022,2132.5781431883674,6278.761264179567,2059.5098882352604,1924.3446245376306,586.9128005680581,2803.572416283415,2330.700186130849,1529.752730927153,1164.2110893702338,2070.326635526128,2259.006556954426,821.9386058384563,2520.2438049877483,1878.5751595058966,724.9267066951123,3590.4835921682643,6088.316687010555,3802.916430299886,6237.002083849492,1901.7801568669909,1483.472073813314,2103.044503598046,2528.323392053765,6426.943755572184,3731.502502304974,856.4655936743777,4896.573446504169,1626.9316304078322,2733.2176199316586,1621.435387659578,5528.983269351836,2253.7093059004737,5575.161891638177,2512.319568276831,525.1475862768425,2546.4395770960896,1036.7395899235107,847.2359576513112,6525.0761959948795,1232.719961861199,1552.968738512503,2815.2003677789953,4908.694742025102,1547.388459272675,1546.5437975833456,6555.385873423951,1057.6290144949824,2406.7582206904763,1909.9839617918049,3455.853545500486,2167.8992072442443,2196.60278870499,5819.16621509211,4903.510554261976,1837.4765531626801,4870.92719564985,6584.1709280478635,3039.085166539736,3425.673220779312,6548.122801186462,2350.155678638377,532.6990979399231,828.5855167373767,925.7018559491827,684.6696045788843,6548.024788909188,2144.391057617171,6355.225179883149,1116.8676046010248,1586.187739510998,2193.687711330595,1115.6707642496294,759.0824099245662,1749.3055212693546,1049.7763741242911,1254.9971416300345,1818.2115444818078,1734.2534955437095,2082.570268759836,1988.2644149197629,5862.688121633277,6752.169575404734,1606.866183699446,6241.022404367375,6388.92776984665,2122.1939823845732,6346.422211477749,1877.5660091402442,6385.621478114436,6809.368023586573,6411.456350611777,6222.9128554385425,594.7919758490201,6342.373715246377,974.8389178348713,6496.27242644258,697.2241729515898,1733.9168466498145,1634.0541841075315,6279.792835016058,1028.957650265999,5999.135665497041,6378.07858211843,2691.460935508823,1045.2644782389914,7246.2813814684005,2512.986952856433,6347.774287548827,1188.2271265232032,6446.046238729744,6489.257744842369,2620.7766111151823,1672.8703385872245,6142.392402234155,6395.590570163209,5632.8299192685035,6528.303799521507,921.0068793693092,5826.271459107488,4756.266202356671,938.7226105955988,6098.549575899056,6345.667996440554,6286.585744963061,6496.609170852241,6517.5802382507045,7307.867446150926,2907.701241692901,6018.780097156639,5831.6457095273145,5877.328437306035,6347.267210484474,859.4990002145627,6121.763971313138,6087.02169641051,6315.8741637415715,7511.117499509618,6334.76423833189,6922.262621174499,2512.213643792658,5606.662181813976,6328.0375993590405,1720.6847340035604,7239.165308262486,4807.817730987415,6175.990467267583,1825.459419673302,5853.446796323368,4637.4709749226595,2705.643857772885,1110.7791397556903,6139.139245205081,6025.7510135283555,6332.484574647076,5967.208592196463,5625.308125626671,4563.663305920015,6615.371117617536,6125.694446781858,6498.407357139298,6378.045221652578,6743.32355803255,6732.035951924848,3724.240910699803,3740.180281424483,2354.706098225873,4669.353429332803,4914.7761279828555,6367.060879813404,115.9207940759388,4637.522946005921,6498.4545489370485,3280.674262855148,4851.71837137702,2926.8206747548365,2651.423448098975,6260.054115339312,5888.437997960072,6380.350544249001,6251.482088330382,6228.0563205252965,5665.138544219162,6145.553287719824,2708.5060014809783,5511.984974494264,5732.615547803833,5973.855679517653,4927.065164366895,3786.959436156208,6396.337220092012,1359.5411409026194,5800.833594835279,5347.479989293961,5775.0836108332405,6314.76314897972,5792.805187747039,6242.159162375639,4790.827428563511,5985.488882217584,1507.689507138702,6211.316659730504,5501.474952551664,449.86614724247363,6575.85478352032,6125.123756931665,1172.3160851853995,1197.5751108970724,1081.2453420427412,1387.6318995610613,3036.3179760341072,6461.705807589798,5681.564928500817,5532.378772661028,3608.5439491025777,5722.04386708511,8033.3439305065385,6110.830817266943,6590.5499381594445,5863.2569214682435,3083.676695827098,6057.087882328431,3184.117510583667,4624.9506554496365,4670.664205059109,6974.924646993531,1691.5619331940384,4664.269882281446,4881.839161173269,6245.775135561633,5975.031885275317,GA
13019,284.32270754536245,1258.8787209078266,2153.529670144174,3292.1428291783577,1312.188256615916,2987.6994531438204,3756.317217799208,3630.8102297610703,2705.414763041033,485.13043136663964,367.8445106962321,1743.1973435145426,1639.5571592481595,1167.3834965671094,1324.1482293920853,1214.7213601566514,1341.5333769871902,1347.6422561008405,653.1202535796543,1195.7965050485307,1059.4741235552247,2776.557737861324,3192.5277582928875,1011.5853423874723,674.7836818991773,1234.7589576494995,374.4728330478544,3731.6760251449123,1294.380766551921,625.1826503794972,999.6900885058617,1053.309492331599,1384.5753556403863,7392.900295797848,1168.7264213236322,3591.7885329055357,687.7810956738624,3617.1128700363734,655.2388541645055,1368.9906412877228,3562.9687565429185,3244.961484289909,1473.3199519294315,977.2910049689481,1132.0315086790806,1058.0817234314547,547.5282192003583,872.7259977581554,968.7909980745552,2244.2456973411527,1360.2408766274625,7274.309415370108,1510.1540230030728,595.7965130550707,171.46556882615508,3285.353079542948,2210.5343955282947,5767.198978293219,1355.0360990109828,1586.85780498947,3217.006072302319,753.9077655891855,349.54598091214666,1409.3768248979673,878.0074243084638,3410.1424049428606,1564.8673538274209,3189.684037686728,3269.736849783301,799.1115267350391,3418.784924206851,897.93334017215,2616.155662976615,7295.008593017408,1304.819881030635,2190.1768374492144,7492.61030194448,1290.2128788997227,416.40142962664396,1522.290384849093,338.79618586685837,1470.6712569836359,213.12296631778918,482.9653821467335,1403.6472287582046,411.9410208041356,1456.7078664810706,379.4593938190985,507.68156930711217,1781.0154508264575,921.560563315074,1423.4959944098043,388.4858900664303,3118.1247577133668,615.3900423794267,1660.777087722057,2119.2512125035805,961.9552155467044,1479.5666514961972,1393.2110944206352,500.5174711993723,1381.0039168781398,1163.696115363335,3396.5299119321694,327.2115035549436,2890.8191547342376,437.79560596816407,1708.8654861161249,760.8771857723599,1795.8659409536353,1148.470060224043,7202.299125192624,1398.9793869203656,498.0711281642121,354.7090840677097,465.3574164505998,3751.2791405260655,5699.758041189832,1198.862319148101,1809.6254167481216,1143.6660563322991,266.1127450656747,455.35193358688383,1761.5093684328988,3698.905010683772,656.9522414468054,598.0228637149487,1082.2706091937462,4866.752531743598,2710.477222938264,762.3600069364751,3591.5847648721883,2089.942900438033,3148.16284017074,2332.287522160185,1253.6311446106365,3419.209654161409,3487.6963249830546,760.2622541822287,146.0460736591159,2769.2378296497504,1253.849934191296,1091.7586139734412,1769.9941329687695,313.72376495255696,1190.823752666407,3811.5486786474107,1299.203923975116,1303.0443102428635,877.6506589974271,1514.3913448303806,1568.3795476659175,1434.0999017607746,1192.9946680840226,734.597957323735,1528.3141373147332,1955.8608159353707,2238.7016665051647,260.0895691450003,1513.1977619360518,1008.6096987021157,482.5856462062077,2153.8934511807142,2312.0188709682016,2281.517441514139,566.1942028326164,1302.9316103333922,1509.860694660019,3485.747077015424,577.2414572290107,2448.0036090239632,433.2355826692455,199.97184553199887,847.320561175738,4611.472748091901,845.5263366954407,3668.819863880878,802.0388941852887,2393.128740346204,581.6627036898134,897.0930697363648,2339.822259607464,1397.1000329322965,3586.3539249331025,1621.2063090956126,1142.3532727356567,2987.6135207100097,2328.579963793265,319.66748613253543,1283.253272775812,2867.017345401136,12872.499298038532,6406.1579964692955,1006.3184906578286,948.337526084226,1234.4451319379707,654.6921450822454,1056.4118768886149,2424.453671315295,1611.9303379606372,1333.2187594685886,1891.7511852323169,2379.6378825554293,1388.265273077512,4876.1610112416,1363.5551245730321,2845.7081684290565,1615.4942961107242,1601.0738759776725,1146.2687866729354,1711.5790399641705,1367.3159442949486,1169.4715998850847,2169.5344636430054,885.2432438992198,2987.2266069187226,2196.4472434163667,712.7346635065522,1319.8600100755493,1074.1212965834911,1508.2137628260425,842.4300402692818,3341.0242676996527,2380.388105990452,789.5908782399327,1382.3406011476886,3530.7955720853265,1566.7306372388614,1230.5492419592638,5831.7127509641,3037.9525405473673,2234.329797335144,1127.855627218578,2419.6157359464323,1624.808847846408,766.1914062305051,1557.5861393095115,2741.652618720103,7324.128060571908,5902.476801960169,6376.776803843671,5828.506713932779,6533.932817383416,1254.3869207917078,1115.2125430541857,2548.112099249639,1582.054832134898,3601.9649775081093,1498.6436505241284,3788.294840045837,2670.9878690548317,3356.5152890933837,1053.3369932301598,3602.1033555264457,1725.6839464315235,6146.758686802972,963.9701033120424,2011.1556168074364,1327.8440907682516,3336.716830188991,4727.412564998899,1638.6249482979513,211.09401276544654,1590.1033949683585,726.0230764269569,3420.6254577808154,4684.077419945694,211.47118306838382,1155.7725503478327,1462.1166248543257,3023.5767398785742,2887.135254720664,6140.254938956747,7293.8505720155945,459.4549471067319,56.594728438489106,557.9347074991167,1698.2600817314444,1706.6723451962464,5842.840748548974,3632.457343358953,7328.487409801656,167.44492759267186,1223.0360409419388,95.74802857385117,2681.336213606159,1443.2949618454682,1458.958840901147,1038.550014350718,1402.2575675907276,5516.541703718731,1373.979061528884,2298.5720805487986,6243.092366311998,931.0959249505282,2080.906989548567,5179.882270336338,534.6598922088032,2060.004076195537,2306.65855409205,1593.89614769162,6830.79352457974,2050.235162150908,1042.989975768592,10595.818761197928,2425.8210365484547,1389.7220310545606,2994.3973912093816,1759.4328034677717,1091.0963428362886,1683.3991322447735,1547.0261397745069,1059.899652413146,1821.8715520669016,1888.832277694094,1635.4908164197227,1631.1753896316393,3319.3534665393518,1667.1457244643066,3471.4912168882397,2401.721602294965,2566.0216803796247,1492.8269608841938,1241.8798774795498,1680.989166598388,1671.5820620183194,1841.0724970345568,1923.712002533943,819.4578737454227,1669.719536515013,802.6927718697734,2182.785136520752,3092.000364202881,2790.061629110505,1639.3265765672306,2575.6589360412013,1513.5804604830496,3755.841908667021,1347.1992421319874,2289.833258731077,1513.4023296839662,2157.6487366840847,6317.929564095266,2103.504598222716,1968.0125126301655,580.2269639499391,2815.6836553780745,2308.1020004695292,1552.8245792013906,1200.7792972107022,2086.427397020403,2235.4836035577678,870.3846251613095,2548.4372634046867,1904.4775474378212,774.936297323126,3602.5817700478333,6128.008764552193,3823.1768671530067,6274.530051011825,1938.4768081344846,1533.5862750898427,2149.3121830055825,2543.376358715605,6464.948587519565,3757.812489134245,892.698947048721,4932.382097278646,1673.529987215575,2739.064393669717,1664.4988195582991,5566.239149268263,2292.751854182531,5616.40508633711,2546.841910819477,486.9727884405529,2565.1066543341267,1077.8579600152934,880.1987917882083,6558.012713640102,1271.0737700198495,1591.7044385050394,2841.015945982222,4945.233121056414,1583.989856509289,1589.7403520849357,6593.151667892429,1086.0856827778416,2418.8856866115725,1954.4339008066627,3466.7767527298606,2181.216037100151,2171.158005365574,5854.961993618084,4940.257310313177,1882.0446028760668,4906.479948043676,6621.957351460503,3041.590595731481,3450.278478313894,6585.168459937092,2351.081601010268,560.848170034914,852.6030800280978,975.9908598376013,712.6970404564511,6585.995559759489,2171.813854032378,6394.18301930453,1163.8876421321604,1633.2085017410113,2216.3561808182144,1165.7842964531835,767.9803187442303,1794.899395141971,1070.3815965552324,1289.3567683627282,1863.5587472108166,1749.0020342318467,2108.6387323983167,1987.8848390744809,5902.723697847689,6791.63429366924,1655.3667145331458,6282.1950684412295,6425.570206183501,2163.4677393870293,6387.988254779496,1883.4124964897103,6418.457005639456,6848.963871284811,6453.157749415239,6263.844831318086,614.877605714574,6382.062792448613,986.8200493829073,6538.38744484339,747.8053885911123,1760.586293185197,1683.2037729971546,6317.313605087212,1078.7112001386142,6035.198437688548,6417.7459789371815,2725.073706234042,1094.577153554316,7246.691879820636,2517.9188004338325,6384.80371805044,1238.3750506213332,6484.091634767297,6527.751040833097,2654.8872296034197,1690.5425839683264,6182.085732870169,6435.360733863277,5674.299908283619,6568.590758460132,926.1082602864419,5861.9912373123325,4790.980709173282,983.0298411362145,6139.657101192197,6382.781320989427,6326.4621681594235,6537.451551022618,6554.866494497031,7309.863400966104,2939.9712621307012,6058.4671619970995,5867.368406954205,5919.307475833534,6386.202281451872,910.340716747908,6165.026271303554,6128.145748531914,6353.095397162903,7543.527253581876,6371.8653608597815,6957.3905069984485,2545.532034070943,5650.175720802059,6365.762304966912,1710.085365347206,7240.412975333272,4842.937498294731,6215.413202442229,1849.2588694524704,5894.6563498351015,4671.159158425406,2723.699468849952,1161.3917954164735,6175.026065704674,6064.197450464929,6375.327072752769,6007.788771099752,5667.522597865587,4596.94435488798,6652.376515980095,6165.484052119634,6536.797190416419,6415.027086116552,6775.750258048304,6764.450966015495,3750.5213643900056,3766.992885557765,2368.5502934900924,4702.756916994857,4950.110451787096,6404.042517951554,161.11448480836074,4671.007839221135,6531.280373128431,3285.614872217248,4887.011018822227,2933.753551213961,2662.1642518534813,6298.354660004592,5922.986752436648,6416.16795493332,6289.949846996017,6266.372535580238,5706.133885174539,6181.371025980356,2717.105710025113,5553.36460098865,5773.312345249605,6007.660799991393,4962.600107238576,3804.835671164381,6432.094916791027,1344.0263607814945,5842.301700937374,5387.770814818354,5815.398654334594,6350.471294318982,5832.74837270326,6276.168408547917,4826.526669073136,6019.811979631816,1549.4416300611845,6246.774046896898,5539.558483020162,464.76608178045717,6608.578022220526,6160.422768398665,1158.265527351245,1185.9358043757966,1132.0558685335955,1413.7873825168979,3061.6632754106877,6504.107099691611,5718.595153550074,5572.977177686247,3619.8759946964783,5759.246977661498,8068.0462622043315,6148.389085200211,6631.041474557143,5902.3908327027075,3087.7814661728844,6092.836679407909,3186.864865393234,4658.512346415885,4703.877716390894,7006.844986791506,1739.0973635620442,4698.2311991394345,4917.673417766674,6279.2659655555735,6009.020422766712,GA
13021,114.59107581589365,1084.6082626460852,2029.9485749540795,3210.482944280325,1245.6356292996466,2894.8660703454198,3615.587332559201,3529.388890813509,2629.86400984474,368.1115128221477,537.757719594133,1573.2099990588536,1539.0129430960985,1148.5048720160053,1218.6343474690716,1046.0619798446899,1239.0578217447035,1243.3684622093851,823.8608234122916,1089.9004723661715,948.394733619035,2656.1179199273943,3118.3658915896644,900.3197209519395,846.6825505376096,1060.445002805501,548.8467847657968,3597.355860697462,1228.543629154187,459.02408487594977,883.4756385873061,893.2769715485363,1355.395680176519,7317.301574258987,1155.5680595936988,3491.625728967687,697.0981948379283,3515.2321857858137,565.0003259379388,1224.0097602417613,3456.5943775865276,3165.052732048617,1450.691290726781,802.6784395886557,970.081340839828,908.1490614659916,722.1614594989246,699.3575997938243,802.4860943002226,2380.463061509185,1185.6916170716413,7201.739248561271,1403.8548194699256,764.4745806203847,319.8536119960437,3202.30155151612,2123.993869600225,5603.124124539574,1207.2896263031712,1434.1245711060778,3135.1001349012217,630.4596236061178,341.41853777365066,1311.0759298354249,779.7079098215421,3299.84571734809,1467.134805917299,3059.5030558906847,3188.890977195024,624.5323685768892,3274.5076814541217,820.4829981414182,2550.378218192126,7226.115745251012,1131.3227010249138,2130.513637115448,7413.493019018107,1178.222235133883,296.6950309404821,1404.1062169666318,506.0691382656818,1310.1975047889337,245.74805041499226,453.6191889975389,1261.2931149493827,269.0733167619773,1323.345726399504,553.3730652436932,334.78749153332086,1674.8309555735204,816.6282498820024,1249.9509296170015,420.3579453108954,3038.0190978100395,502.34951200554116,1553.9965842007525,2002.718109438836,790.1471825795227,1357.2789128774455,1293.6890095300105,675.1732799150652,1275.3795972606129,1045.2230536379766,3299.5259583927673,372.4335270553069,2747.131003821533,611.8327486808772,1584.5026359097913,587.1820656693375,1738.517278605504,1027.8631526251745,7134.779585629179,1231.8490797593668,349.99426027243135,270.07341761704885,310.59138254383566,3622.5250333920008,5531.252982749534,1102.0451172245512,1649.8500728467914,1010.460715723314,337.4341674124118,284.0331460892266,1686.3686079158201,3576.828042757429,600.5425833974044,560.7330502415587,923.2409669607057,4705.027688174563,2563.565204426914,936.795853662426,3461.495776865698,1922.1135476906607,3003.3775256362487,2465.2830539252122,1147.239223762738,3334.284442571817,3349.097027983645,749.3635656857622,275.32557643823793,2633.9220493928988,1139.7871239140088,918.1307417205212,1679.2176677726245,475.3080630110537,1016.2845566595332,3666.7864068693175,1129.3741806724195,1133.8786153422438,759.0872783960398,1339.8356546561536,1587.0357006889585,1437.6743130104026,1023.4481444619684,605.4900377881436,1353.6622516761515,1848.716419786497,2090.2681097556133,172.79436363718568,1534.3949230500855,949.2725424163733,490.25021948224264,2293.9474836909053,2195.539202846905,2120.029712784286,574.7651718544876,1181.8737334093173,1336.8057410152126,3396.317872102905,506.15294761601365,2333.92623815167,599.2848657830256,372.2095002789689,677.4457299213258,4454.414078091003,837.5512464631188,3563.27480103166,647.4866788272318,2527.96253381218,424.3224196317672,812.9787837825827,2238.071123549042,1285.548350238888,3489.9094638732568,1451.5532636416644,971.1733403067212,2838.2497258538287,2209.5119503529613,259.2583308462667,1111.3382997228323,2733.525964200017,12736.20976476608,6242.2930416251465,844.8538748574858,781.9243877741683,1060.7164276904955,604.9716137366247,913.6590554396156,2260.300110224739,1464.1411919946759,1199.6006190790727,1718.489634659078,2268.8358358097407,1346.7197436780225,4716.843280172702,1192.9344588278018,2747.1454224090044,1528.6309492599567,1426.9467814238608,976.1164112112336,1584.8390586789426,1217.928377765969,1017.530498135177,2078.2223004421508,850.1610369049355,2841.444094516009,2027.4654530916894,663.0149908962126,1146.7692012136595,902.1558081420333,1534.2672961486328,781.5637122237338,3251.088497034637,2256.671630484437,626.6338458030835,1249.8190860317884,3428.1797545332483,1395.0360696276623,1076.7808857329087,5668.486581879552,2906.545509692201,2374.143656586908,1021.8480603241127,2281.973035510781,1622.6402624506272,647.4451448834823,1496.7293121641276,2624.035967595421,7250.016573325965,5743.446148570519,6206.554507447053,5655.761185992751,6365.7012932437365,1222.8758712075235,947.7957344898068,2387.300970373337,1477.7445326355025,3463.1839893312012,1361.6127160901265,3672.143275628985,2584.131831327262,3214.8466243149187,961.692347272666,3460.348823124445,1581.6286295572384,5973.6391370210995,951.2953670297736,1939.3521008946789,1279.5398525833216,3196.265033436188,4567.957072178623,1589.4844088630573,233.9312905611115,1499.2993188674855,659.6439867057597,3282.083669605723,4525.046200954854,120.96833857678342,1097.6733019237415,1374.8444925972158,2896.8629700841498,2756.862820661151,5979.616712682463,7220.794451562509,398.66510265562994,228.87840651107732,461.48921470816015,1541.9714492167718,1601.8907457729035,5680.93369022068,3518.0352185155202,7255.5569546918405,271.6503258281777,1095.55946922386,149.21008479648555,2540.0595484323762,1341.1087197165175,1378.7416905233324,961.0903326911183,1231.7148723424025,5353.158820737171,1245.9248599226405,2186.6443523279654,6081.795849451757,785.7726311691133,1925.9001316065933,5017.295518419373,476.84090625055876,1888.904165859643,2442.249462012268,1422.2158482947516,6675.92085367154,1888.2949970636146,1029.981470509851,10592.910251626685,2280.317827826254,1281.512695087843,2851.4804338588483,1642.7407233555036,1032.716391065528,1508.9219406390487,1410.3893134856644,934.836745117429,1647.2976320773764,1823.2715077327316,1498.978140898052,1539.6998597853421,3218.1150683794767,1496.1402401859589,3383.851196419212,2243.3523902753327,2438.460056145725,1325.7270586134855,1113.012771273966,1553.7053508495442,1499.1381342128125,1671.3815879318436,1752.9435831041242,661.4654453029663,1495.1054544840704,632.2403504852076,2017.7150391761206,2973.9549359791204,2667.547551377741,1465.096480292576,2440.065953145989,1416.8870074695606,3621.0021881841253,1173.0168255799001,2159.200515218662,1419.4900468130097,2020.4305793678382,6150.5502643973705,1930.1376738367649,1794.9368061368973,551.7766784433561,2713.097707721717,2442.345976315687,1421.5049210657028,1038.4745730034758,1973.2519553234204,2371.976992250119,745.6460449356827,2403.385126173157,1765.4161444910794,635.9441659666204,3499.4661739671537,5959.835262574199,3697.4111440903807,6109.823908322704,1775.5823595929846,1364.32574731459,2034.8205155056949,2432.6137128920277,6299.435320265619,3616.82085284279,731.4264403131448,4770.7878311298355,1557.9616879468563,2655.294970058668,1570.0473854468207,5402.020856845491,2125.7250461149915,5446.059279537401,2387.9766840993616,653.6664634826557,2444.294458930879,907.8631805397657,726.0356796475576,6401.9280841799255,1105.4334361486835,1425.2975957382034,2701.5335524843013,4782.305414419933,1421.394822062572,1494.8228957384388,6428.035199548504,942.0784124862213,2316.6733618800267,1851.329221958531,3367.1556169167607,2075.863568192708,2312.156653375221,5693.349468220801,4776.956976805252,1778.4294246384436,4745.364156181644,6456.8055659031115,2967.8920447100954,3313.537471063843,6421.28617899321,2283.324098521399,421.0966925537159,721.2705177464438,831.8507636149143,571.5987125691378,6420.536336378851,2028.8079825218006,6227.130685761635,1047.5841488430233,1514.938626430817,2085.215834382626,1023.0175087493252,682.8215866145125,1620.4815842884445,947.2402566145656,1131.4212061663065,1755.3619903328909,1640.2811968854292,1968.9795416337736,1925.09901108632,5734.046407736866,6623.79405831744,1526.27884634948,6111.937094722375,6262.402621939419,1993.1419218512199,6217.223274323671,1801.077960501249,6262.58582196673,6680.925150392434,6282.223236414024,6093.907112222032,497.5846495805408,6213.890385135162,889.5519487198308,6366.952100678547,600.6365553252757,1619.7800742868728,1548.6721911948416,6152.618659863038,940.4015578598115,5873.088532107352,6249.605500467444,2568.004417869795,960.5676494862956,7177.574793002942,2437.256654503409,6220.955170410479,1094.9225704644082,6318.510650297134,6361.436244654089,2496.822557628842,1573.6331064809046,6013.909622599546,6267.066965267198,5503.660681106529,6399.544017195263,851.0863620095688,5700.5190804374915,4631.468668187498,885.477451206138,5969.485998721959,6218.786573433177,6158.012682135601,6367.632808334775,6390.567733544296,7235.7499473979115,2785.6527481628223,5890.302112890146,5705.890622162251,5748.036076696907,6219.185853671842,754.4290785444916,5992.345093599772,5957.952872983563,6188.914185305177,7388.471400944506,6207.892145927987,6796.984657330008,2389.113144354238,5477.252056201754,6200.720260727343,1682.6799592366715,7168.659591138801,4682.643788518052,6047.644711482155,1715.5869949452303,5724.352582651544,4513.6781530839835,2604.4253664665284,1011.3377944845987,6013.233508671082,5897.967616537734,6203.076108822986,5838.334719190196,5495.973252963942,4440.291287028286,6488.562750916334,5997.1648876754625,6370.649834624532,6251.260882273615,6620.698729842397,6609.424175274425,3609.602540857923,3624.7973929036107,2261.427591482441,4545.8466123411745,4789.403252161219,6240.277015057892,13.568043050683013,4513.935724646301,6375.422812796036,3204.098732109977,4726.386271175075,2846.455371705349,2563.7409296836763,6132.357553799855,5763.731602922814,6254.494543746037,6123.680889012423,6100.350482436767,5536.115509822845,6019.705439272912,2624.9948081728517,5382.842087055427,5603.699100705843,5849.859445256475,4801.514615455082,3685.4438402110636,6270.531091592426,1335.9270123552358,5671.663848018372,5218.731822133309,5646.319874902566,6189.001997865302,5664.20705857705,6117.949794864644,4665.141528025333,5860.990675598577,1378.5202326037177,6085.775181579993,5373.936494682063,368.07801289140787,6452.926015976332,5999.724460350826,1146.2207648371025,1165.0612043024682,977.0479364623565,1274.775034762664,2923.239443608671,6332.340638314974,5554.765086417487,5403.502193533496,3518.9698781263282,5595.114161907698,7908.411646649968,5983.634523877997,6461.705365623971,5735.071818614948,3009.03085927451,5931.30172818175,3112.263490149103,4501.286490038429,4547.352681328756,6852.832737678988,1616.9856862798651,4540.202930334521,4756.032456095788,6122.076914670252,5850.856035858408,GA
13023,168.17543574264914,1134.9814593593865,2079.7879886765486,3252.4944121295393,1283.1015393945993,2939.1747267855876,3667.9927240416637,3575.5255166051534,2670.37467578364,379.2905016034172,485.79876128093366,1625.9437313614576,1547.2947835931327,1173.4907188692364,1228.4616332550015,1087.1590838619277,1247.7268531229884,1252.7446123214947,771.8930166533279,1099.6708249937546,959.9696603140396,2705.563683219855,3158.699454445023,911.8594970694783,795.1453997163611,1110.7484899541423,501.8166050214471,3648.978208034067,1265.8112743893926,512.5628713482902,897.0316931961877,946.9027731677124,1383.5484189283945,7358.429156704154,1178.9970748584724,3537.5121785423353,712.3484339524766,3561.455723885274,566.7351571182172,1276.6276425347107,3503.664465417181,3206.672448508557,1477.2334197110038,852.223102656521,1006.4185470159892,937.4964575663504,673.4507626676998,745.1735572650432,841.7260373069668,2328.19134901884,1235.4084983924788,7242.191775992917,1414.2250844084747,711.9818649198354,266.27583349469415,3244.6126420373907,2166.7369786778427,5656.602039646906,1235.7481236142164,1487.4787295714675,3177.1489382448212,679.1821888163638,312.33843715577166,1355.799412147073,785.6906972066291,3347.6182117061153,1474.2731047306675,3110.514372839277,3230.720697594318,674.319071769258,3327.272360220849,818.8001724429296,2588.6205849455278,7265.747233983799,1177.262413954612,2167.117609493205,7455.3905295727645,1225.5785348895295,342.760550287434,1419.2677370370386,453.5492455041748,1363.8323562543894,203.09857236286263,433.0259734796968,1287.106485134286,292.3064513722946,1344.9981480795211,507.15014667598814,380.1056110511215,1685.4083557482609,862.0374385872333,1301.1293859382827,425.7454434714138,3079.653140068448,512.9830512667371,1564.7051598523096,2051.3503855582035,834.0765159610652,1406.650983140798,1301.2960468623094,626.9100235160965,1285.3292782270669,1093.6749169328855,3344.7584783169427,372.68530340382654,2799.809308563917,565.3969306767618,1602.4060789896826,633.5251104254246,1774.2975762465226,1043.5671524537545,7174.0943605307775,1285.1371327957745,402.1894526764997,265.1765287836601,341.32531706806236,3673.375333611963,5584.1965891241625,1108.3075401794188,1703.4840898395773,1061.3992562920103,328.6653618535344,336.92276477488025,1726.3215835066314,3626.650576509917,633.4092094298472,543.8848649761796,957.7387732435797,4758.6248641790835,2616.544572552721,889.4588026653201,3512.5272420471674,1975.2515087534562,3056.179934743637,2413.3851724918068,1157.3037744860444,3377.0239112305353,3401.2430134029273,770.731750024652,246.45114691607048,2685.6010580889265,1152.9324519021375,964.2899092100148,1722.6364550979624,422.09391615276405,1064.3728684868356,3719.6130842695575,1171.4495795138002,1186.852329539558,773.3084610303849,1389.5052910753393,1602.1435043663412,1456.9349815420887,1076.3608445093205,623.8975500589833,1402.7546624184095,1859.792004754473,2143.3505751460248,164.59012403844514,1548.6844975801434,984.3751240034869,504.0248346659861,2241.276213888836,2244.2151060245897,2173.6483585024766,589.2481369832877,1197.994333750732,1382.1339106141745,3440.0193077647828,500.19979068319634,2382.2099188787456,546.4395199536655,321.5238303546836,730.3820929768635,4508.026142634695,858.5263772826668,3610.203085197284,679.0623937470126,2475.8598628779114,457.12219011768576,813.6956987584961,2284.0043298670244,1297.8703666343526,3535.06008578328,1504.3801360916113,1023.6514668904823,2891.446336182533,2258.639878981625,287.98174379120553,1155.3720731171952,2784.970173874381,12788.287023471572,6295.781959538401,898.488641053647,821.2366288860602,1107.0142380657396,592.5233669203227,939.3255912449196,2313.8082036232304,1517.098160315283,1221.2567944704433,1769.830327481306,2316.5079333284657,1378.096625782326,4770.478007914391,1235.71155045939,2792.5824689357173,1531.808447831887,1477.477308170621,1018.4622427422263,1603.7613419285653,1247.239397201816,1070.7631470379133,2121.963733226246,878.647558807971,2894.3341663234623,2080.3934112278284,650.9863407502964,1198.3086684315033,954.3542742733383,1547.1155621103512,816.5113276119504,3294.869444865342,2306.5834862840657,663.4168741028021,1271.026261578943,3474.532853670033,1447.248547493074,1108.345434534613,5722.016390311012,2957.717214899428,2321.5031324384477,1067.8366429285163,2333.913788063848,1643.7768249276853,661.3503075419553,1533.135245327235,2672.999180350127,7290.813168572716,5797.081004560397,6259.098282588352,5707.309431849771,6418.687670254146,1251.4187402078173,1001.0858418121428,2440.9288584750843,1487.4162722281617,3515.357767747041,1413.2853250362748,3720.9915206954797,2627.106855742222,3267.336676137466,965.681769220336,3512.859986037295,1634.2248684721078,6024.949153018702,974.0253678448062,1978.7070875176507,1312.5420594328164,3248.618451160069,4621.591531776429,1623.0959081084875,235.23797168643853,1503.8857702474547,653.2416972981779,3334.218944992342,4578.680926631557,151.0266616480241,1132.8117596407346,1417.2573714031405,2947.3430802775947,2807.856434366395,6033.237188612062,7261.3559667131885,387.5999725280649,183.994894473649,503.51106027181635,1595.5238358862266,1611.8621885003204,5734.52167939456,3566.5686708601897,7296.092878702278,219.4370581951867,1145.6411099252525,128.96894080898664,2592.462214344801,1349.803116496942,1419.5773434779912,1000.6403374317371,1284.340410211552,5406.681410450943,1265.1381751454367,2234.5010062372176,6135.401400981082,812.5502365503639,1979.413396500336,5070.859483758927,509.0339704868238,1941.2858430327121,2390.053010893993,1466.0067848233166,6729.478834392457,1941.906203598343,1053.0483439626892,10616.145968607418,2333.146225368153,1328.2236692432914,2904.084523185692,1691.2704260909813,1067.785367866552,1558.8049209641786,1433.6045864986347,952.3042542408963,1695.453054491569,1861.0909214607602,1522.193740519352,1544.577507271452,3264.169742841558,1539.279151695598,3427.175497907334,2296.9765186976542,2489.008493473846,1379.0095369504495,1132.4339983321252,1603.9978138438253,1550.999349421706,1724.1789337168009,1805.4430611970802,715.0019789593131,1543.4847738794574,685.0542492593084,2071.164351654736,3023.0454433076666,2717.3359431213853,1512.2699326350946,2491.760451681326,1423.5753766821717,3672.6939445626203,1220.117508174497,2210.1623887890096,1425.137293908739,2072.2809635871804,6203.677121907984,1981.3812146443233,1846.3996053605606,576.6490542808876,2759.319550639537,2390.300640727204,1472.374831380979,1092.0965051031708,2021.2718118083585,2319.674628010304,762.5321219847823,2456.1783958706783,1817.458039515392,659.2031231163812,3545.9250753161605,6012.83524446602,3747.820933478337,6163.251655778308,1829.165572227897,1405.9399717277074,2048.909491694983,2480.319263511129,6352.789358271866,3669.255378911102,785.0601119003038,4824.388681171256,1572.1839303804886,2697.6271109219565,1576.059991151377,5455.489827788509,2178.9674421333484,5498.576337475531,2441.6076158843052,600.8737224589083,2493.7657300730684,960.6976266905057,779.3553678364016,6455.523001089321,1158.8884280073514,1478.6521940839075,2753.741336139621,4835.854813172398,1474.9975665010325,1500.9318570015635,6481.426010019185,994.476101900211,2362.7215264248457,1860.8436949289103,3412.9175393634528,2122.4467882983904,2259.398720445527,5746.946971529055,4830.487210509062,1788.0894991976675,4798.977468013826,6510.193020056817,3008.083795257105,3365.453823794096,6474.773159627985,2321.919170320869,472.1837651930121,771.6002170985317,858.0969903274507,623.2561998112096,6473.894986310591,2081.3534299330754,6280.303887933846,1061.5080600611439,1530.2341748738556,2136.2385457972086,1048.821307024951,723.360480788947,1670.4933655547168,996.436919990762,1185.0105209047515,1766.7864371672358,1687.3289573340726,2021.1292588370386,1962.3278879452946,5786.955027870549,6676.84540146612,1546.1818576019336,6164.471864676288,6315.9331512283825,2045.753475565448,6269.606379654336,1842.7334718543045,6316.174479144825,6733.942798948166,6334.550938103881,6146.528180862075,544.6058070178282,6266.888441885639,933.464484049964,6419.102190863734,628.012620351999,1672.0088183003213,1571.0137879731992,6206.047090188579,963.9400101613044,5926.668629644966,6302.608863736668,2621.605304239376,982.1117267481036,7217.2535455981115,2478.8399702627153,6274.4452612183495,1121.1362937566555,6371.8578305223855,6414.703067537821,2550.4437814773833,1622.1701567729376,6066.908685734937,6320.042972627086,5556.090491220394,6452.371413949233,889.773256756803,5754.120702870257,4685.102913417587,891.5134735704089,6022.046180752455,6272.266910827565,6210.961024467269,6420.281738476653,6444.0256939374085,7276.546063367293,2839.157031428249,5943.304177849345,5759.492069832452,5800.253183506959,6272.364069102441,786.9356672880733,6043.926214804384,6010.507202453295,6242.381652736071,7442.0381136663345,6261.373995686304,6850.607969670699,2442.6929767319675,5528.695528763505,6254.118968585309,1710.7779413301364,7208.9283205516385,4736.271693009922,6100.7121386312865,1766.8948126515745,5776.878464689021,4567.298307564025,2653.667283962435,1040.8474588508218,6066.824410585224,5951.247493279596,6254.879698414124,5891.076826329407,5548.089170329451,4493.894199464478,6542.053940952704,6050.1385584486425,6423.936042567515,6304.7561710129985,6674.262785601183,6662.987337285166,3662.0286891307123,3677.362805164831,2308.4086611459697,4599.455843032018,4843.024707407155,6293.772397112027,41.28829838366604,4567.5482653539475,6429.011417842836,3246.0776234317864,4780.009273105655,2889.595192794636,2609.1057335978758,6185.662117409305,5817.366214476057,6308.088684643946,6176.9546663472875,6153.65250094407,5588.721233442051,6073.300428851278,2669.088063775339,5435.308493308221,5656.406021398788,5903.4867187432565,4855.128459102721,3734.838646330392,6324.128596922033,1358.3101808253225,5724.092179581697,5271.5722359010715,5699.1473494828515,6242.602500618384,5717.142532976281,6171.581519667469,4718.748498559453,5914.625308456311,1431.010424389783,6139.388075980669,5427.285748152828,409.2697668354791,6506.50885684087,6053.343785610656,1169.319927196328,1190.6281845215856,1009.2356701411653,1326.6831404102168,2975.3371378057122,6384.359983101392,5608.2595898324025,5456.243940860796,3565.0050750060823,5648.588092510871,7962.04334970185,6037.058993730008,6514.468794816527,5788.210852644847,3050.360002708752,5984.900934783369,3152.6942940501563,4554.9020303816915,4600.952876720759,6906.358059332181,1633.9594657384134,4593.83093049429,4809.631985128847,6175.695549506597,5904.487088539666,GA
13025,355.2771861479052,1309.0203446190365,2259.4320568309063,3409.1533752986243,1430.1846785569012,3102.88128999073,3853.7353937417042,3744.264005621761,2823.038932290286,456.83768958209083,314.5726075815057,1808.285923768145,1577.3283723640625,1284.956392297406,1267.4372919195948,1230.8521159257891,1282.4825093768436,1289.8447295566355,597.337514848535,1140.4781968664067,1009.5866244060423,2883.933050655105,3310.3547896268633,962.4741281053967,623.0056019021486,1284.6002682991866,362.1825241177021,3832.8638135418023,1412.4224512090266,699.0638446849658,954.6790411115708,1134.2871567261038,1502.7824435913392,7510.824674644391,1285.711279317245,3705.534347395784,803.1694171961876,3730.452998973471,598.6992337106699,1463.0112896166218,3675.135013185412,3362.183808219153,1590.9609489042566,1024.3527084135517,1135.589565924286,1045.3598567146996,518.7721932744864,906.4219495610246,981.9022026732272,2143.1592430729497,1406.957097323405,7392.480850052318,1452.7616087356582,534.4657312086805,83.12211723588584,3402.1782560626384,2326.606130439486,5842.253159050843,1336.9769283592364,1674.9911411060086,3333.974043170707,858.0548678147552,263.2446545990632,1522.686360302531,821.4317796540083,3521.148287657249,1501.0746307455954,3292.9162755289817,3386.847638113029,848.086675699678,3513.7939147885577,827.328095204334,2734.5447890021665,7413.425281052654,1336.2466655515213,2308.8045802089914,7610.1901417321415,1399.6627416274482,519.3589001011269,1474.0945005846002,278.5834879233281,1551.031917269558,127.12525748554421,397.9135640179936,1379.0687273496226,411.8226631309787,1422.4915697379806,371.9546434946667,545.6826419254277,1722.1881006455628,1032.4089164917916,1477.7355633397651,503.2539788148718,3235.3053443487893,577.0793482154685,1602.9327785466096,2227.8317312974373,988.7610299823053,1585.5615401879943,1331.6987710981587,475.73658067879364,1323.951626040384,1270.7582035016244,3510.948264429581,440.9089303582869,2986.1740616327825,426.3642814596169,1664.9434984304723,797.4549991514878,1914.5246926994187,1105.2648300153746,7320.789066375993,1470.0523790203772,588.4019817294749,315.3923230720953,474.00446838800934,3855.289046636589,5766.9815778017455,1137.0357205923904,1890.730924233025,1244.3672789031614,375.97284217104584,521.5336232524465,1878.9277030953474,3805.8254222942387,774.9476506022078,512.2207031696047,1081.6417301890142,4945.182400310124,2803.4949331144812,738.7939527984627,3694.929689927017,2159.2827047471633,3242.784683767563,2229.375066453179,1198.15014558859,3535.790140623688,3586.406195007527,877.8143139294593,243.0501628647597,2869.7201119370484,1204.2591171165907,1125.0255782264624,1885.1403721420602,241.2956447510835,1230.9088505376287,3906.249105664057,1317.7681390824985,1370.4180741199687,836.5647940899927,1560.5857979387488,1679.0459453530857,1548.202746727447,1259.746244536595,705.8966040291024,1571.7830677598565,1897.0715043602358,2330.489393250389,241.5895021139153,1623.3470412804324,1126.8986228516646,599.5536155384532,2055.2125826436545,2420.7015223593908,2360.480578158547,682.4409586564067,1258.667346906923,1538.3074230527218,3601.6284761147035,511.3050294028481,2557.5590072999225,367.5720897888228,169.87270252455446,914.2004643772093,4695.470919834163,962.5596501208057,3781.2291385561794,799.0246055818996,2291.268463699477,588.1784622502418,830.656921661566,2452.8821518583154,1344.410337762627,3700.921990815108,1687.1672613772323,1205.3897447243617,3078.748243710773,2436.3307961709397,434.71346286692483,1308.18444484062,2968.504648574612,12973.053107373702,6481.495291412199,1085.6875964431863,961.8962919565644,1267.4808949053383,573.6123001559962,1035.4087430010072,2499.7583809035464,1704.0590931694558,1300.1221169682076,1946.5705775173196,2490.2158825565384,1506.9961186972275,4957.604676598772,1383.9805894394005,2959.6710842208167,1544.3314142742174,1651.4990722986654,1166.6638972722285,1669.7604029930087,1351.1673554647555,1258.156166123452,2284.770052884849,1003.9716682972912,3081.112950037453,2263.43779838289,630.1271757897347,1376.365428714977,1135.1496803568646,1617.1161533110615,960.43488041019,3456.796652224579,2486.324325855469,799.1341503183714,1347.8161169647192,3643.9400639364003,1627.584927273679,1221.0682885037186,5908.018359748044,3140.5482632745543,2135.5090822423695,1238.8402972541749,2518.6958329624026,1739.6568635340382,727.6800712740303,1676.05333492692,2850.0739151781568,7442.178966415212,5984.233726088656,6439.976176219681,5883.8834151605615,6601.648966469141,1372.8005537902154,1186.1243119427252,2627.884617583849,1522.8035256638445,3700.5790887890666,1597.6703457522503,3897.456771999333,2787.139730894597,3453.283004108322,989.5667713556177,3698.8423671447,1820.5116812281774,6200.491547800251,1081.2378375616902,2128.9894793959215,1446.6221858905594,3434.263777172428,4808.697229166519,1757.4089575654334,329.7726343181676,1521.570064050878,652.3159154614689,3519.3612470145613,4765.863660411549,315.3325755083464,1274.2257931456495,1577.6729176215256,3128.3979726471052,2990.2603574492114,6220.044108610869,7411.985334426217,393.7779766781605,131.66623050149292,669.3334263991163,1783.0982049075033,1647.1467459049427,5920.983918491487,3742.186466626659,7446.632822295212,49.60292822097714,1326.5571041732264,213.30596341463703,2778.2562494031126,1383.3301272389715,1575.591550926523,1155.1289394496087,1466.4222192639593,5592.636665726517,1335.3256435155556,2408.7676175474107,6322.0310681556775,914.6540178150805,2167.005688136945,5257.126503412945,652.1362781726557,2122.0364544609993,2205.2167264220075,1616.6929385539756,6917.048189749663,2128.6632982289,1160.1523607984075,10708.682439022909,2519.8284641389955,1500.4394220787603,3090.2909350056084,1867.7532535285245,1209.4985555029327,1730.3784482765604,1515.521005583573,1021.5686298194584,1860.6536228894397,2007.1159436774553,1603.386369355193,1562.8741498765548,3432.7970246072277,1687.5025901808053,3587.665043262692,2484.354921322127,2670.3425167304244,1563.8693597747922,1205.04374798518,1785.0353611424484,1729.8977710593615,1906.7529602357376,1986.734378348022,902.585721911796,1709.7427629609529,868.4922830444092,2256.777265809154,3200.354361320804,2896.618971544989,1674.3893245223162,2675.942621659848,1449.3629893200368,3856.749343108394,1382.8083336734976,2392.613282989717,1447.3166357638474,2256.895008135898,6387.34997810377,2157.604229911839,2023.554061109193,698.9956690094455,2928.684926811242,2205.880697834404,1654.8855563196555,1279.027927879696,2196.128725994288,2134.5609974516587,834.6992280957204,2642.7875688967397,2002.5513944923487,754.6996208440332,3715.613026689401,6195.878204103468,3928.561352888423,6348.579636809486,2015.6758656890881,1549.5353573797088,2095.5248361279064,2654.024150547677,6537.679382712882,3855.063006316428,972.3521119357832,5010.98137713377,1622.3940061531994,2855.6950575274846,1597.9938439686805,5641.087034541252,2363.470603984895,5679.376781659963,2628.911904489817,421.97144813934096,2672.2751504576927,1143.8669259851656,966.8544176772183,6643.027793720805,1344.6768583387159,1663.8416329323154,2939.0905356599046,5022.0128833983645,1661.699000168343,1523.912116389386,6666.527031536757,1180.5224373175442,2531.860156175981,1892.7177925585986,3580.6270592712763,2293.284078053021,2073.120798224837,5933.498170961864,5016.505579062128,1820.9530666230912,4985.703519152135,6695.273756743599,3159.442221746738,3550.077359371998,6660.471207602307,2469.309251067501,656.4638783337723,953.6516373764633,957.5641619924504,808.2163287440106,6658.809034459729,2267.4906188780697,6464.213589336811,1116.9559816294618,1584.4722491236514,2318.8597833075464,1143.6026058798873,882.7729873332222,1842.388724395008,1175.495948922586,1372.5345728337402,1805.88976573014,1859.884003892327,2206.4271179916814,2106.349045830029,5969.562260201742,6860.121126514517,1615.9655069195296,6345.3137268844375,6501.932890745334,2227.4285282498577,6449.75657571109,1999.9888066495816,6503.695108411178,6917.048363829472,6514.44928421189,6327.76638238206,720.6316190562379,6449.912660507335,1099.7450354987704,6598.207994429056,736.9781436307062,1857.5355315720676,1648.8778787907395,6391.378489224135,1052.7379960465069,6113.059411517829,6485.658021957165,2809.0955811121557,1064.1169898338287,7365.0944484769125,2634.9199086767835,6460.166661835321,1216.2784946518154,6556.708329286061,6599.10641226523,2737.8420752975053,1798.7371958025046,6249.945110693186,6502.956778332304,5736.494469655326,6634.561723011015,1042.8257330159267,5940.712651336693,4872.1959396099355,924.2196156874634,6203.011720247894,6457.924186967138,6393.743536163968,6601.635208916663,6629.536649389427,7427.9137405740175,3026.7500829666587,6126.360010477758,5946.082210879267,5979.695870766702,6456.300110603031,907.3127091594768,6220.607502224439,6191.446660816078,6427.956192998346,7629.597288935271,6447.041311532904,7037.451017111595,2630.233034673278,5704.847535571706,6439.270849176465,1827.9996547643373,7358.643508544793,4923.200964571735,6284.087231984563,1950.3155095629706,5957.701808179007,4754.698148530578,2831.504422622857,1147.7362083874812,6253.310371249703,6135.733222505722,6432.491745991309,6072.889527574536,5727.1075861131185,4681.375528754448,6727.7789984128185,6233.05090794776,6608.444939104423,6490.511775874398,6861.825341184837,6850.550965902649,3847.817943761888,3863.457138044491,2480.2068026506413,4786.913082887405,5029.852991880654,6479.528776480194,228.83874472429798,4754.990725995871,6616.532137982978,3402.6430013770223,4966.859939930879,3049.8915853017397,2776.1101258612766,6370.277610434298,6004.477834643172,6494.603066400293,6361.401548829455,6338.254674968206,5769.9194268121555,6259.824737477332,2832.362007209514,5615.8847466655125,5838.06675201993,6090.825059541992,5041.8602199806155,3912.821210249374,6510.675256584236,1460.13417970122,5904.478588330586,5453.87857738299,5881.37109488413,6429.179430420058,5899.882402406819,6358.858109578442,4905.405042371044,6101.811731649294,1612.4546517014658,6326.0991510029835,5612.1694085845165,575.2392089060028,6694.041919675361,6240.135129136384,1275.1384409930079,1303.666964104119,1125.1354128572839,1511.6153464235813,3160.4169054568706,6562.895555085986,5794.020209267661,5638.077413683343,3733.451370451272,5834.213651653298,8149.0379903772155,6222.36929574136,6696.353231370549,5971.9592647888585,3205.1182526496364,6171.466904604605,3304.6500518256616,4742.329367436567,4788.443050349559,7093.948149427146,1693.0821250917954,4781.163888455856,4996.2117965935195,6363.103055604101,6091.775956236172,GA
13027,322.83214287267504,1298.5178894977876,2153.3321685916862,3273.001708495476,1290.6061179392862,2973.1176981529607,3764.0446871690706,3619.354513514498,2684.454513751875,546.4102197742901,345.0890773474061,1774.6679969547895,1701.1503999752995,1131.1014112299824,1385.9037167140712,1266.6189732976516,1403.2265113311291,1409.373585408484,625.7732396248367,1257.5693198424162,1121.266500408881,2774.2017268586346,3170.6775047710785,1073.373334717121,645.1687296165197,1274.586459346423,332.51523286640526,3735.811475799976,1272.6160400480646,655.6278792351021,1061.4003278066157,1076.7280249732364,1350.545333729366,7370.207045168837,1130.7942160338562,3579.824072857217,646.8388178065887,3605.858693181049,716.8631501992775,1381.629460207787,3553.6738743524897,3225.19317446957,1437.0948494561567,1019.0584543635588,1187.2679718610052,1116.607055432911,508.86072836247115,919.9968428955408,1022.0068399833734,2242.5571197111512,1401.1539541904974,7250.543174331643,1571.9060781649484,572.1001184004983,184.82366489649647,3266.743423557429,2194.266125187104,5791.0995622209775,1414.130114445789,1603.8426524527056,3198.0069635699397,758.8394850575919,406.31860577748915,1399.4963923305502,939.7097892602292,3402.663410432134,1626.3699181512145,3191.895243685838,3250.3036311635565,840.8419025955902,3428.7669918017427,958.6727003200067,2591.790774688133,7269.933384086726,1351.743278983338,2164.200231987628,7471.193906296856,1286.5734566905448,426.43813468472,1584.026464989537,320.96620552426134,1493.4094347137134,268.27562204212614,540.650399985244,1463.609837050769,470.40623487763435,1517.6700032580288,335.46021066131544,555.794029371632,1842.7458917449967,916.8876186034238,1460.9316071692292,347.00268758710826,3098.516539351287,677.0184950559877,1722.5265148908227,2115.7584171996914,1011.218952155925,1480.0244540174585,1454.81168921678,460.90031237578506,1442.755813137795,1163.495066382233,3383.365162937471,284.14271539274705,2900.7319554694286,393.9682464512223,1770.4308542655274,807.6307182101058,1769.7595865914848,1210.0878817320936,7176.760109196453,1427.6631114014426,518.6686200862598,416.50744701510666,521.816254345508,3752.4615888962794,5728.290906401943,1260.4178034079248,1831.331186959419,1150.6546854620176,218.09919174025958,492.2039672707435,1741.7214619048882,3696.7663033149897,636.9916176441885,655.8228730729522,1138.5040566347686,4888.679422394258,2722.4797052410645,719.517098794168,3593.533270799729,2118.6548149969462,3158.5885268661045,2332.346002946035,1315.4049110554015,3401.2330803631908,3494.317192664098,724.3290904513525,87.5280590074029,2774.4609278916937,1315.6295648748182,1138.4922524247352,1756.1317700883847,304.0298419384425,1234.790539420686,3821.6620555536056,1350.2655206855065,1334.0429467491078,939.2559690987705,1555.2593545142945,1521.0874547621738,1390.7950606871002,1224.615906274999,795.5163344897951,1570.298833963579,2017.5995463178567,2252.04572126929,321.5818172997075,1465.414987606348,986.039851675728,445.5804470204457,2150.020067653645,2308.2543466893103,2304.1636372109697,527.1679663993406,1364.5643665258247,1557.4937069824455,3469.482791082775,638.1603494484992,2442.983273995062,415.07509039718764,178.04972856071404,880.187165006329,4629.681801534494,807.9703236652292,3659.1088754536613,859.3003148864693,2392.0864433486067,637.8197603767474,958.239436251469,2329.5265592477235,1458.898412805951,3572.851243756243,1652.3782130047284,1176.1043932629684,3001.0049933823657,2326.005534100862,313.0071325412774,1332.3882658410853,2871.1847577284343,12876.064814801208,6429.782316580565,1030.9867204633658,1001.4870600347484,1280.9360659758413,713.6043669901107,1116.1540761308431,2449.323611548581,1625.7133136280047,1394.1237444287854,1928.2476577381415,2373.2164319842927,1358.0418128638426,4896.08151220767,1413.9656721995154,2833.5749898227114,1676.407054058669,1639.9654150001054,1197.058240283947,1773.0346879117114,1426.1076857728922,1186.9485912310126,2155.1936488576866,855.5633342995692,2998.353304659018,2226.386755757574,771.426421211286,1356.428890955416,1109.115388805175,1459.3320967156965,821.7099965592023,3325.0462240900883,2379.9876551728657,844.2055570054249,1443.351882741436,3519.900205847915,1600.6841336327261,1288.327937104429,5854.818844160154,3040.898956302064,2230.5149595441976,1122.343301307895,2426.411130082168,1582.578845892461,827.7334283169855,1533.228600001012,2737.9890772605977,7300.907527010643,5921.992007980546,6407.408346691477,5863.212642379362,6562.06007144686,1221.5175565997301,1144.7179733537844,2570.025096130299,1643.7614988588884,3608.6365401488756,1506.493269449609,3783.2903527729973,2654.3180727860745,3364.9703902100628,1114.7446753794597,3610.495517964269,1737.020162524396,6182.210511735002,926.9353592339592,1989.6889537806776,1300.0044222898084,3344.472644410707,4747.474025277692,1610.1442306061529,186.28880030580956,1651.2654193107194,786.2385808701755,3427.2460529229356,4703.8072722925435,227.91297227985726,1131.9384164839626,1447.6723335239649,3024.1177480846836,2889.5915596176255,6161.056843512331,7270.255172579206,520.1780671796405,29.559473806931056,554.6027373611499,1717.5129538571273,1768.3782645386982,5864.769427459447,3626.728092237572,7304.8405156233375,207.3030550293052,1226.8384900309375,98.35848783695008,2689.9723373854567,1504.965852511573,1441.8349348187512,1022.2611004300798,1434.7823519368326,5539.8350111519885,1435.301609184546,2292.7492310421303,6264.439302391999,990.3532176542882,2098.787959324532,5202.509355299814,517.6505852408842,2092.736560891848,2305.267351388164,1643.2790129912407,6846.991793394956,2073.4427611786973,1005.6007167755723,10550.80541123148,2437.174733950358,1384.0769797115802,3003.786289437125,1756.6152351629312,1067.6980194291002,1723.6918881413085,1607.7091160586554,1121.2969384787953,1865.3668034251486,1865.3648326997293,1696.207061806521,1692.3638384493436,3307.998635327044,1717.2116157497144,3454.5342619878334,2421.798734719537,2567.3485096063064,1521.3459235585958,1303.1155654602815,1683.3912441276334,1706.6543854378513,1872.0975145769635,1956.0661451282529,842.4703325661435,1712.8995089951154,836.3877335601427,2208.660350087551,3088.273944573673,2788.695158793768,1684.4441908211718,2581.1874460825925,1575.0512830430532,3760.249918416968,1392.5439022709506,2293.0085172765257,1574.7483119103977,2164.4865503557903,6345.114961811051,2140.133736950731,2004.083555836102,552.2999079704092,2805.262565418508,2307.4806410764827,1557.5459800651472,1225.532703015887,2081.4479194491228,2233.643670273149,931.7082189239197,2559.4151438857307,1912.6714739213642,834.9249551034393,3591.860399269209,6156.108931351498,3822.806412162432,6298.969713609145,1962.595885589287,1585.1013992603448,2211.109840947306,2536.7626994552284,6490.161268435622,3765.6920151865693,917.6806903419744,4954.184519922736,1735.3136105269054,2721.14391833986,1725.8351503761105,5590.3023289645,2320.4869693968585,5647.276467046881,2567.2044820002884,467.15444571828505,2563.1146067967875,1110.2329109716147,900.3328722925751,6575.147407568437,1298.5459100602445,1619.408540560829,2848.5064415875927,4968.204377575241,1608.2658793819767,1651.1156524450726,6617.9562761127945,1099.117419250267,2408.6925611271217,2016.0734080740656,3454.655229484404,2172.656571191253,2166.6859688110967,5876.633289811826,4963.566248911922,1943.705347198457,4927.878902210836,6646.793701989867,3019.678855390854,3455.874032087699,6608.7885590460155,2327.697230445405,576.104704627314,860.3478907678833,1035.4712123256968,726.6251839092618,6611.141159014884,2181.9222643068506,6421.003788970348,1225.6243858501873,1694.9507956379007,2219.878625125386,1225.587996847273,756.9004323065607,1834.836142605094,1072.800032101117,1310.5587962642944,1925.3198093778853,1742.6333779265685,2116.8946056024965,1963.28057301882,5931.438691812354,6819.2885271927125,1716.6812846225096,6312.883410602858,6448.5479851842665,2195.0870362019064,6419.376634570955,1866.0577946363253,6435.451252973134,6876.839356525431,6484.786770560212,6294.10506934954,618.9494219618106,6410.136174126905,978.5259168157367,6570.766703461715,806.5445263453827,1769.9890916297031,1744.1160284265636,6341.737499664272,1139.03623593263,6057.2784808669485,6445.779005188156,2743.961495950381,1155.352321751427,7221.704372886674,2499.038690252792,6408.415177822381,1298.1157210958936,6509.370215257007,6553.775591266686,2674.5674454247837,1687.9689350874844,6210.183365486236,6463.569806808544,5705.573560313771,6597.688469935739,909.7147496349452,5883.540511530022,4811.07495185936,1044.6776086361072,6170.240405620061,6406.530117876565,6354.8641735394,6567.5310877888405,6578.883401894082,7286.6461917535535,2956.7424402737956,6086.56480423573,5888.921767468271,5951.484680260915,6412.985083866163,967.3633221558664,6199.581885318291,6158.7595332936435,6377.023617800833,7559.769938615441,6395.595188837927,6977.895290264638,2564.0494200887515,5685.251980047911,6390.518718326237,1674.708327350158,7216.360831788022,4863.660678359329,6243.04253181185,1854.6174507380497,5925.442724845949,4689.677849460059,2720.8322566290985,1219.9558120842873,6196.810254382849,6090.184261926495,6409.071840148083,6037.4475022403685,5700.153336874987,4614.84956528516,6675.9249762440295,6193.7494007405685,6562.6471816992325,6438.558131357877,6792.087284170368,6780.771324780814,3758.361335467068,3775.577071627046,2360.520850348058,4720.832923995728,4971.157299399877,6427.5741900186085,208.02068986135276,4689.213812974612,6548.248590910911,3266.4237108439447,4908.000753956204,2917.027755970501,2650.1358628574576,6324.075643336255,5942.679818032995,6437.8179911272855,6315.9520051962745,6292.122606870403,5736.554523158294,6203.044114343379,2702.4609017229536,5584.486623872307,5803.197564051034,6026.18768656594,4983.963077875445,3801.352122710093,6453.648033621422,1304.065357151896,5873.557203247029,5416.980060971387,5844.608952665915,6371.95300381381,5861.309367302403,6294.983750826689,4848.169602870236,6039.142191900752,1582.3059850028644,6267.866495278793,5564.990948974082,464.03912501765586,6625.382206434634,6181.272487665661,1120.0613410601236,1150.158558236178,1189.4732728686129,1422.9293507416685,3068.4121856654583,6537.017938103494,5742.273100315811,5602.707552685758,3608.2087779150706,5783.20320532826,8087.790153578633,6172.890417283783,6660.493553127359,5929.554888417669,3067.6894804038316,6114.408449510908,3165.1781184218257,4676.838329336659,4721.662451212353,7022.394234059339,1800.7488108108967,4717.167354336204,4939.518680092306,6297.279185285694,6027.831353982969,GA
13029,332.2630173926143,1246.3113888278576,2257.789690736321,3436.4668294023004,1465.5155700737243,3123.008654927481,3836.103141924319,3758.502552686596,2854.0095406266414,358.2319769160139,399.2258400834604,1756.3366910325299,1473.076842008741,1343.2630903702152,1162.7069541241347,1146.1282348938912,1177.8828597927175,1185.1695659949128,672.9443025664203,1035.6903032977548,904.8694496522952,2884.3440614787205,3342.2550833411156,857.809468540596,700.8778761482391,1221.780166531897,461.6916526227947,3821.194139348986,1448.115533627678,664.1739321693312,850.3306087263896,1101.5481299311703,1557.0591111855,7542.184867737514,1346.536208350081,3720.655111406645,869.97774973255,3744.3709507555327,493.8968835593296,1444.5214638237899,3685.862819397309,3390.5826987542023,1648.4877508112884,961.0668110078127,1044.9360201205411,948.3587013141761,610.3205698820377,834.4544870310242,896.7648828146323,2160.8142786331705,1341.1697415895928,7425.722198012859,1348.0879409764573,607.2954763646791,171.10010420789845,3428.6175729230463,2350.764705011757,5796.194211401814,1237.6093738958416,1647.9466617790167,3361.126776103479,859.5012888858113,163.68721191705615,1539.4614265989028,716.6347150804669,3529.0450002834996,1396.9957568012271,3285.142550292689,3414.6670348648304,788.0919458751082,3492.8833976784167,724.0439261048303,2771.212666339834,7448.920879365338,1260.1216355673696,2348.6936841312304,7639.324440425422,1407.4911671255004,525.5331883700679,1369.3705302154926,360.88805789326864,1515.3098667745373,25.39154411256054,298.5289329748308,1277.8753986612567,328.06769733450267,1319.2636782159163,472.4676922686021,483.0617184390102,1617.6415751461336,1045.357794476869,1417.5473499257064,572.7090371529838,3263.5678490241166,474.51947388399356,1498.3040884041307,2231.6162287257825,911.5780502500662,1585.7198943483982,1227.3160415237678,569.4993746606704,1219.243834956463,1274.2868906746046,3528.2581827858858,512.7818733171221,2966.253740982601,525.1657153790964,1560.4409956987388,728.71821375562,1955.364221929754,1001.0048755217864,7357.109360635791,1424.9662817715287,574.8864369536619,215.65324269811057,393.37053325611885,3848.477178744704,5713.366791365002,1032.6272783658121,1854.7253160213386,1236.8948351405804,453.64204208232763,484.02713944606967,1909.8265809557874,3804.564276195825,813.4579592994303,413.6275781885833,989.3109913215708,4903.007289638843,2780.5131564840112,830.3148577713275,3687.0405013250956,2110.474392303837,3221.560359792531,2243.7075558217807,1093.3711156861202,3561.050674951438,3570.941642020499,937.238622833498,330.45141395149335,2857.7354079825295,1099.5162048177926,1051.1291908832159,1906.621801541311,317.6704114063372,1161.1025280113765,3884.61082522017,1234.0520101074824,1322.2299625363885,732.8113995387737,1493.8338688446586,1754.277808320011,1617.0247653102165,1211.5741453543958,605.1190809868488,1502.9980369825118,1792.5420690730764,2306.546239851303,158.1837946779419,1699.4076004396325,1165.4365229572686,662.6039836044322,2076.9650927840416,2424.4024222110597,2321.0990232335707,747.3391292391835,1154.2389127044835,1459.633124227399,3623.984467317155,406.8599505368252,2562.9787318711137,441.9908246647585,270.7934407453014,869.0180785976887,4659.642480092871,1023.8696339892437,3792.537063834707,707.1209415043086,2307.3394501182165,503.5500985057394,726.641708883349,2467.102589970544,1239.6021165355228,3718.5992771465253,1636.3845631093134,1154.1286517123406,3052.9240058009864,2438.059643719376,467.4921866967317,1228.1564314897196,2958.0610326932533,12957.668205845239,6435.520588359565,1051.551020318163,877.1268084872073,1192.6918775655874,473.01691152069816,935.7401574064148,2456.2785339314137,1682.0783373977072,1197.177242559286,1885.4421999017713,2498.0650791830813,1555.3517285440362,4918.729097802848,1301.0779366217607,2975.9747646082105,1441.5837622851086,1587.6693624201237,1084.5867350702283,1565.4362021759553,1252.3586560210513,1233.7029385593273,2305.909962500709,1053.7149891080373,3059.015772889878,2212.215939089572,530.2928293928871,1318.4854698170814,1082.5681036035787,1695.0014208791476,997.6840353580444,3478.8211530179105,2484.392202791498,713.4490735122777,1244.5854237107444,3657.3516426018514,1572.4165249995026,1124.7632020274743,5863.225539702027,3131.8070507301563,2156.879296005363,1250.853230365746,2504.939380534649,1806.5722274088032,624.559003920741,1714.759366151429,2852.687982924251,7474.466259969486,5945.310399677453,6382.5513003854785,5820.123193057349,6548.229845215798,1425.6358066749467,1142.4299754546958,2588.9693277582346,1418.2612265635255,3684.880873653568,1585.9491940953674,3900.8436255128254,2811.1320734899687,3434.9792638863887,885.3051420040889,3680.304684372347,1801.883563590683,6135.35041576933,1141.3181045748634,2161.9412712368126,1491.4936745354892,3417.1412844483507,4769.712275823737,1802.3752624774572,387.38648922290304,1418.2599602199978,549.5095748447162,3503.989244542139,4727.4626515180735,333.72617920389825,1313.75136814029,1601.2819512101935,3123.6313671296807,2982.585926279861,6178.859694840799,7444.9269256750085,289.10987669650706,222.09162446360241,687.5375864733348,1751.699753368169,1542.6450147588305,5878.121160421286,3746.9382895615936,7479.654094222408,84.43059066559091,1323.3193880038273,265.9687336492015,2760.862186345597,1278.8193735240507,1603.3825404543743,1184.1394349161571,1414.8165046313445,5547.737103844191,1231.4800276257558,2415.8377187887136,6279.890748377683,816.7997916592578,2136.1577523379183,5213.557730172907,689.0686132589718,2066.6090712444893,2222.1543876943347,1534.4819723730366,6883.088570104134,2089.146649199377,1220.4974598635706,10779.14207448723,2498.6012761133347,1510.7298871521734,3071.038432025057,1871.7143743592273,1248.7336020863083,1663.6982644170746,1412.7144822584698,918.0025532877858,1787.8254504232182,2043.540232316365,1500.4194815351468,1459.5320390521586,3447.200608996061,1603.768553507943,3611.184117032729,2448.8598216776168,2665.160278138965,1518.3673736924688,1101.543776965728,1781.0133685340734,1672.2245542095352,1855.083257920565,1932.4710526541296,874.5135778191973,1638.1238801685415,822.8467663587669,2212.365394398425,3202.4914721057653,2895.38564528404,1599.5269347427832,2663.874236617485,1345.327043410387,3844.6010388128784,1309.2351446085781,2385.1059551494895,1343.5540935056686,2243.8280453197667,6335.584774137605,2095.464987100209,1962.8432345488682,749.2403920974189,2942.229290136418,2221.4735782326093,1647.8371524725146,1242.3170726187846,2202.4073401626447,2152.508125583681,731.8724494641392,2621.862341015041,1988.2024165830883,656.271829559354,3728.662431912293,6142.720563740153,3924.2387236925456,6301.338259399274,1975.097114925583,1463.746527105577,1990.7514025948747,2661.835159930754,6489.066880154637,3837.1778443651,939.581802283334,4968.958879025254,1517.5890266651581,2881.6369263295815,1494.3415634677833,5594.888935782354,2315.617406581619,5621.989362903752,2592.5591963524193,494.9570252342238,2672.50956616972,1095.757317069828,942.2236281322818,6607.661574870626,1302.728278749986,1619.0601248331934,2923.244817559062,4978.0553006921255,1622.67500810386,1420.1309520634832,6618.516435834666,1164.1542730642475,2545.7461927666795,1788.4623088105714,3596.135938175511,2305.0730207604065,2095.8432383199993,5891.051624114476,4971.996011680599,1716.6208278737515,4944.36637110165,6647.196219525393,3191.5926577480536,3536.354283747848,6614.408408526562,2504.739310899987,648.158803714112,948.9476481584712,858.9046026022328,797.0517268825255,6610.243068865835,2249.0503781222087,6413.004306284175,1012.3717045697313,1479.7179973516772,2310.999434880249,1043.3695289210966,907.2167788587673,1775.8026309872519,1175.9179675035316,1340.8118394372525,1701.272117629986,1869.5443261025448,2191.215499038768,2144.38341728696,5915.527690138106,6807.345465291003,1511.911897016461,6287.845761562408,6457.009830354719,2173.508185538582,6391.092985069,2026.678115338349,6468.635956248335,6863.883226165473,6455.360779794893,6271.006253488361,726.7989197092729,6396.660757797246,1117.3293062836321,6537.856796961014,642.1629930654136,1841.866887580692,1545.5138486391854,6344.1394410513085,951.6651662117874,6069.832075395649,6432.453265544856,2774.75273855674,961.9633066162223,7400.450706588792,2662.7559402984753,6414.224638295319,1115.9447280309255,6507.977663521368,6549.130481047248,2702.3525936414176,1802.6081663998361,6196.761603919572,6449.4550438444385,5678.414768597158,6579.540146422036,1072.989659599217,5898.462675057743,4833.10358336239,819.519335097316,6145.791535623632,6411.757721207402,6339.984047286299,6545.027918783205,6582.83829516006,7460.199109644021,2995.450481501191,6073.24562212225,5903.822218945057,5919.999400272303,6405.157233077749,814.7244457084222,6156.910449037925,6134.183041498374,6381.511254834329,7595.223193551848,6400.911922876828,6996.321562675191,2596.9256631029957,5640.587050392581,6391.4597851812205,1883.783418711608,7392.386863378142,4883.028873743187,6231.651429682223,1940.7811195869215,5900.2875057178335,4718.306517401923,2832.849966262057,1050.132071425944,6210.488957488231,6086.072501097073,6370.003624831006,6017.251859120479,5666.8180380074145,4646.06146767557,6681.798961271995,6179.602295093956,6558.750227845226,6444.685474616178,6827.66422403927,6816.423174505105,3830.0068495838905,3844.3972748919123,2490.6898189515437,4751.2248860209575,4989.061518345363,6433.707376995718,220.78941265860496,4719.115329692428,6581.4551933517105,3430.045744653828,4926.212790424201,3073.6143728230213,2792.5319428464404,6320.921516362046,5965.248811475876,6451.868340930854,6311.589235036037,6288.868440758924,5713.213586039665,6217.1825357914295,2852.972426560818,5558.127024852492,5782.1954214160205,6053.468781638501,5000.53797983923,3913.671631170789,6468.091377935521,1523.7614065165546,5846.328999579799,5399.356063159954,5826.578008019212,6386.757578169064,5846.141062975899,6320.8710017431995,4863.730486048182,6063.1230544450045,1559.2447481957158,6284.375711711772,5563.739343579063,593.2897995315882,6659.195124925294,6198.86038835289,1336.404962331639,1361.151604220152,1030.0538719889921,1498.3994379495573,3145.386726334585,6501.697545376313,5748.3575765211,5582.582164261092,3748.0514410748438,5788.068212057224,8108.653305537219,6175.097359067522,6640.722111889357,5920.4636051551815,3234.2123813732255,6129.0423449029,3336.284620660003,4706.266735361271,4753.234698017254,7060.974493729067,1588.4374628380995,4744.060075943088,4954.130380787869,6326.437924183741,6053.950203483559,GA
13031,285.89180222874216,1196.2776688550134,2212.4789928937544,3398.8496084055355,1431.7945237991755,3083.159084767734,3787.6525483808036,3716.814127025579,2817.807725299658,322.0864223939876,442.74501678425537,1705.707249969861,1456.6507622398508,1319.900703016989,1143.3216107276576,1101.0075492619992,1159.6979529046705,1166.3482949484235,719.7303596833053,1015.5018722548847,881.8357166373895,2839.337077532114,3306.2492922071197,834.3186678740127,747.1135591747127,1171.7526532752565,497.07192651260493,3773.6845206524463,1414.5557573670008,614.4532007801461,824.8778724613983,1051.728385198498,1531.3834280477345,7505.490544125862,1324.4732230474694,3679.2198294637956,852.4857151334198,3702.595665033219,473.36732798980864,1396.3552693218328,3643.2337533360173,3353.343053014393,1624.3054141880914,911.0189490162943,1002.5826360584053,910.5022127005752,651.2964468046731,785.5872082241929,851.7077024564807,2209.8143634800917,1291.5063610597915,7389.701953996548,1329.1521855878434,654.6335022109183,211.26509231179642,3390.7100261794835,2312.4327992364942,5745.521828054001,1202.156538311478,1598.5523217809216,3323.4721989533477,816.1064024334187,169.07861540222018,1499.3221914999444,696.6885053533503,3485.7089644545367,1381.3705291794477,3238.386228331687,3377.2251713199157,737.7083448297627,3444.0039943771867,712.1860784712973,2737.135669164067,7413.719766769955,1212.3336251248363,2316.0545053456044,7601.857430847273,1364.9349552332624,484.91514941277427,1346.0548924002806,405.04444611882,1465.1258662255607,58.88864574798089,298.8791318670206,1244.7833407985586,281.690818708348,1289.91218604067,506.8395434801105,432.690620088376,1599.5275478507642,1004.7329315428619,1367.3141592188874,558.6911420020579,3226.311213166449,444.3239608382184,1479.6592322836225,2187.5620493752285,863.9193863442798,1541.1091916803045,1210.434083302299,609.2007746641432,1200.0668953960744,1230.7515539124975,3487.483825937953,500.8841566822409,2917.5517770037673,561.2077431223012,1535.3604010067374,679.2365479613472,1923.3472445314148,975.0130030435008,7322.221453994462,1374.3366219670136,528.8693677845558,181.40102769522056,346.0866272051773,3801.8422870029,5662.851439115418,1015.8192441604108,1804.4768689791154,1190.8702473144854,446.23214809796997,434.3292919477657,1874.0444712479311,3759.0568282209133,782.5257246565909,413.3819502187631,947.9403895156128,4852.38958184391,2731.4285643875087,871.4681199011902,3640.2180100480737,2059.8045999417086,3172.6603954225297,2292.2596526099373,1073.315481576999,3522.727675029906,3522.8357394972595,915.4593734716296,332.4267487769316,2810.276578738829,1076.6001758003122,1002.7571001661363,1867.6598432347532,363.2756590517531,1111.988387493435,3835.612743045661,1188.5715212232315,1271.5596039656753,705.2382359838311,1444.3279092768994,1740.1135714788047,1599.0288079623833,1160.9057786465232,571.62849496128,1453.796772059777,1774.4586871590366,2257.3987283231922,110.52407914692795,1685.8471346333133,1133.4578399921445,644.1767868117123,2126.4457036282474,2380.2670984767788,2270.624251873438,729.3742688710381,1128.9389515437178,1412.5683772575635,3584.7200436001917,391.9129002046737,2519.2218496922933,488.6188701811543,304.77681674669543,818.4437621781343,4609.2929760753705,1002.796244723968,3750.0460252627886,665.3756359078533,2356.114641158984,457.9334287544941,712.2623400955383,2425.701781786929,1218.293531688734,3677.8995831654106,1585.7293247915034,1103.466036500726,3003.481809906801,2393.4559038711677,436.92372884919854,1181.4289674871075,2910.8581910775706,12909.271018043544,6384.848168466611,1001.6215966476033,831.9109270740097,1144.567609434207,468.6973056334346,900.6684595177599,2405.6544289400795,1633.3122186236465,1167.2167668165166,1835.3396693681973,2454.936740996047,1526.9228046440921,4868.222321050745,1255.3195078045296,2935.0236443659737,1430.0118048499523,1537.8104792139936,1038.4713667558808,1539.4548488304779,1216.2861368124663,1184.7757755192506,2266.6327214509906,1026.8320807548357,3010.016744630011,2161.580881661207,526.8944152107724,1268.0756475958326,1031.9222361884677,1682.679104457594,965.5931695708574,3439.480695486789,2438.9570601932332,668.5028272847327,1215.2640988464195,3615.4501439653027,1521.8871181617471,1086.3101679367558,5812.560069297578,3084.889770310049,2206.3078629951024,1209.6293407067355,2457.2362247573183,1787.2645783025034,595.3905069431148,1682.084999933473,2808.190558048923,7438.102684908319,5894.792455850664,6332.261426149342,5770.428415730966,6497.711065411797,1399.449416689552,1091.864514574332,2538.5058538407293,1400.2908156738683,3636.729744493423,1538.8660371203734,3856.363263182135,2772.5801863225965,3386.461731979301,869.478002169624,3631.7353835743147,1753.5655027590328,6085.833925191261,1119.2809198219438,2126.745860144108,1461.6152143741842,3368.7971722577886,4719.202481080291,1772.2033588456873,369.7116770211189,1405.2090239719662,539.7416710603649,3455.9033965363337,4676.978808250322,300.0850157562268,1281.9000897504025,1563.240926539131,3077.482939581128,2935.889423406817,6128.26160436338,7408.798055251784,273.7610554840664,230.64265008655758,649.6927839087551,1701.8345416926286,1524.8570751687168,5827.48361805208,3702.798858582932,7443.5512717707,128.8320711820713,1278.1300432748822,250.08207684099116,2712.5460118484007,1261.155267034632,1566.7551195794113,1148.4999214404065,1364.1684143707464,5497.071192417229,1203.8431218930286,2372.535863064618,6229.267325594811,779.7497607893795,2086.2907110698884,5162.9096573525485,658.1371548657373,2016.1186324335868,2271.054792734017,1488.5352118560636,6832.8254799276465,2038.6769177330639,1198.4213075740256,10760.2576779926,2449.776169378364,1468.7472798714114,3022.4188126065833,1827.851171580589,1216.875799434535,1614.2085375121405,1382.4000989731103,889.7070443157213,1739.404563422068,2009.7190126159185,1470.4277895826017,1446.3554335843548,3405.609912411276,1558.37802628501,3572.289705426816,2398.599158600472,2619.006244715631,1467.7249086015258,1072.9619229282634,1735.3652317489982,1621.8370253551466,1804.450192573376,1881.9224065779601,825.3626049333501,1589.4410210057074,772.2662293301396,2161.7256992192083,3157.8190725941918,2850.014168617514,1551.5170076602606,2616.4305834948113,1329.9152191301926,3797.008447131344,1260.8772226595472,2338.5523812228807,1329.1491470167434,2196.292827999668,6285.001163958905,2045.4764273052544,1912.7093026175974,723.7788466403891,2900.503568802122,2270.199888773223,1601.6244033415537,1192.1152533800755,2158.9782795182473,2201.5453748051627,701.9042702316956,2573.0619584342057,1940.5132546331547,619.8231800218595,3686.65050219725,6092.188183664546,3878.083938094621,6250.66810312383,1924.585579225863,1419.1388913372393,1970.316714880752,2618.65127129252,6438.41014596161,3788.6907066698627,889.8415451928664,4918.3446186692045,1495.7262028414002,2843.702092549537,1480.1864332975567,5544.216385817213,2264.944834432673,5571.689606591644,2542.2359160465544,542.0512166717257,2627.507126734473,1045.0927638277726,893.4727197088048,6557.314505486057,1252.2120081476367,1568.4287234354722,2875.144597654402,4927.401916417136,1572.2655796266104,1405.5992508273587,6567.852691636937,1116.5053989762157,2504.2252193877757,1771.8454681460003,3554.8309368556397,2263.053199323887,2145.420874506951,5840.422764974789,4921.335322195676,1699.6715855081234,4893.771053826535,6596.5332196025265,3155.7141681916933,3488.527662339397,6563.735820437381,2470.2971263728023,603.0184181100309,903.8821867892282,822.6886837814999,750.868792643591,6559.585934019017,2200.6571415902013,6362.403579745173,988.0988184100532,1456.726427644607,2264.395349339359,1008.9876762179255,870.6198943331343,1726.3144977014676,1131.729046244698,1291.006110808329,1682.611045506887,1827.1446199597424,2143.334458783257,2111.123409525133,5865.033086036524,6756.80106558446,1484.8708823758009,6237.558123754945,6406.342440214818,2122.9547738171805,6340.897044513258,1989.351652346948,6418.308491834542,6813.355187142713,6405.200249502269,6220.669618942379,685.0789191150935,6346.133855638883,1077.9788724490952,6487.808502494952,602.4161907357278,1794.001777841064,1516.43636115341,6293.4693076534995,918.4613915802825,6019.187069907213,6381.924557675033,2724.553239702273,930.5181512077556,7365.201622206187,2625.528602014401,6363.552286640623,1081.683303380603,6457.3226370558505,6498.498330390003,2652.078658094068,1758.7581810304027,6146.23063235252,6398.939344513545,5628.166127128337,6529.100585556639,1037.9950394104396,5847.8382374488865,4782.588626228258,800.9197191489104,6095.48512286274,6361.085065388601,6289.479353694373,6494.683445073924,6532.166142489514,7423.835841559721,2945.4763079339205,6022.711019536032,5853.1975270695875,5869.885269017274,6354.554517830324,773.4628644076955,6107.2127191084655,6083.8795558605125,6330.838621167556,7544.926590909862,6350.239298933091,6945.72133390122,2546.812644628117,5590.950654999892,6340.793812665263,1858.502314268037,7356.549621817864,4832.471853040611,6181.090931488037,1893.9636247961225,5849.9924333759245,4667.923990007155,2788.064295831192,1012.8420494747937,6159.851093469268,6035.432334946407,6320.169971974823,5966.842981643882,5616.75417567666,4595.742935474806,6631.126471216428,6129.082628249626,6508.112130810464,6394.0133809353665,6777.388708894088,6766.149920125204,3781.5308465776893,3795.743935668313,2448.2532142422,4700.882126334087,4938.482639208396,6383.035300801284,181.6794550732977,4668.76212194369,6531.1254862553915,3392.459937046214,4875.639104469381,3034.9027447830395,2751.662741019088,6270.276244928758,5914.718469387184,6401.231416844363,6260.952838994841,6238.2236320293605,5662.868340552674,6166.548273898734,2813.3406002077663,5507.853169140769,5731.798401772011,6003.020268771704,4949.942710869512,3868.612593086193,6417.45747719041,1502.9335591012,5796.087429141689,5348.881415992337,5776.120720906128,6336.127402952794,5795.632328590106,6270.390499687107,4813.1261293460275,6012.613928949135,1508.6416452929254,6233.762494826539,5513.078389470926,555.9622142067503,6608.878509537741,6148.2596339875,1314.5928782575504,1337.3422229199139,990.6041112513342,1451.089157508702,3097.389088115059,6451.730407842269,5697.686439584279,5532.161378466213,3706.465536208611,5737.3956868821,8058.070673407547,6124.427263206991,6590.317600370149,5869.869387489097,3197.2479169407998,6078.413048794418,3300.1854574745635,4655.902935778388,4702.920803277472,7010.775908745826,1564.292397575023,4693.638944956587,4903.514713460803,6276.021799863689,6003.479310833831,GA
13033,233.7078932941425,1119.5301915752116,2156.247771851107,3358.584875986124,1400.5951220108698,3038.5329689894634,3722.977451966208,3668.2028330410467,2780.523681875565,259.6240721450199,518.2429157676088,1630.6223903517289,1415.144678547209,1307.6878923361915,1098.417549487569,1025.51562790402,1116.4120054242408,1122.1618233420852,796.6164639503091,969.8784564001087,832.7881084218466,2783.606547714333,3269.1432253649305,784.8509768245409,823.7735420952253,1094.997987415636,566.5582274691703,3711.603750070368,1383.697998052378,546.9578059131962,772.7586320088939,983.1997902724196,1514.6702733683815,7466.339690439163,1314.46877427437,3631.149023400052,852.1297902245856,3653.8042196195934,431.4148419508339,1333.1231459108958,3592.6335050945386,3313.832139799102,1610.0129076972198,834.290632450924,929.5369207155901,842.3354780140199,724.8178095734597,708.3140833463012,776.3591105893054,2276.80736619988,1214.4427411215227,7351.8453526760795,1284.4279513190256,731.7091143703328,285.94096207482863,3349.8767631103856,2271.2355064330545,5671.2593600144555,1136.375977413291,1531.3216270399585,3283.15841300232,766.2831663287135,184.6383063812933,1455.1735609730326,653.0343693473021,3433.603280036515,1341.1233461798995,3178.3274978782893,3337.311101621059,661.6020296389963,3378.0889676272704,680.1618713202691,2703.9432536131767,7377.404928427212,1135.2662485559015,2285.8208931367717,7561.21308557793,1315.733701452723,444.1927066116865,1295.3718343396558,480.9430133244443,1394.8032795771542,127.62979106452542,294.7370959552291,1181.7619205620178,206.0261761028296,1231.4666565292544,575.419600718409,356.6141566206517,1555.4674391752192,960.559613504142,1290.8528915847712,566.9044610953657,3186.810398390744,388.5463694833021,1435.0574942255587,2134.2741727688503,786.9258066517884,1486.9757413670081,1168.8270109892264,681.8369763803905,1155.3019838598946,1179.5298519067067,3440.836436679521,513.3886570663003,2852.2393524792133,631.0044409517252,1482.0734641758054,602.0726203707702,1894.632600254213,921.6118359312587,7286.5027515599495,1301.1367456758742,473.90578341248846,128.81033846533003,269.5049794864031,3742.0030190230354,5587.074019550385,974.9227410611992,1733.7603477818784,1133.6707340293933,466.6079376780239,367.6367418140138,1838.240110261606,3701.9598416213094,759.0283154941964,403.7088253271728,875.9108945646701,4779.137158461681,2664.9595619695915,944.8844706176037,3579.9294103816605,1985.314674369888,3106.7119886306764,2357.9728377935503,1027.6884443229712,3481.033451953743,3459.1665742623704,907.5433876971907,368.8195593014842,2748.478920441157,1027.0463176460003,925.5342433676384,1825.5321647269245,439.8844827740718,1034.7335811333685,3769.295743964422,1112.7939533443282,1197.5975752713973,650.8232669164747,1367.185039338457,1742.2090821375257,1595.1834711461936,1087.04699619396,510.0261801857634,1376.5591962838025,1730.2147760954356,2190.8108327579644,35.754319156984856,1688.9941472215735,1106.3123882196376,644.1050607965253,2194.915210386966,2326.7054552397885,2198.59397907242,729.1956537078372,1076.050855419959,1335.7971666597973,3541.128423319273,360.2919283336815,2466.4611533847165,565.5151896783067,374.51501660909935,746.0198224598904,4537.861406117344,995.6258665142927,3699.7205327323823,593.3375979058535,2422.4343049086788,382.4864954282525,676.5408075547692,2378.120670433146,1170.5661266277932,3631.3594906947264,1510.9473209940818,1028.8699297876187,2935.797971571877,2338.811903071433,418.54138911885866,1104.8543249134063,2849.714503650941,12844.374553607451,6310.5756707711325,932.6745292218416,756.4472104206885,1067.3983254399204,451.39526409667917,835.8117845456212,2332.410039406782,1568.131937665739,1108.19508079269,1758.6755038208332,2403.6041024207707,1505.3364099984594,4795.867295318247,1179.336106093711,2888.175657660352,1395.377465137464,1460.8874809608335,962.2911392145073,1484.993554819748,1149.771069169208,1119.3580003611958,2223.553408376381,1009.4472861414357,2943.780277114898,2086.528686607457,509.8443868156543,1192.005186223299,957.0755058852237,1687.786400646705,938.8710777692288,3395.7760263730243,2382.3396472201457,593.3686477921208,1156.9727644799145,3566.411080067842,1446.2140105683068,1017.2430301802001,5738.591190623635,3024.449735345198,2274.5974931786545,1163.6389670681099,2394.8610399560025,1780.9352695333164,539.5049180099684,1652.4502915300186,2753.649085757826,7399.589239838969,5822.3426474338585,6255.884743830149,5693.3912284153785,6421.944171856082,1382.1219623074453,1019.3853071333438,2466.5242867621764,1356.7545655286274,3572.9211880020357,1478.5534208973725,3801.629920151613,2730.6975698766228,3321.6345555382286,830.6257138563524,3566.7302486677618,1689.6866365108692,6008.703645302946,1109.9791572310003,2091.8364737136735,1437.5309054575873,3304.4734711911638,4646.830550000118,1747.0673203994477,376.35329766347604,1368.5289906969792,512.8430629346166,3392.298204917813,4604.777797100759,280.02344315042274,1254.571013026504,1523.3357560834615,3018.966629788725,2876.0399689410283,6055.182735413123,7370.73354508369,246.54231715336547,279.1495932227201,613.3558954373381,1632.821246992137,1481.3563548100574,5753.988722689942,3648.863032850701,7405.532664529147,205.74202486934726,1222.900890891765,265.4869553050381,2648.400790501369,1218.3345703526986,1529.675823892379,1114.2340161520883,1289.306407234208,5423.09390705813,1147.734393108251,2320.854842494847,6155.934027837751,712.7889446486803,2017.183168669288,5089.278475376913,635.6801663129386,1940.2788259040838,2337.747437698136,1412.396117302699,6761.773087762056,1966.7033879667606,1188.7725616236592,10751.939108267512,2384.168832743861,1420.6755341151795,2957.337349862919,1775.216923376847,1189.7073333208348,1537.0597893744007,1322.6228842383005,833.5137276598019,1662.1635406953715,1977.5352219159781,1410.952380022903,1409.4146664222135,3357.278419503235,1482.6045045582682,3529.443787858581,2327.7376693728643,2560.5875058220113,1394.3385104911606,1015.8932269590073,1678.576627157148,1545.696989557111,1729.3937613854157,1806.3221307256588,759.6134853121974,1512.1721497848318,699.8163715883193,2088.304867033632,3102.783515557021,2793.4227517651507,1474.3690195897348,2554.715806934761,1290.0760775579795,3734.7048745085176,1183.6519009115284,2279.223082199993,1290.7250766309605,2134.448534419979,6209.533418635988,1968.6768164769187,1836.0875938893241,710.8021268801007,2852.036813818881,2336.399766451909,1543.5253261587054,1121.8105540717027,2107.119152813952,2268.6484965276845,644.2609515843254,2507.5071389217137,1878.3419973535692,554.1230281047787,3637.3613731995392,6016.476932559461,3819.417531030768,6176.116967626013,1852.3465322861537,1343.9653919204518,1922.7039006987743,2567.1297038666994,6363.557800996048,3723.909780717499,821.788429748016,4845.126881299982,1446.744410634749,2803.016769066345,1441.8048024196705,5469.9321244360335,2190.626460529586,5495.3329265023995,2471.045356799927,619.0784783035241,2571.8502784926222,971.3799557145196,828.970882613897,6485.852089888814,1180.0682941705195,1495.1754545739352,2811.5838619018073,4853.690123322841,1500.7356574236762,1366.8331536369376,6493.12273391708,1055.0368133704408,2456.35148881001,1729.6105073249494,3507.062130782511,2214.2333339356032,2214.200515970704,5767.032954882194,4847.488130673737,1657.0707414772492,4820.73639751557,6521.787964025255,3118.9081269411595,3425.631753040217,6489.43570480577,2436.571765419802,549.9075335817631,849.6800895768654,756.6241082338338,694.249003998483,6484.738999326345,2136.403191429629,6287.03720501156,936.9697498530163,1406.2967847265195,2204.9636603356025,944.7561654968657,835.4632237129371,1649.1656606313113,1079.147775311665,1222.3841835964704,1637.6929146757009,1777.7886250247727,2080.558712745916,2079.9012663634417,5789.17915244273,6681.138785610447,1429.1103136481033,6161.177312335935,6332.313773083768,2047.3703966427945,6264.359515756515,1950.4028770912566,6346.948589975303,6737.623975621073,6328.6099659714455,6144.387160250276,639.8603906135232,6270.3994585424025,1036.3276303514708,6411.0735855518515,532.771076422644,1731.4046989447727,1458.0545877820684,6218.916943656457,855.8650754845413,5945.589868433839,6306.197339476258,2653.9515096382447,870.1102401639522,7328.801850025688,2586.34254867531,6289.2881894944385,1017.4765981917417,6382.444978761544,6423.366307569092,2581.1274683185634,1706.2064994181376,6070.51340280147,6323.1608974002,5551.715430311919,6453.071095961589,1005.3565928031675,5774.498392322274,4710.180239943022,758.4916012487595,6019.1407932568845,6286.769810303519,6213.66018274331,6418.417460350937,6457.723959707754,7385.324407977997,2875.8302102722528,5947.0092375451795,5779.854790710305,5793.231590590495,6279.200934053792,701.7532099023024,6030.177497214812,6007.5294720022275,6256.46154787195,7473.700979435466,6275.932949759955,6872.613020953386,2476.6186867883644,5513.879369744439,6266.115138260647,1841.9449653602148,7319.0427924126025,4759.757950335482,6105.5043562050205,1834.1389597052355,5773.626290506636,4596.31523610152,2732.863650697629,945.171410175976,6086.348210659637,5960.379333847197,6243.229692665851,5890.73096134877,5540.0377319226955,4524.47061505872,6556.842476306326,6053.3202986014085,6433.035846828267,6319.774543257322,6706.277986104941,6695.050242398222,3716.7828675385376,3730.4755540467463,2398.4391719245277,4629.482918584051,4865.590818164019,6308.798064265386,158.03541144939328,4597.309471985214,6459.752209353114,3352.258873076134,4802.7916521030875,2992.5937005286555,2705.0548381337862,6195.276513334529,5842.182145071505,6327.737820390143,6185.861350820294,6163.218907688663,5586.60534207408,6093.090339024066,2769.2596906170193,5431.447583011893,5655.6565335519435,5931.008981979734,4876.907478133867,3812.5487083977173,6344.001166818632,1494.5851853987397,5719.62439777599,5272.961854913415,5700.145332637027,6262.716429708265,5719.829532341939,6198.17976286879,4740.008458940866,5940.221885006067,1433.3623276489413,6160.536590225258,5438.301859725298,521.6918249165988,6537.569649573938,6075.155819886471,1305.0414043648168,1324.3131129338685,920.5504492927266,1390.2302824538822,3034.0782850585138,6374.908412722081,5623.518145041184,5456.081938854605,3658.0723608289095,5663.1137523209445,7985.10652713999,6049.8746334980715,6514.193086634477,5794.464898208484,3158.3274745106846,6005.015277543994,3262.902134485448,4584.394875334789,4631.668606028611,6940.018715175674,1512.1931214467866,4621.814816109026,4830.282724520213,6204.192813447384,5931.33272376585,GA
13035,58.147127062797225,1026.0020559081995,1983.0081552967026,3175.722343769408,1218.4274432528966,2856.787037932325,3563.2320905762067,3488.3965010306374,2597.3974329265743,349.5872540604257,596.6735340673202,1514.437715707081,1517.2580422566587,1137.8523738114536,1195.780232058343,993.507121694122,1217.3744740381426,1220.9367645980506,882.7799972980841,1067.3950070287965,924.403821854536,2609.765145962351,3086.016250955203,876.5306109500128,905.6028422532164,1001.8652377697708,606.4875991895312,3546.749090698249,1201.639333636832,401.3669532045991,857.6375491438713,836.7409954044039,1340.368947078626,7283.377750970822,1146.816940590333,3451.0286950710274,699.9092028096519,3474.105501991065,553.803054984955,1171.406837293677,3414.131366311525,3130.8651542648745,1437.5448343442454,744.4483319323996,921.6603512095039,866.3271129082304,780.4028022083278,643.4674536065145,751.7615941654,2432.848643288779,1127.3329276941527,7168.765300705767,1380.1146643637423,823.3083549088104,377.62795486378167,3167.109299824326,2088.4872902301418,5545.164914095211,1165.8060573181574,1379.1660705196548,3100.3013881624934,586.8696162791363,367.52361456730284,1273.0935643623202,762.3412937316859,3256.2600636296725,1446.6737393080907,3010.178446230229,3154.396684373336,566.2357092333132,3221.2626049085793,811.1992753363818,2521.106723578949,7194.27569846055,1075.1098892719847,2103.6718505444533,7378.4772873048105,1136.0866715579284,261.0657253547651,1375.4452418284006,564.8861370497308,1253.3095515550795,288.4488829654549,468.42891767415017,1222.2668594840293,239.81642923059255,1288.2939576819724,610.6481206127016,280.1227173233656,1650.5367532051746,778.3343407654874,1191.1105463306478,437.0161627716381,3003.8392076707105,482.17143318377134,1529.7035722674493,1957.9364128659522,735.5777707658062,1311.4578721346506,1273.016240785565,733.2582189078325,1252.2892123615077,1001.3262826535097,3259.9670359109027,395.19649210109816,2694.142075537998,669.1600721373572,1552.8639583888125,531.0311775869084,1713.0595904319541,999.3577435346176,7103.380288959469,1173.5392471768996,299.83763255605203,272.56459861959286,271.5075890283084,3573.4705107316418,5472.601596941949,1083.2063940455494,1593.024881751455,961.8465672971872,369.3496116101372,225.31934265202136,1655.1639127700187,3529.693725557571,581.9740903460828,570.0783978942462,876.5503094337007,4647.534089182038,2509.759782799209,994.4026302614667,3412.098613730893,1863.62017740194,2950.044375957977,2516.8652075774617,1124.289237497648,3298.443757423987,3297.3612963659743,744.6091876007242,323.8833752304664,2583.2699726845217,1113.6522167502546,861.854592545481,1642.9408977540872,533.7251139104184,958.7675203644752,3613.358935098063,1075.984879181203,1075.2427668849994,733.0802378728723,1281.4853554726806,1587.3861471020389,1433.3956421079474,964.7695394098197,576.0025903136744,1295.5706096867025,1823.7445364463251,2036.1863192269793,185.435895509781,1535.7556213367154,925.972065143356,496.69667869027717,2347.2609662087675,2150.6285020472274,2062.7335821839238,579.4428615609311,1152.5992348451218,1280.9455405584774,3359.051149143563,504.068544323087,2289.6534612513396,657.9763837110368,431.06850096759973,618.7790844604714,4397.920889852518,832.8254903929097,3521.0259568558727,604.2996390674673,2579.9681845837604,381.3293564301298,801.1223766484222,2197.661284506657,1259.9797235334806,3450.4468458442852,1392.8264446767325,912.3076537628183,2783.7535660222748,2163.808602463489,252.8660549656369,1056.4722852315615,2683.357645718009,12684.429726427808,6184.362389739097,787.9820959873433,731.1710726567079,1004.28975962479,608.9967354047603,875.4093932474001,2202.4380931434657,1410.5241307017627,1164.7289019480372,1659.6135634662216,2225.605761800028,1327.5613607864639,4659.84615479813,1138.9696458123913,2707.3755647941307,1512.2687081400534,1368.272544310593,922.61829570409,1552.1854422723886,1175.6266822575387,963.1274876718337,2041.2465402165756,836.0107141905115,2787.878191224981,1968.8008968313345,666.0992745509003,1087.869948179124,843.2410778969839,1537.2696586774548,759.0708173841538,3213.728982247213,2209.546898798741,578.5332541314718,1215.312873488102,3386.861134868977,1336.1255562335755,1032.5583094181748,5610.681990864126,2856.915866408636,2427.376099599365,982.1935076376,2230.7900298341656,1615.8716833837634,622.4217683288275,1470.6550480705434,2578.5376119010957,7216.560162138248,5686.479009191417,6147.717797252046,5596.851429047555,6307.079862547696,1207.5905936460624,889.4919696605174,2330.1211114660546,1454.6237574526208,3411.3785197909965,1311.2269711760728,3626.710882702866,2548.119185898486,3162.30549416536,945.6933953412074,3407.7435181676,1528.9881382887127,5914.758186598692,943.9843911221724,1908.8207765562063,1258.3507739693512,3144.055186299235,4510.935942618283,1567.0733442637095,259.98066000465735,1481.4823521279825,656.5235538442685,3230.376219909531,4468.1173369786775,125.65321863579139,1073.9525726204424,1340.3327912873985,2848.5815926165087,2707.603895994029,5922.310965536706,7187.6676779182435,403.9556313766337,286.2946023937102,430.5751487977191,1486.0335579950915,1578.303139661039,5623.381254976077,3473.154164322853,7222.4636778337435,325.40563584519697,1048.5907974312556,196.38390210376,2487.777664557725,1319.213269940845,1346.5528092344878,931.4690821942802,1172.8968046528807,5295.3305855720955,1213.41190183216,2143.1289592168805,6024.355922284235,746.7985067852138,1870.1647401104833,4959.625029444519,460.4235550467242,1830.0219957131546,2494.464822926629,1367.4117592658454,6619.8393344263695,1830.9324616986805,1022.005438929402,10581.702963954876,2226.9624271540947,1240.3592844790248,2798.6756134253105,1598.2715134010762,1009.2399095393214,1450.4750633641204,1373.6986114255253,904.781061333848,1589.6553116547207,1794.9588848377434,1462.1929986854752,1521.519553935658,3177.295815624904,1441.7911758456626,3347.144237097533,2186.741263966303,2390.1093037040782,1267.4084880442892,1080.5313543906475,1506.064817928757,1440.2129535334766,1612.6402211193051,1694.0887939683826,605.8222375528794,1437.3581248405994,573.4973598189567,1959.696310468624,2928.181791917752,2620.5772042786207,1408.0303765577798,2389.402242475608,1396.9731756490964,3570.247620953903,1116.0476056381965,2110.0897458164955,1400.669376553602,1969.486127051765,6092.046139858526,1871.276588745812,1736.042372258112,544.183692729871,2672.108312419868,2494.23806050248,1372.783607862715,981.2628708180113,1929.5274440770208,2424.4309975437445,716.9172485156028,2350.115607644429,1714.0871220275171,601.1973913591122,3457.971187683067,5901.223712705676,3649.18958773568,6051.74603712921,1718.031417709211,1311.1794481186369,2006.6377113106296,2389.2876102606197,6241.218501555993,3564.3954264616364,674.7225492162897,4713.318516652686,1530.0622139196148,2620.2039353570967,1550.630685017106,5344.039035478389,2067.349697163673,5387.214346068539,2331.231281472817,712.385925646362,2397.932326097039,849.1363014860087,671.4306274979359,6345.5826502473365,1047.442333494682,1367.0921506198565,2649.700109839346,4724.574819246317,1363.978847148137,1475.4046346581547,6369.883352562922,890.1848631908401,2276.0579410869877,1827.9634322007614,3326.7697999307793,2034.4720188278552,2365.681795200933,5635.854706438833,4719.1557904372185,1754.9793692232024,4687.9920093887895,6398.647446010717,2935.7788917733983,3262.3171281601976,6363.3500056673465,2253.6744628189363,373.4153035347625,674.2862573336287,793.2560007305773,522.0072104897863,6362.327210159714,1976.225927202828,6168.673404011994,1020.8626350159656,1485.9997855224021,2035.9972956835863,984.3859793127292,652.6857927305281,1561.9804554181555,902.1065048872447,1075.26010631975,1730.1159812492886,1598.3210325637021,1917.3648844960376,1897.5290761175381,5675.372535997229,6565.222810318412,1492.7132656116723,6053.0976414345705,6204.599453128391,1934.322679340842,6158.345746942038,1767.337421185394,6206.292017023479,6622.327115044061,6223.334981586479,6035.095780792378,457.7787474493667,6155.277467425901,853.4964919393889,6308.03926965962,561.8786218909663,1568.0453189520722,1512.6887912854238,6094.542202301398,904.1920022191414,5815.492851712601,6190.996540450577,2511.6515847280225,926.301000639507,7145.6728153074655,2403.320810164796,6163.027774096215,1055.7586399688337,6260.282466715999,6303.089863101533,2440.247181546601,1529.1841286700544,5955.297403383012,6208.438082100015,5444.793162778508,6340.823525440605,823.0309137657539,5643.051962562519,4574.433257460829,867.5726250352078,5910.654239492636,6160.832880148698,6099.364665405962,6308.831803226472,6332.557689269108,7202.295069728702,2729.927903584516,5831.692098144278,5648.4222755024975,5689.130674652341,6160.7339285945545,709.9717138241292,5933.432259166645,5899.119283955491,6130.927564968072,7332.3291197906165,6149.942466711839,6739.709824676897,2332.93930783231,5418.353577616919,6142.583576729441,1667.2938329302795,7135.942959607816,4625.442493536224,5989.086829581559,1665.8693008377786,5665.51033455458,4457.088240708977,2558.442245118481,969.153868914394,5955.697061231394,5839.638934722745,6144.151049496078,5779.57203468021,5437.057048354047,4383.88982449382,6430.63804403532,5938.534279396981,6312.329706809491,6193.347969337119,6564.57842583961,6553.30978402632,3557.197650172519,3572.05030744452,2219.334136292217,4489.382458440116,4732.113232954044,6182.3643813720555,72.42207532516791,4457.436814749492,6319.128735822314,3169.386426925165,4669.115108456561,2810.130019481712,2524.126623464972,6074.06362203412,5706.7165969031,6196.977017898927,6065.343855545133,6042.05286822355,5477.298529578456,5962.19377478511,2587.305186019909,5323.983443158302,5544.920905189039,5793.152636509097,4744.147006834552,3639.061596147099,6213.034791706909,1328.0804321077608,5612.796064279539,5160.017869019647,5587.59912354251,6131.525818318488,5605.550338566927,6061.14582317634,4607.717196751458,5804.064809515346,1319.6611338175599,6028.39456401961,5315.712324681553,339.76186949445554,6396.67564247491,5942.406122932741,1137.895197731691,1153.6484632715967,932.4002175630176,1223.8947937729674,2871.6412236167284,6273.418162108026,5496.850989031537,5344.739135903228,3478.1373880023607,5537.144650179917,7851.274201483019,5925.54984034424,6402.952798715672,5676.579548470964,2975.2946281035624,5873.817506191275,3079.778256389008,4444.7538441924125,4490.975034196416,6796.941628776442,1586.2441582148685,4483.491193675817,4698.554206796609,6065.4957706539035,5794.070804123177,GA
13037,235.95747747645862,1198.261125640577,2027.6737098229928,3157.156650779234,1176.9744617494996,2853.722046805826,3638.043950013905,3498.010614759337,2570.2411672876638,533.9368287585032,469.2981243954701,1662.3849179577703,1704.1520857380178,1037.6412376936573,1384.4973233579346,1194.1421964585484,1404.3494703585493,1409.0209088543313,746.4508182700778,1255.7030508339549,1114.920975226909,2649.045524174193,3057.321291611781,1066.814320033206,764.2538182083083,1174.7174228365711,443.0081742442545,3609.7274966777613,1159.1671404169651,545.7774790603172,1050.6373734445017,957.9592176093207,1253.0151801228305,7257.686631917559,1040.3866149409218,3458.7757027957973,564.3281470251384,3484.399171341829,725.2593588938837,1256.7872086022887,3431.1685702342293,3109.897191726083,1343.2125905690532,923.6954842778862,1126.9187877354398,1072.4797678496227,620.5604031324086,837.0346810225853,955.2926083465206,2368.296000325087,1302.7607208662405,7139.114759285533,1570.0013890900773,694.9361571025322,302.4326418490524,3150.4444623428944,2076.0473341441607,5671.027063549747,1371.9183045676925,1480.5733564109948,3082.0379360683946,632.7931025737522,457.76360697335764,1277.080042059948,943.2499282220314,3279.3051863390892,1631.603581052021,3065.939111632067,3134.7122935433817,746.644566204756,3303.056660615113,977.6727472646614,2481.0314693138084,7159.902936664921,1265.5957686155646,2055.277399052132,7357.4363209781495,1161.6044808095905,302.143914530303,1571.7398710602715,446.5309254497108,1373.5687723855106,330.44341018681166,585.1179726380866,1427.4440588829962,436.9388759704956,1490.9165512165466,443.2075937453502,480.3728635165425,1841.1067322824358,792.1056218576871,1356.8062427731406,270.41553609800684,2983.0762374447795,668.1794117708437,1720.3119515998715,1990.8687597051996,932.6419024808224,1354.2052365838015,1458.4043998253842,572.0423066331513,1441.3121120355981,1037.729684101216,3263.047134255606,214.7224808951509,2775.0310436293153,500.6761096415646,1752.4140696420238,724.4891087173572,1661.0235978283788,1195.5407175314895,7067.2433371084035,1312.9126843437045,400.1279613042455,424.0489389284597,476.06924296258575,3626.639309911614,5611.84719074667,1265.8901115009578,1710.5526662058921,1024.7078304729052,170.76430824990138,394.3947768017065,1626.399912215495,3571.5903390318163,521.7417710943521,698.0263385513489,1082.6344722543054,4767.410769315602,2597.222706129574,823.8862033712396,3467.6121489319903,2003.2533776229513,3032.966357928246,2457.778058918399,1313.1941077661866,3284.411504455528,3368.2457438403308,631.1415913987666,127.76945135831659,2648.3559660859864,1306.9002992973622,1052.8211455822895,1636.1515990216724,430.0819681872402,1142.6771701118528,3695.961511031727,1274.9047431255306,1221.8802680956544,926.3794849452122,1456.4126620474497,1451.4168157889621,1311.2806062046554,1113.3996304525663,773.375700795274,1473.3909562740635,2015.2167625692307,2127.2085375580277,323.4633786409646,1397.2024528487286,873.4345969667726,356.44707774507924,2276.012627852175,2183.461708150079,2183.7900877126613,441.4037191745679,1349.633480578342,1472.374739779885,3351.3192570842784,658.8355476197481,2318.608772868097,540.292733977389,303.6914798527208,771.7506372186223,4506.460873854964,717.570755800769,3536.818050086164,810.6617391843747,2517.7287284700024,587.5502804113987,972.4540446342623,2207.464449584156,1452.4302981445876,3452.757694275901,1539.9090647600117,1067.6179824846818,2876.0990731067363,2200.8790150542413,188.01077791534482,1251.766306959034,2745.0939888073603,12750.045021864538,6309.480723371132,913.3291468277704,934.706082195868,1194.0607036574984,749.0136987397716,1080.1022656127202,2330.482259876644,1501.153462721422,1367.1936056683287,1822.0322473365295,2249.3567813330096,1254.735074479025,4773.6823404823135,1336.4939849254856,2712.592045590205,1690.309633205586,1537.7033775665345,1121.604263645556,1752.7340585145819,1381.9286222534174,1064.2063643577192,2035.5803900174787,751.8569357523711,2872.8776295929497,2112.1155099458433,807.5335127347518,1251.2816795355009,1002.4940677848483,1394.3056948481164,707.2170910370323,3206.6643053896532,2254.379048542914,784.2498003524273,1417.4871564844982,3398.2359211676094,1491.5510407562954,1239.0240801234304,5734.214755185468,2914.8754636529848,2356.5051313433905,997.9294309388472,2300.364711473336,1500.3899114133621,814.5943379252514,1422.5093494468347,2613.194655905052,7188.917682248168,5799.324879724421,6292.863335834565,5753.197336506184,6445.185065211507,1122.2324688396832,1031.3577850206586,2449.0912502452106,1643.5844590772144,3482.5665941307147,1380.5952062006884,3658.9776375353294,2536.4327212284616,3239.0488240328546,1123.9076819180643,3484.561785786001,1611.7223327240179,6073.07136087979,835.2164574008308,1875.9508599026988,1193.5041453449296,3218.4809489563563,4625.159769807242,1504.3893544351056,81.22258588624581,1662.06123239257,811.6671301045908,3301.1751868581364,4581.322705729536,114.50191122429823,1020.6838307631073,1328.041433838853,2898.3734451520445,2763.6060361686955,6039.054943857122,7158.649631151476,545.285891877221,152.55790475425914,429.1705371585908,1595.3334093174685,1767.8889641120002,5743.432030701644,3502.671888662271,7193.288161147348,301.3495326442276,1100.7356051688714,40.95851123401844,2564.092564713096,1506.435320876754,1324.2108988034547,903.8925351322213,1324.183456496454,5419.37546504979,1413.8167197397922,2168.6520072884923,6142.73821065299,951.8269348687787,1975.755071360792,5081.647309989469,399.63104591907205,1981.578894674865,2430.96302922778,1562.3177126047665,6722.840907490142,1953.5487431139886,914.3829700668367,10473.213600615874,2311.7890121888117,1259.7849394754787,2877.997804932896,1631.4994804120965,955.9736680847501,1623.5453726558862,1577.5327016587478,1102.7065020443838,1770.7148583654505,1753.6610942350437,1666.1007384165168,1702.6788964358166,3186.583996537189,1637.895731732346,3336.90030399968,2299.8143677209564,2441.477654006097,1406.3044456619546,1280.9002758204415,1557.372117975806,1598.8006032716096,1759.2293565159232,1844.5930380063155,723.9984362012865,1617.9157314789193,729.3007408904243,2090.713509492552,2963.516345266148,2663.303493839755,1593.3887522145747,2455.086746643797,1581.0700022349897,3634.1568834415,1302.73510641129,2166.955785361366,1582.9919568182156,2038.4500209480125,6227.463653518779,2033.88012613507,1897.200096489367,446.65804585903265,2683.303059130304,2433.043745367177,1431.4413949586942,1107.5585307559813,1957.0275610625408,2359.404694035968,913.4316657443848,2433.9369606140604,1786.7781554875248,803.4172058836654,3470.1030163323344,6039.245201154314,3697.242136429546,6179.233521415885,1843.416020991716,1510.276689987342,2202.2837708044,2412.992751218584,6370.966121878862,3639.7045757141386,800.6080736535292,4832.835732227929,1725.4192595024374,2604.25593389001,1733.816447351135,5470.356380168121,2204.0698920010277,5533.051889111658,2445.3435319574155,591.7899791250047,2437.856606446439,1000.2282449685547,779.5901972598898,6451.370665901263,1182.836384492216,1503.4799970444258,2722.501802315278,4847.581501676429,1489.4542544424007,1658.6453049556835,6498.457131480131,974.5527124783217,2286.582619622406,2017.142141340743,3333.695517975993,2049.7057619437305,2292.7237665102443,5755.142572528701,4843.164370934868,1944.3041561318241,4806.294141643828,6527.3153878646035,2906.382064424802,3329.77119231525,6488.473211743562,2215.895448264598,453.50515379026564,734.5911150012939,998.1076165587892,602.8808451367407,6491.888735492287,2056.3027120443585,6303.049905599143,1214.8919611703022,1682.6055722257538,2093.805634538674,1189.315281385704,634.8620757235602,1733.9253449952548,946.7383066213797,1189.8567537525998,1921.9885203444642,1618.6819665209982,1990.9953981085046,1852.8067576451147,5815.137161767014,6701.989909089999,1694.1013181627525,6198.403908841314,6327.823768280541,2082.5986106667333,6305.5919094885385,1748.6636207495749,6311.622266416569,6759.723554393579,6371.243634457282,6179.208074499034,492.88691484057955,6293.227280668431,855.1862815988623,6458.007843777,766.6943841224248,1644.2869493119047,1716.0417179563171,6221.987375455064,1107.6099116507478,5936.020244074125,6328.832354453075,2621.27282346288,1128.2360520116458,7111.5781884732605,2382.947981199696,6288.1063625136185,1260.9721333046741,6390.222147950314,6435.1854727829605,2552.3053921213445,1562.7809916801154,6093.312648043402,6346.773872583838,5591.749814377232,6481.671449279181,791.3926693765699,5761.977978560411,4688.773389184158,1049.1035219312262,6055.67159100909,6286.313151412937,6238.246058806725,6452.434002248194,6458.836897271565,7174.652977720503,2833.0430773349485,5969.7051439777515,5767.361292743326,5838.577423155016,6295.001298184386,916.4383408110893,6089.341342672514,6044.221972447867,6256.929585148248,7435.616042668871,6275.36619587211,6855.692688142355,2441.2113054518218,5575.714494769993,6271.000313390393,1579.2078065972173,7105.231629442204,4741.696647871339,6125.769159453266,1728.519554854359,5811.101308973834,4566.596717430065,2595.808416628594,1175.4084655140714,6075.367244978656,5971.600071270466,6297.852388070312,5922.00175939294,5587.767980153007,4491.492054666368,6555.558148986027,6077.025843817565,6443.922961705497,6318.194106714069,6667.990079895247,6656.668163702834,3632.370459940456,3649.661651528783,2237.342674116479,4597.545568766007,4849.366861235993,6307.211259055573,159.49620000834506,4565.987631198656,6424.405285851859,3150.621819075559,4786.182734879427,2799.1968343108674,2529.078755179679,6205.2708353699245,5820.101522201623,6316.282916991853,6197.362174673575,6173.342185542637,5621.872526044472,6081.53538221577,2583.095124040964,5470.522811113793,5687.990660431817,5903.038798298945,4862.353062129527,3676.5482677922914,6332.055697399066,1217.4046191596028,5759.695258268468,5301.182299616897,5728.765680946398,6250.3236619473655,5744.877335659039,6171.958234021824,4726.7344891065895,5916.377230799803,1471.8687258089988,6146.020772984492,5446.029967467301,338.05660074180787,6501.470904893202,6059.295929474242,1030.1927823738135,1055.7773327604025,1138.8535197464832,1297.2356029604698,2942.3519196567686,6424.842716873735,5622.05375298726,5487.375666444629,3486.9868106579515,5663.169211444001,7965.149143812586,6053.206240816664,6544.796638563921,5811.921221007688,2952.6809668383753,5992.845531228737,3051.663013112565,4553.668181101511,4598.244790482133,6898.004648499071,1784.8587108452125,4594.2838954541385,4818.196738005231,6173.886346734049,5904.815520323051,GA
13039,400.3342376891541,1350.5888804973704,2303.660460442392,3448.791636780397,1468.5688641606828,3143.997779379076,3898.90254918275,3786.332357302134,2861.9492535135546,482.51881163688125,278.07043771480454,1851.797755423692,1585.0858146724142,1316.4385247283246,1278.1221275519567,1265.5858185071538,1292.1227276672325,1300.016356629826,557.7520312474909,1152.0419123621402,1023.7718117246468,2927.900435845313,3348.966665095069,977.1281076002327,584.2484144783183,1326.1369059034187,337.87934666441885,3877.7596946265276,1450.7309889769385,743.8685214149663,970.9880755402237,1179.3545428185746,1535.519819159011,7549.258136181859,1316.2170804018485,3747.461991995505,832.0779970477419,3772.5739699472997,612.2327417726879,1508.2656901774656,3717.7496831166295,3401.5906749185774,1622.4474150588721,1065.6691729009917,1167.2647429774256,1072.563413414104,486.84520593147516,945.5265805442757,1016.3442375377288,2098.1474805939083,1447.889090655924,7430.460398836198,1462.825139332635,493.9015822752333,46.828546140543935,3442.0048583954745,2367.0861797485345,5886.631019605738,1361.913268842714,1720.2681623837345,3373.6567176850317,902.3999517326857,267.54424746723856,1564.7538362725518,833.5430726755974,3564.1735753601893,1508.2305822958774,3337.577354736332,3426.378705116881,889.9373142942069,3559.0512440693296,832.9868862576683,2772.078884965829,7450.831918956079,1374.3120650385322,2345.595199206081,7649.1418364707815,1443.0524119342845,563.6855599260223,1487.9553211840341,240.75347259174697,1596.0095415999265,141.30749001180118,399.5627082689505,1401.7878428774359,446.07353373490713,1441.7688631077192,349.07855344014587,586.5871535792783,1731.274812314601,1075.3358182183874,1519.8534986611414,532.3589050642497,3274.7596842138237,598.0099712783929,1612.5892764766752,2271.503642112893,1026.3137848797958,1629.7302830117317,1340.1572239238071,445.45354153386484,1334.3802599758699,1314.68701592096,3552.5231004536395,469.3815719228331,3031.4171627138826,401.0752736048627,1680.2405294977743,837.3270325965835,1951.203069849012,1121.8227039818705,7357.9847492245435,1514.3061652866627,633.669040589542,339.9725340663938,509.6567402696424,3899.856752550702,5810.469667410472,1145.767429175747,1935.7230088705344,1289.2085824786411,402.13512441466867,565.9729845434185,1918.1134292864367,3849.905784143549,813.3969092002002,511.88072354132896,1112.2817693970474,4989.880357293517,2848.786798000036,706.9865621805898,3739.583609824747,2203.232583411126,3288.0502716135798,2184.546422777865,1209.5084455771714,3575.848361816999,3631.4964246719774,909.5507615333444,265.4015008146065,2914.6643270679415,1218.0508108108995,1163.7035550563955,1926.256815504964,200.7752070955917,1270.7887028238194,3951.516408107443,1352.9735967427816,1414.3154106624554,854.8435776326227,1601.3370003515647,1702.5074667376407,1574.9910608046923,1303.6153086635213,729.2742545444372,1612.0385166263047,1905.9971050303518,2375.789062133955,274.84304323586673,1646.4018744990615,1164.7604094037426,630.8334995012706,2010.0348884656887,2464.356905790634,2405.301552557668,712.5909231511367,1274.461514091406,1575.5594378380233,3642.2642985091716,521.4805438191793,2600.994091499044,327.06509106241583,148.85460213025343,958.26473677649,4740.549333711463,993.3757224111757,3823.749975135978,829.8226766530117,2246.3314919555187,622.4841047732672,838.2983456697225,2495.103796578865,1356.6477420556705,3742.414969556564,1730.812914411676,1248.8527128078315,3124.0479840491585,2480.202699758222,475.6638930613588,1344.8725797750562,3013.356565171199,13018.05492487647,6525.890191419851,1130.678515688401,996.4926087325093,1305.9475886675232,575.4061745535749,1060.0293706648852,2544.274124795997,1749.3531648453759,1320.0119464741758,1988.6068056838726,2533.351555269277,1541.7008203325863,5002.5267880193605,1419.5516800436453,3001.4791978996664,1547.9670396053561,1692.929903542607,1202.500931972432,1685.8652747987485,1376.6910549529898,1303.4499089112712,2325.8398107377507,1038.8144465712462,3126.3932016754197,2307.102079439497,630.6166113819528,1418.8705063713207,1178.4029196931772,1639.1517798477007,998.8431573842447,3497.5124722594264,2530.556043803697,833.2079458841578,1367.104981437867,3686.1485312969176,1670.5978026342275,1248.8730812740648,5952.514499795236,3185.283565115891,2090.3408164771445,1281.759296070611,2563.7428807308097,1767.1720030045499,747.4662714391796,1713.426553099837,2893.8069072246053,7480.391180391012,6029.164818262809,6482.897628665345,5925.608930147498,6645.179130828675,1406.1542498395718,1230.4457147215899,2672.749146704815,1531.9551430541587,3745.6767593582954,1642.6852735309824,3941.028307518871,2827.5605482757487,3498.477252532073,997.835980195108,3744.040056139325,1865.7533311488012,6241.925376123509,1112.3201818018151,2167.6079509651,1482.4344327244366,3479.420266156872,4853.610730608553,1792.9847401048264,365.25801889886895,1526.4969472682699,657.4132158701093,3564.44898926318,4810.810962920853,359.16823664578965,1311.6763093882187,1618.5120267510886,3172.833009950237,3034.9283609737035,6264.831574191593,7450.03826101607,405.8016011692099,156.69769339571104,711.9657035934413,1828.278689116252,1656.0152950972172,5965.6425886553025,3785.6025580028136,7484.6645141574245,41.9216123827531,1371.084368162062,252.3684532143724,2823.4354558498057,1392.3843180061585,1615.593931900481,1195.1719857066184,1509.9144826659924,5637.118594263561,1353.1154241777558,2452.015811766169,6366.750230663461,941.0907941808284,2212.217913502957,5301.718418911433,691.2915458531186,2165.0879490740435,2160.2379909429674,1652.6073454203022,6962.218057147361,2173.4606989652943,1191.0107963557202,10733.300908558756,2565.102306100235,1543.473769772793,3135.51679033883,1911.4669419933693,1247.0893266976154,1771.1860976765718,1535.6354419882125,1040.205336305842,1899.8694778684755,2044.924466130681,1623.1722586577655,1567.855081036114,3474.8658784716417,1722.7878326222476,3628.072505579069,2529.4034296469536,2714.8402539191225,1608.0987464824814,1223.7651581521825,1829.53197495278,1772.5238647939398,1950.3167955848944,2029.9448071800748,947.7829323360544,1749.2746807903836,912.480569916066,2301.192796116151,3244.112404841662,2940.750041220654,1712.9520873410836,2720.8995554141216,1456.402448911714,3901.6717676785256,1421.6874644281195,2437.3062680225908,1453.499381808899,2301.9228033971435,6431.097331445956,2199.471965519282,2065.682096643009,734.401282571338,2970.9441298053694,2160.9767937347888,1699.6244070634548,1323.911997826861,2239.5090433695627,2089.535295112852,854.9810521639287,2688.0549601562216,2047.6499817823005,780.5914151570773,3757.8725763263587,6239.437549712447,3972.921792493941,6392.847593536523,2060.389375986743,1583.8621189678147,2106.4210568866033,2697.1435912186507,6581.804526810747,3900.2384584386823,1017.3847270653567,5055.691965792288,1634.8556738093428,2895.705863799265,1603.7714629264729,5685.4483277213185,2407.5469430771313,5722.289313948606,2673.9233974182616,381.1962566407065,2716.2788580748506,1187.7052373784536,1012.1329764789148,6688.142666537678,1389.1939430185055,1708.1582250690424,2984.211176029144,5066.568098162726,1706.4883760154808,1530.1020698692398,6710.7190992531505,1225.7505931374062,2574.1212021007323,1900.356906740929,3622.501312065345,2335.903052893859,2027.9124318733375,5978.189451133241,5061.012735129167,1828.9391394160293,5030.464189240646,6739.459076570128,3198.0175083591967,3595.0895727833317,6704.8600002044295,2507.2222270576353,701.5569289150528,998.4099810708984,983.2385112585629,853.3552594203159,6702.940994501766,2312.7132038131704,6508.032635764705,1132.024387853844,1597.9601874672715,2363.582818474869,1167.5693690023136,924.0258724887724,1883.2405985011665,1219.7642429346922,1417.6745474475292,1815.3901657864724,1902.8942385556736,2251.5490910538697,2143.7046235981925,6012.994925328401,6903.7431279431885,1633.0551972805774,6388.2263443451975,6546.425249710024,2270.7185066338984,6492.469298102612,2040.0452457209772,6548.8215902155835,6960.6184320579505,6557.089108803573,6370.793613153151,764.6617541758102,6493.463403258009,1141.9333796730714,6640.621682128829,765.8250493531291,1902.6920117164307,1667.8072636679385,6435.647285797813,1075.663852263283,6157.691370665533,6529.215831323014,2854.2057463266856,1085.4690429512539,7402.539380159926,2674.5689580100243,6504.564393592479,1240.1184300264842,6600.820715229869,6643.077246982832,2782.8995956166073,1842.475358168642,6293.501851886487,6546.473864259516,5779.292777597287,6677.862515064909,1082.7437575596125,5985.419034710199,4917.103830250895,934.933840568683,6245.962279528922,6502.3004039125635,6437.222745298653,6644.691712196539,6673.863129909582,7466.127049692071,3071.9686154664537,6169.924051143972,5990.7879006073745,6022.216933198596,6500.127325707833,937.7332083272411,6262.353579745633,6234.389906940484,6472.304967017086,7674.7560794324645,6491.420952729055,7082.250543561853,2675.37899827515,5746.462512279752,6483.480903847098,1859.970995355932,7396.499302901828,4968.041085767663,6327.745374127891,1995.1769840136042,6000.615745277041,4799.75106857632,2875.3779221140308,1174.415133935495,6297.9764022930485,6179.733794715242,6474.490454992322,6116.08749706784,5769.51496641847,4726.476403358207,6772.176534774618,6276.570779978128,6652.4487956164185,6534.920872895595,6906.987852139527,6895.714598830072,3892.991087726472,3908.6676516489642,2522.983519673051,4831.998806275075,5074.652807971135,6523.9381939043315,274.08957603215043,4800.067692057359,6661.6586191594215,3442.2627498035445,5011.668748469923,3090.325175526119,2817.923387873021,6414.316936241914,6049.39084872977,6539.278673340426,6405.388002813979,6382.2900672637315,5812.944406640633,6304.504852665653,2873.427255503531,5658.734522842339,5881.224236520468,6135.843602544698,5086.622820161656,3956.678033273962,6555.362754379452,1489.3093866886215,5947.268620368447,5497.230458360358,5924.692105466364,6473.87847011868,5943.355288022517,6403.845681190577,4950.13987684765,6146.757684974908,1655.7562452609293,6370.8492023888875,5656.299968987403,618.1006821451489,6739.177956841615,6284.916450676182,1305.480828221047,1335.4360526290511,1153.8885565057055,1556.706100755034,3205.4986184793793,6605.149453549113,5838.435008209567,5681.288373528488,3775.4620107158808,5878.583057248615,8193.89697425672,6266.632314841211,6739.563318207938,6015.7340310780355,3244.392241671131,6216.162770346674,3343.3255937952367,4787.397614338234,4833.54956114703,7139.1506279229625,1707.524132299424,4826.18187974008,5040.917698294126,6408.158060918863,6136.769882831895,GA
13043,258.96506593265144,1182.3534830613464,2184.9326220090866,3368.6377782184136,1401.11300236106,3053.4158881967915,3762.806638539049,3687.618482131969,2787.3784803704857,329.19168098632514,447.9386645095726,1688.4873657099865,1474.5715992961814,1289.651570863427,1159.8250377980135,1096.5054756660018,1176.8473674396855,1183.1467690527847,728.3259242522746,1031.6594133454112,896.4767891061008,2811.61619103463,3275.7991969797004,848.7453328133032,754.8897895633269,1157.8588744818364,494.4095510319792,3747.821443758238,1383.8644856843744,591.7895378599328,838.0948251163509,1029.2058534937246,1500.8691593767471,7475.148179745024,1294.4003853502522,3649.9396701883393,823.3259591105318,3673.429588988607,490.3664504647785,1371.1828166085609,3614.381330962654,3323.068117724311,1593.9390240046478,897.1739023773085,1001.5571489210207,914.1431008256607,653.172683717998,775.0716259448967,847.5085769487256,2233.955281245337,1278.7132311373293,7359.267918717995,1345.7890402875448,664.1563581048116,215.45100888796398,3360.549514582422,2282.3399333549187,5727.018764037125,1207.6566023171695,1575.1242790245544,3293.2662279364386,787.4938023064008,197.91707205982843,1469.6216164679047,713.4003940180479,3457.149198212673,1399.738989467681,3211.8624544907066,3346.9834644742705,722.5643321150807,3419.7274957701343,732.9589285191754,2706.492855577198,7383.191538045153,1203.671503700864,2285.3285797034114,7571.636554192045,1336.0119630815525,455.22187478424144,1360.1429662914868,411.1311497627165,1443.5506599696225,87.2993246977097,325.4786797744611,1252.1790338970336,277.41377577924345,1300.0681233403934,503.32339259465624,418.03685116397696,1616.4934590270855,975.136162478898,1352.5818455504111,530.5712136866481,3196.037993332085,455.3374612452377,1496.3835906615009,2159.3226563539115,855.7190805332399,1513.144641133352,1228.2441228276575,609.9439232260711,1216.6468994343068,1202.2363465959347,3457.9972956373986,473.44565879227014,2893.032432213393,558.8510924076478,1548.2566091267704,667.3327608295552,1892.5993304774086,987.6987433210837,7291.6616798508885,1355.0730118219208,501.72186145403913,192.295703388906,339.7817280084928,3775.223533540368,5646.4431904556295,1033.8113468397523,1783.0929525598342,1163.7733592618874,420.3552824402007,411.69952837706666,1843.55148847358,3731.6445817444337,751.7653551569491,439.3260389504212,948.0488268477134,4832.851684456838,2707.462252894052,873.1566541381825,3613.748985914085,2041.7644443138265,3148.4148604397883,2317.000593456897,1089.4978289851401,3492.646636273739,3497.5866475163984,885.4895333717806,310.81984315573214,2784.3645558030644,1091.1132879742042,993.1096622521463,1837.687813293585,371.31209574273066,1100.6803449471372,3811.507521946457,1183.5231980926167,1253.1008401991749,717.2669363080686,1431.9224178786633,1711.5092412248675,1569.6174606541265,1142.3821860169005,579.6540700963948,1442.1565974528446,1791.3826868642154,2233.5370605283397,107.88588453741899,1657.3937156703387,1102.703226547869,614.9264728261161,2149.813021365669,2352.0710860816084,2250.15933064279,700.1707117187148,1141.930842494049,1405.0525764169033,3554.839877768225,412.15871151054927,2490.843828072396,497.46885641121116,302.36433239594095,798.7892223168914,4588.215084600145,972.9208138659178,3721.1407284926,665.4849035367105,2380.567648537273,453.76155812975435,731.8442636951253,2396.3964364181666,1233.6529671309074,3648.392759680831,1568.1351968029305,1085.8030597301004,2980.1129834718568,2365.504258238632,406.18908888433776,1174.5524731845585,2884.7116098094098,12884.35124453107,6366.343147563456,979.3730430435534,827.5185734637448,1135.3195394354627,493.08781445713663,906.7683185247126,2386.243348407033,1608.8936819020325,1177.0212092010888,1821.0261997411133,2426.2761818396075,1496.2187105980993,4847.87502933849,1249.8456709906131,2905.584374570907,1450.3400225672253,1524.3697196453693,1032.6123204859853,1551.7694256237548,1221.2467142555809,1160.6015951070256,2236.7399401286034,996.2430645769424,2985.9177253958546,2144.2442181078313,551.4708958116848,1252.5485747010498,1014.6097406071177,1654.5345406617441,934.83852953877,3409.616977759897,2411.490394219321,664.7166607293617,1225.4900295517439,3586.3272439662765,1505.586479279316,1089.2212949277857,5793.728200059983,3058.4975551918687,2229.766176861835,1180.2284688710386,2431.5621548012755,1757.5949721884922,606.5796199817897,1651.3558322411661,2780.1864982754323,7407.713697249512,5874.499452546517,6317.01207362545,5757.207638432692,6481.268162634352,1368.8959681201538,1072.0665943980232,2517.972609082436,1417.418116946907,3611.531179498039,1512.608253224597,3828.3578236069047,2742.537690468352,3361.7004111261626,888.1221469273554,3607.039055883548,1728.5679447641205,6073.089539776777,1089.2359223147462,2096.1938044307417,1430.8634925348115,3343.823111946353,4698.874101430862,1741.4450356016293,340.9826167651601,1424.8458377366767,561.7853368503684,3430.632119178697,4656.5083057637075,269.3300635734763,1251.1445714491665,1533.0750287115975,3050.497659707323,2909.3166713285686,6108.527136150758,7378.377922519457,294.6674567509232,213.47615494294882,619.4202350314278,1679.3717413429504,1542.0280238231023,5808.158192031023,3674.6172324269173,7413.127856305185,139.53624294399125,1250.4893335594272,222.33641013085838,2687.540685802545,1278.5203976811692,1536.3619988112991,1117.9695882272822,1346.7370381957978,5478.255818389453,1215.2428308255612,2343.94900761342,6209.773798368291,784.3048525753816,2063.8178316145763,5143.738320140552,627.3790260646088,2000.0085603074665,2295.3371962861233,1482.6935491979712,6811.412807740003,2018.197063450235,1168.3602759301637,10730.536304417308,2425.429390360611,1439.61475291684,2997.789898395717,1799.5113798794384,1186.1198576290324,1601.8051271585875,1391.8121361247274,900.9525658743856,1729.384474961988,1979.052265682347,1480.0286912577578,1465.9139688826028,3376.378835634105,1553.291928489058,3542.326804718189,2377.2325331165785,2592.022295532085,1448.6128983167978,1083.8166551396384,1708.0253241296455,1606.3505770586005,1787.1727665247324,1865.4327722944904,801.5644756325719,1578.9230066678765,752.6797160320897,2142.514783338626,3129.9123718389765,2822.511558446976,1542.3278204066535,2590.504006270069,1348.4177205096394,3771.225277701748,1251.1244130587054,2311.864241698531,1348.1583156122292,2170.4531203317997,6268.077288347497,2031.5335898770002,1898.2689414415167,693.3613788666347,2871.313009225697,2294.718461706537,1574.6721676280695,1170.6247434236502,2130.44411684873,2225.6319878648887,712.2739445525099,2548.679524794533,1914.8252041425005,625.2361099021992,3657.567221693481,6075.658957751165,3851.1064694144543,6232.495209926544,1904.3411942671546,1415.1445236918994,1985.8746274109585,2590.0167575623404,6420.612893754402,3763.890098386393,867.1591246464651,4898.771506817005,1510.6125041174028,2813.5414375741448,1499.2517880934527,5525.743047867255,2246.6767340296306,5556.410140307913,2521.092694152788,551.4274506045668,2599.781640905197,1026.4749912102984,869.0590789517265,6536.211425453487,1232.0601686234704,1549.1613409708102,2849.8902833907673,4908.3201027967625,1551.5271315573086,1424.509096765967,6549.895702534694,1090.7771866498101,2474.960510205222,1789.5534963729378,3525.507724395952,2233.956121464979,2168.6084491538045,5820.9928987211715,4902.395603878379,1717.226782632989,4874.025954975419,6578.595111126027,3125.247483205733,3462.979072905573,6545.259175925821,2439.680505332768,575.2953535808322,876.1469657872673,827.9157729390753,723.8657841196377,6541.779341318992,2175.747104070009,6345.324295503784,1001.862833677116,1470.9554592856155,2237.746129945759,1015.5392205612886,840.1865958977196,1713.8926142737255,1103.524591867706,1268.428415658334,1699.2488776518558,1798.17794386131,2117.84389714206,2080.4245741909494,5848.753530280966,6740.178251142126,1496.5112617662912,6222.319879438836,6387.563321218774,2106.4053459947163,6326.032011280372,1959.0737454721334,6397.130750968988,6796.84616251786,6390.469889462052,6205.214280670553,655.7845853002353,6329.638604180405,1048.0591041947039,6473.480711904242,604.7738392722032,1768.495142765219,1526.6667060758518,6275.2970558247725,926.0580951849884,5999.960545504408,6365.416539405321,2702.97318581699,939.4533077669336,7334.678334603125,2595.244734036636,6345.03803936738,1088.2661003995256,6439.5581286107445,6481.077581428208,2630.7511844536552,1730.4103068780685,6129.710350357306,6382.518027091249,5613.102316345166,6513.1293963631115,1007.3959148826863,5828.359293695248,4762.289284461789,818.1993202823915,6080.1674551329515,6342.6298559555225,6273.130453401349,6479.187884864508,6513.856652528304,7393.446781917096,2923.2478877890558,6006.16737302294,5833.721282697697,5855.335554671457,6337.456293801834,773.9070404916284,6093.976886733945,6068.574938539134,6312.456104887968,7523.628304057022,6331.773990907212,6925.998604068411,2524.972182811107,5577.895933171063,6322.776581467708,1828.0133801723441,7326.092901546521,4812.436937035349,6164.355857745937,1867.4831866398285,5834.728431255225,4646.979657878686,2760.217055108729,1016.891572322228,6140.526452070332,6017.911260244417,6306.534508951347,5951.0420111146705,5602.387996970703,4574.546047899927,6612.629959355661,6112.63891374666,6490.613763500874,6375.469628415769,6756.0195280529215,6744.7728898432715,3756.716397456373,3771.156209775284,2419.3134101621804,4679.776824594843,4918.604694311566,6364.489936321589,151.35404167491168,4647.698268297267,6509.955557163484,3362.2426624493505,4855.722703313917,3004.8961469851674,2722.196606568005,6252.677918016007,5894.499652068311,6381.892577363853,6243.48022528761,6220.632693289013,5647.3824946708755,6147.17866751481,2783.540127927793,5492.686313175046,5716.061494586457,5982.359255954632,4930.196503374573,3840.9286379394493,6398.081162269837,1473.0319081311277,5781.04957522828,5332.730591333582,5760.0626128176455,6316.707834509665,5779.264899959395,6249.887558263188,4793.461166967035,5992.268967662572,1491.7398487461387,6214.165128304237,5495.202865372658,525.5873031474695,6587.658809691293,6128.548160457757,1284.5578067524664,1307.0363912551775,992.6416324454927,1425.0350200068012,3072.0216845823525,6437.674892420753,5679.077483758575,5516.305863786545,3677.2353005766377,5718.91517009624,8038.195116470862,6106.258755020235,6574.529690128088,5852.857316634879,3166.928842448746,6058.98580585023,3269.7470022841985,4634.881666730576,4681.705498579548,6989.149161562108,1577.7656044163446,4672.862277436571,4883.955682557898,6255.208817096619,5982.928919861762,GA
13045,60.74333227549299,965.5049497876307,1875.655493220749,3067.391735263681,1114.0207027678764,2747.8172003855802,3460.9877001942195,3379.3491065689373,2489.858219159189,420.18910346741967,676.245021861424,1437.1138822335467,1569.6854028025855,1048.4889203022103,1247.550151111833,971.4646582466362,1271.0643759981606,1273.3209678456344,960.7402238765732,1120.470532412051,975.8920912591819,2502.120480790159,2978.4805408957404,928.7792048836296,981.4102621422657,941.8860431006588,669.1791561376075,3442.336838983918,1097.4450930330588,318.04636975202214,906.4095848441997,745.0150005955743,1245.8699994828935,7175.194150668895,1059.6139995414785,3341.960557319663,631.3557103937043,3365.0673254344183,629.015515257786,1069.694589482087,3305.2511116231944,3022.701189741655,1344.7879923746516,690.7118246600577,915.4946306370692,880.1940209436143,846.1721482549586,608.9795750684626,739.351301174731,2535.1803289255986,1069.7651499773235,7060.879200845078,1429.52281403078,904.2845441510216,469.1718478918263,3058.6650052747223,1980.0233119125808,5458.56317585572,1178.176867386672,1282.0484041906846,2991.963587082713,478.03013016209536,474.7970456728802,1164.2025980354708,826.1815629924185,3147.6096718232234,1501.5366239751245,2904.5323278981487,3046.141631757841,513.9947451962262,3120.4103996107656,886.043321109207,2415.001781505113,7086.790934265533,1034.673618836134,1999.0138332242652,7270.00066885897,1027.0994251831826,154.89457530885858,1415.6634864546786,647.4082920199072,1162.4090263945666,396.70713336612647,569.6095466934128,1240.5424685625646,300.8607143760989,1315.5323617441627,671.006391499493,266.7746729651959,1698.0766416156994,669.4852335825374,1125.2905583945196,398.61540510981,2895.684082128715,546.181670445965,1577.599788052989,1849.6077144958886,706.9183879027348,1203.4978415736475,1328.1731254180193,798.0191715469192,1303.378668820714,892.6528007479048,3150.8916466673604,370.5439961366762,2592.889624780677,729.2001488540241,1586.4115904104867,497.14137566270966,1609.4405049034217,1041.9377772778043,6996.067320463785,1091.0734513918744,195.1842258557448,368.28613192726897,310.60777995960905,3467.601062688228,5391.996642164031,1142.3055865416172,1501.6179939928452,855.556896200375,364.77818986752703,161.95613660598502,1548.3183767817586,3422.487546740193,487.02227730213065,666.5116127034048,876.3898302166889,4558.422704466986,2409.9449971303898,1054.0664290367774,3306.517904138649,1782.1379025371882,2849.3532556162145,2620.216842405293,1176.2645399967398,3189.8404595381207,3194.278195222049,664.7303294495932,360.82827518003336,2478.910597341452,1159.96292605851,822.4861374759471,1534.3336667937751,620.6998467370072,910.0759156042919,3512.804420526189,1049.8221575866592,996.5373291560327,782.9228337301511,1223.4908250680762,1510.4451356090065,1350.8053607947536,886.9953432162011,621.9551447082039,1240.3159972951196,1869.6126594576695,1936.95833724987,289.96112689959784,1460.3056262266873,824.8548435112925,438.1066199091575,2448.230350956296,2042.3530870427605,1973.1399616967715,515.8411038962279,1192.6813153733765,1241.6081438840968,3250.179671369467,590.6666674903288,2181.1717261090944,741.7722824578572,507.8900773737161,542.6318008103864,4304.740812224453,752.2240659394829,3412.1130412916577,618.4360069769782,2682.796488020292,403.34537240816934,872.5889016649871,2088.5832827567847,1306.574490360912,3341.37359130525,1314.8716083452634,838.6374755552204,2685.307273942631,2055.847582987199,187.96157238049443,1023.500067253854,2578.494229674899,12581.354918957772,6097.536315391908,697.7537837830179,718.9366264385144,962.9577380183638,700.4734143711238,898.1649775741153,2115.8061620417725,1310.506431689094,1193.0255012901084,1591.676983467324,2116.851205024842,1229.192782795025,4568.521648772239,1109.8575012235817,2598.297142710454,1573.600625979982,1305.5446271682656,897.0728072712596,1583.5963655335033,1185.7719663294881,864.9303450764276,1932.4642473300346,743.988523932831,2687.603951606029,1889.3023968536136,756.2121966402739,1020.2086480540073,772.1528828530393,1464.0946730992332,659.1665894613212,3104.846268912644,2102.3081004789315,578.4428980523346,1244.1347046863575,3277.837721982811,1263.1738441866773,1038.3544498410668,5523.145879584756,2751.5391357068493,2528.469423868028,873.1457834249559,2127.039230035284,1529.88501357965,675.6418126182227,1366.7770466373167,2470.502691743562,7108.518293917982,5594.969017133905,6070.1880168910375,5525.694380767279,6226.0147894813945,1113.099518249581,807.654950996523,2239.907828491096,1504.8650166118357,3308.38432869724,1206.5950186949158,3518.6691721247084,2439.505700472509,3060.341709848127,1010.0766452333406,3305.8691235344536,1427.2728977983254,5844.868819633636,859.368571944995,1802.2197631783802,1158.3396491132362,3041.6134647490217,4419.720462829044,1465.743647765565,253.8063384517184,1540.5915848986667,740.20375497493,3127.257658674967,4376.5348671290985,119.25623386922744,972.198607776221,1232.2725364837652,2742.1096240671204,2601.898875457562,5832.222355642241,7079.73111879456,498.94128357560334,354.70660160202345,325.80830403801065,1391.5710014596252,1627.3216627685895,5534.488466310426,3364.8991803784193,7114.537492818009,426.3486972022741,941.1855625362014,242.25686912740602,2385.4574470088905,1372.0969432370289,1239.378172352812,825.9134947638289,1097.1252919174035,5207.955519964182,1246.5464941778391,2034.437163441392,5934.885367557293,769.3510774049748,1774.9510783015394,4871.3961861268235,369.6188020631518,1755.0794250795666,2597.0227646903563,1333.2997720561473,6525.228584846086,1741.757369491869,936.2000762200323,10488.562468021892,2126.354801983733,1131.2957755502894,2697.12583094155,1489.8200995793668,907.7968158144046,1390.862837378135,1396.8145451333887,945.0997696437244,1537.6522673881573,1689.5461261876032,1484.7307836420543,1579.9224222348307,3068.236780358693,1409.6167386144864,3238.365499304168,2094.281490422346,2283.679792897851,1184.8658629352535,1114.522518706493,1399.1134903446716,1369.456705121324,1534.6422459789105,1618.4192962302843,511.56192314899187,1384.8469024574456,499.10684998943606,1874.1923070177008,2820.272501184931,2513.2609996790948,1360.7873517393168,2285.056916514001,1452.9232481571655,3465.994890860003,1070.564043910172,2004.2517982341208,1458.411340127776,1865.4609068994266,6009.687891985022,1803.578392831841,1667.2566221478626,463.1522515221525,2563.055825586297,2597.2118327974426,1266.6063160957185,892.1680197987755,1820.8797788026293,2526.6694609222423,761.9257781235389,2249.3501527205626,1610.5288534020847,635.9359123899053,3348.9644555959235,5820.075046291586,3542.6845295587573,5965.88272520153,1629.8726063190095,1284.8821731083844,2046.0141166912128,2280.558713970177,6156.3382267566285,3462.252224586438,584.1215295001864,4624.082209932555,1571.2009931950165,2511.811480982871,1606.9203533256045,5257.597223949622,1984.578772159469,5309.97299245544,2239.234211081826,795.5989230217177,2290.286540913713,772.579027526001,574.0653939172572,6251.809369885753,962.7057086993733,1283.4557829755172,2546.7572512787106,4636.694595395691,1275.3910094781986,1531.91751879839,6284.514694427536,787.4750203309073,2166.9854957391462,1876.7407810988418,3217.694463465697,1925.4408927411318,2466.3060456014277,5546.673971892785,4631.674782215597,1803.7744756145812,4598.293741270798,6313.321963665661,2828.345755722715,3158.596592062753,6276.546326757439,2147.427138174064,266.2524443919293,566.8126634909783,816.1135691204164,416.56909230152837,6277.380102103015,1874.3766746229053,6085.843313602139,1066.676072093508,1525.2547107347968,1930.2496358176634,1005.216158181944,547.3738633179105,1501.430463008885,793.8068720144307,981.8185888849235,1775.702331844593,1489.335332716723,1814.159471817872,1792.5059612276818,5595.0464949321895,6483.5459029951535,1522.3703341472128,5975.643770899344,6117.014750314626,1857.5302193409884,6081.944245824493,1659.4437536014084,6112.357161441065,6540.954238355965,6147.301794369791,5957.0121837742245,348.83851286713707,6074.121948530028,745.1436352854026,6233.161717359149,588.3489538721387,1465.0167094288288,1536.8901576224912,6008.666179874875,931.4291619981793,5726.807799934514,6109.790091057939,2418.2113274292915,957.6632117567717,7038.165711091949,2295.2830090426737,6076.1830562036985,1074.7382697441471,6175.487280575303,6219.244865052602,2347.595420463121,1420.7217759895047,5874.151736454872,6127.473922053134,5368.1618823845565,6261.105193030435,718.6355598561339,5553.735813019794,4483.2711577183645,929.6120877478912,5833.033209456455,6074.15159809731,6018.653321472724,6230.509911265427,6246.224062637362,7094.253884400928,2634.516266016749,5750.531542845108,5559.111741329458,5613.901716551428,6077.8530066492785,718.6019613299522,5862.032807409767,5821.542192996358,6044.456675819529,7237.881014262517,6063.236821143869,6649.440072156887,2238.94728774716,5347.817462882212,6057.1227411952605,1571.978381324539,7028.144042791019,4534.977803590491,5907.309678204918,1560.5653536568802,5588.168101832263,4364.240885317418,2450.6188504818147,981.0778685116294,5866.7026991397315,5755.681414458388,6071.428504313896,5700.593645888365,5362.520175457649,4290.400074675879,6343.7593898701525,5857.616502559258,6228.263054540902,6106.412439278659,6470.087381013842,6458.801070034278,3455.024852384092,3470.386936787876,2110.3812743392114,4396.096862032534,4642.033827770917,6095.4278743746045,165.95251020135632,4364.272241496891,6225.190462322533,3061.069377816384,4578.955935346897,2701.4392597440037,2415.0522041827185,5989.800278092251,5615.3975182734275,6107.874175881603,5981.438112597983,5957.821980617805,5399.397147171881,5873.075794377471,2478.389040936898,5247.112329732279,5466.244417719016,5700.646755959331,4654.422863773272,3531.450768773293,6123.826429587878,1241.419613017943,5536.151794674674,5080.3249567844205,5507.959897274172,6042.223888822968,5525.001230364249,5968.986443039034,4518.272722680169,5712.385639778587,1244.6556886187122,5938.6436325203085,5230.964303047042,238.34875905216,6302.595150332027,5852.373429212722,1051.2240759348383,1063.3866813661778,937.81213219644,1119.8202440509438,2768.3890004564128,6199.369600122138,5409.972829851909,5265.816490855686,3369.0804044455213,5450.608653247879,7760.363156037434,5839.7423486535035,6323.740521573066,5594.138178195123,2867.279551614739,5784.570075141737,2972.191920353921,4351.706720997787,4397.398823384644,6701.764173364582,1621.5390694708224,4391.080807026649,4609.362861822471,5972.528996016383,5701.854131043376,GA
13047,154.8024846430881,822.7291665528917,1807.8147368588247,3039.5454753543986,1119.9452835489644,2709.867562627874,3369.0734160202173,3330.6780826842555,2470.483491111007,382.7995256735602,805.324734908757,1305.2980325325157,1478.5832793919842,1101.667282128035,1157.8062955359946,827.7800890727893,1183.502754977205,1184.1165250537836,1091.3271410353861,1033.5732049356902,888.8234490613452,2435.369079878499,2958.298989529074,843.3917169329508,1113.6378157646857,798.878424875534,808.4742976630066,3357.9027577417824,1104.5595808559558,194.9462478187616,817.0710352609334,632.3449439674997,1284.6337206917676,7146.389063171461,1117.2983741407595,3294.674742905833,726.7940377237029,3315.955973167757,585.6961082073975,979.2715049334078,3251.6063522448144,2996.736321367119,1387.216262462845,545.4017576777442,778.542687522168,756.5787124603288,984.3506409909296,463.27635159349785,600.4145879909802,2629.511183235956,925.9939978223745,7034.978230604201,1335.6160375982233,1032.3471879815086,586.5348586833854,3029.471002341813,1952.6929756205395,5336.481427625961,1051.2105073475448,1178.7000292995633,2964.135035600425,441.1927284969509,520.2685949989424,1133.7823546434454,758.619885739186,3090.1941285896446,1413.8283086097629,2825.688854489534,3019.1714852976984,368.03992672192896,3024.598387229033,834.5729495968271,2405.6013111400007,7064.241530582018,888.1194550671138,1998.4924319667646,7237.843258743786,982.7617096279657,209.98139948201373,1311.6597174177843,773.9745434008023,1047.3114968318712,477.51441840639916,586.2073341061409,1117.636733107253,266.15581721930823,1199.6373275550875,811.2960589539488,144.79133850824806,1600.633306074721,647.1635176914897,985.1755650685147,528.1534152054181,2869.990581934135,488.9339360407418,1481.1154789281522,1790.202960019531,562.1604249738748,1142.9025047160628,1242.0084922262026,936.6180301866087,1212.3527346964086,842.997497313945,3107.3486377266963,507.9423488214905,2498.48748623596,869.7485758057942,1474.9717251870834,352.0451767736734,1615.3576945165762,943.5052444922306,6974.8628371488185,964.4690446753576,152.40493636792402,383.67629265930947,243.22944453349936,3389.4436647818434,5263.333885569451,1063.0355951623005,1387.0019473171758,785.8073474026918,508.6964209836401,16.260815343086787,1537.1765118978863,3351.7987304123017,540.2643004526028,665.8028496358609,743.0833234530638,4439.675385779767,2311.7688693632376,1195.2203831144031,3227.0934347480675,1654.3682166578506,2753.2324002118817,2711.419878033725,1087.4222817880875,3158.365954005049,3105.1814502060597,742.7783014822577,506.0503655306108,2394.936714748501,1064.5217608562184,675.9817311420702,1506.7331461121946,742.9847577957977,764.0529245497432,3416.0314380444374,904.9203112627267,865.9669969997459,697.3472882312752,1079.9758949667446,1583.4366267348514,1414.9261394840933,755.512952210838,536.3357700837098,1095.9345546579195,1769.6525254893104,1837.6860794570932,337.90825966814424,1535.9943643093093,848.6354896140447,550.5484650457433,2546.2838876430687,1981.9375729917092,1855.4502817211896,620.3950939603618,1090.0665504888116,1095.054856674417,3214.033496415747,570.3080388773895,2122.8129618574358,867.2162357450369,638.722724499479,409.5131648792554,4192.252490943177,827.0808334122122,3359.094260942579,499.3708105786905,2775.5767716123305,302.45149292643094,815.786581540572,2044.3294942830871,1210.2390014541193,3297.8943241421784,1183.615515616741,703.5316435782,2583.6271430014344,1992.3916927383566,311.5161104175309,877.4256343703981,2496.4675400691794,12490.570364651236,5975.716935196601,582.6360775947282,580.2465545269517,816.4057749934116,686.4561217222607,781.7295011256235,1993.9914713379214,1214.2864469121932,1078.8352336746018,1452.9934693000907,2062.4743500364034,1256.9959694516522,4453.013406688765,964.2944198293204,2554.982732191477,1493.9747756746478,1163.994596415322,752.5872785894752,1470.1880298362448,1057.2152706491117,765.5400410537128,1900.4710621325107,796.0239878727434,2590.453074482832,1759.5378629619477,737.4515192291154,881.0632365335819,635.0233909222785,1543.3011578692526,691.1449142667659,3068.622452767851,2033.243465948712,449.03230735271757,1130.078892099696,3228.1751584212548,1127.7240648839982,907.698585027926,5402.2441865427945,2671.5843536901743,2626.158913575897,840.6148082969933,2041.1350115024625,1586.2614058876145,597.4277158806082,1373.000821764283,2407.0287742225864,7081.150359178752,5479.674133970589,5938.732134814711,5389.4188280545295,6097.803238770677,1153.169908479409,680.4587094847457,2123.0586453194987,1411.4944726755896,3218.93393811494,1126.2925542426958,3454.233962940633,2409.023776778538,2967.7567902851683,939.9403774702316,3212.899594076088,1335.7055853513589,5707.787208965029,924.9775295473517,1791.565412753687,1181.440434489766,2950.512727532553,4304.057253732651,1481.7100097652435,398.95581735516237,1458.151842142355,708.4495214693496,3038.3156705277643,4261.443623966773,265.6192685369554,991.1865107124428,1213.1482527279818,2667.5829696074647,2523.597553275319,5714.79226765891,7053.364295177419,502.0806029607678,489.7730399803018,356.34619256323725,1282.5043809909218,1531.887819472627,5415.390118746124,3302.6057500043275,7088.2535567570885,529.8520392087447,877.9261691003936,384.18450705231385,2294.4201466990053,1282.7575022621604,1227.8738599569679,829.8839424977091,963.8814791445817,5086.857378174135,1136.5044212505584,1979.2323562164945,5816.5711393001175,654.6014282132028,1666.9460506802322,4751.429437593964,439.8075614121762,1621.2943723894653,2690.659160035024,1186.9683170476903,6415.036027088791,1623.5419642687386,998.3049890320517,10519.703101841287,2030.5128467535646,1089.593260222906,2603.5168296245056,1432.9729558410056,928.9222272579055,1248.0381678674762,1277.0087505653055,845.3940261141634,1392.5588852344795,1686.370565657384,1364.086608451576,1496.3247480503187,3020.5551174249317,1263.4490450199228,3204.0432312918288,1981.0665827789408,2209.4375153928117,1058.321740245364,1006.3415969420993,1329.969587975833,1232.4807991350285,1403.4480586527206,1485.2045253871356,405.84297516501465,1239.8142626985812,364.31924487447793,1750.9977916822172,2755.280288306232,2444.1257193859506,1214.7652291208246,2201.227585640563,1366.8950218743894,3380.934971691431,924.2447247800541,1927.3531167992892,1374.6693687126462,1780.9570764309146,5882.782816588848,1664.8189939761915,1529.1100419114102,546.1507600727203,2515.631852082695,2689.605770746301,1193.4569578236349,774.6212231426189,1765.5411137396247,2621.2713923463994,670.927203324811,2153.834212750772,1524.7519809930277,536.6732512133253,3298.613357813856,5691.945367669204,3467.745662053473,5842.888463954,1510.24951008047,1139.7002145765496,1938.7260885985943,2225.447697331052,6032.186493462825,3370.0272634085964,470.2837343336463,4505.505159144782,1467.358488609418,2484.1086828405164,1520.436531434343,5135.323412650761,1858.1814207628877,5178.2602447548215,2125.191714870175,921.6050582344701,2223.8386962704976,639.9273183671899,474.9871751309073,6140.16252042351,838.9078264135452,1158.1475968517348,2457.6075058864867,4516.276717178494,1156.5900700707816,1446.1309172539954,6160.928060639992,702.2713822446367,2121.7878376614567,1780.0165869612383,3171.2802254327116,1878.249481750784,2565.2130997931404,5427.972042990025,4510.736028552849,1707.3364396032425,4480.371167873232,6189.6842774082725,2809.2096766566237,3071.730295812204,6154.694701336634,2137.848846803089,226.3740459181585,510.11138101939383,700.8814401921624,351.79684701489236,6153.303537028071,1782.424193673286,5959.431933507255,971.6255328455217,1419.6827232788519,1853.0353547675518,886.0043620643512,560.388963597203,1359.030649164586,740.4618723935948,871.5541095820179,1675.7695887858595,1441.9626086247229,1726.7389313143165,1790.9266148905845,5466.11596997188,6355.943441132893,1407.6266805389346,5844.121827334928,5996.157413478256,1725.2962580004682,5949.5460363590355,1639.44732088688,6000.999574232683,6413.047457091883,6014.606154921243,5826.033362359493,339.83006926035296,5945.999340697364,728.9986295890076,6099.5592671930335,481.9016226279718,1377.678531116789,1417.4037439205856,5885.6862953475475,818.6572529330165,5607.4185725434145,5981.7178764102955,2306.553791506632,848.5136447134621,7015.458538703881,2271.881557561533,5954.387488347,953.4342683824608,6051.237625961383,6093.9274627839795,2234.6046929207314,1364.298388138082,5746.019157681583,5999.163128492591,5235.939783813751,6131.604401766981,730.9535489418957,5435.2220132973325,4367.5207381403525,857.3792827429126,5701.65221744174,5952.152593310721,5890.095721145262,6099.743310580483,6123.79315637582,7066.897527471969,2526.4170482241634,5622.413540603644,5440.589862892271,5480.558372835902,5951.495456304082,593.0417973283339,5725.928575750084,5690.123365294206,5922.198483691473,7127.351091460087,5941.268324450924,6532.23674440422,2128.3476589794104,5211.130458293468,5933.648349873388,1606.2690632688775,7003.026574133927,4418.173938575698,5779.809059939171,1482.0518964591113,5456.545465153915,4251.188317323557,2385.3500688080776,855.0620497695212,5747.730148246656,5630.493219948074,5936.237105687977,5570.408416927537,5228.6380083045815,4178.441008256964,6221.999749853348,5729.2597331302295,6103.190760431589,5984.729788878379,6359.684239534599,6348.43030294023,3362.8932971917684,3376.7258160537867,2060.122882822171,4283.776827311853,4524.6573465376205,5973.746726547908,281.2547655671601,4251.750912022981,6113.83082683353,3033.386549439549,4461.699955513203,2669.318074460368,2372.6679574339278,5864.95027355396,5499.807872056485,5989.041649496557,5856.190121654495,5832.935991052274,5268.252182508277,5754.2732759908495,2442.314696023995,5115.087141933806,5335.784591696833,5586.920430634026,4536.533617129492,3463.503287631012,6005.139137613146,1298.4314740111188,5403.943536446924,4950.792161382567,5378.380287224408,5923.669683910243,5396.284925914232,5854.6868278793345,4399.994879990551,5597.345929491588,1110.8124379029125,5820.725104925941,5106.675646824436,294.57874526358916,6191.478029338117,5734.86178412033,1110.1026279244372,1114.373017957632,807.5791382920758,1037.5995764268378,2680.121942796932,6065.140338484665,5288.237346025281,5135.576300995923,3320.9644756385746,5328.445715063385,7644.059576907754,5716.683806425926,6193.773446786835,5467.321263505327,2843.0336862490117,5665.9505451935765,2951.606627625916,4238.989118060693,4285.575760551466,6592.592731182952,1511.6193163879193,4277.307293619015,4490.723884159275,5859.539273236389,5587.662504585359,GA
13049,383.7098198993597,1346.750138980792,2271.387548887731,3407.008255641777,1425.6273655728494,3104.296180228529,3872.0805441598254,3748.2330873343617,2819.356176135275,505.35554908460887,273.4210368622584,1841.6161430070356,1623.979156772555,1268.7249815048467,1314.8853458368453,1275.8213552542188,1329.657391392042,1337.1633094581348,558.4907884888968,1188.123661855839,1057.7489334663305,2894.597028257246,3306.014798935265,1010.70934751036,583.0582257332122,1322.395457580896,314.1612666593135,3848.598945030601,1407.716052516047,728.1119159985923,1003.1508662911522,1160.9666980442432,1488.360323636788,7505.993818359579,1268.103402504355,3709.1011639581425,783.5319574840587,3734.5763715905123,646.6447796692338,1483.1948243019754,3680.76356174124,3359.5297459875355,1574.6864535263494,1062.6585798489568,1182.2230804180333,1093.452711545727,473.36963618339104,947.798911419479,1027.1438689280603,2127.101252366786,1445.6786551979708,7386.7466427906165,1500.0682871386675,497.1951590048835,53.65432473015878,3400.457604427067,2326.5143168141362,5872.2567024057325,1385.4452163711078,1698.491239575601,3331.9330815586495,871.2401070924636,307.91541202098085,1526.9691074814675,869.1454947179856,3528.1374898221816,1547.5254038741214,3307.0899050846087,3384.4655671109776,885.6255876446971,3533.653184349433,873.1378870985515,2728.101778734457,7406.586479506245,1378.508978529209,2301.004132225491,7606.427564788199,1408.3245639460335,533.1106919373606,1522.241844205775,239.19628098834286,1578.228198525477,174.25251606698797,441.7737368967563,1427.7603306819315,457.71170960359876,1471.2262833895868,323.6323305059205,585.2046538063447,1769.248086812522,1039.6405820631396,1514.3989879778505,484.07240062750384,3232.7637690072106,625.8355472262858,1650.1427738169184,2237.352521959106,1031.6587875384043,1597.4010369846158,1378.5398299660235,429.5639454178773,1371.3407663696512,1281.6469691184325,3513.546104295999,420.9532923583615,3005.7861946308667,378.4852595640635,1713.3281396682455,838.0115112320929,1906.5673017493048,1153.7793870759774,7313.555179795301,1501.0479768955993,609.814028839333,364.0841316536901,518.9195424187989,3868.85996266,5800.024635887735,1183.9314251864205,1917.708226733564,1260.2119853909946,353.1341658722908,552.817773281967,1875.950781724776,3816.914188686783,770.8893122135157,555.2969289095677,1128.7103741312708,4973.704283758916,2824.497243496409,693.0608290385252,3709.0260086877447,2191.1839481078496,3262.8646146256456,2214.7470576533747,1245.7546214108556,3534.5923076732597,3603.8783650870832,862.0742265478066,215.90324465029258,2885.92547363778,1252.3732601995712,1166.7414934960389,1886.714105675713,206.16298960009198,1271.1709269375172,3926.3175872028273,1362.3989698248022,1402.7287563596217,885.2209377986984,1599.5292959109622,1652.8228743923623,1525.771505852721,1292.2040933728194,754.5810918654141,1611.4291086648416,1944.0964265270948,2352.1451088052067,288.47158551008897,1596.6901764677298,1121.4019783405563,583.3283396844182,2037.3893298098053,2430.124423046929,2388.524392858581,664.5429499266485,1307.098750635269,1581.2775640439652,3601.8013751412227,558.3998173566647,2566.110885783384,330.98358079080424,121.84859496096537,946.2552605212444,4721.404963075798,945.463838418953,3786.5561737580542,846.1254336004685,2275.813635831213,633.7730544201822,877.1471437233325,2457.4201124630827,1392.2291955553626,3703.2862014459038,1720.1439239145263,1239.0910968456394,3100.852665113028,2446.641288988989,437.15461241725603,1351.7006766998386,2983.9878441116125,12989.37151012203,6511.40517064597,1113.036259040323,1007.0511713802977,1309.359875609294,617.7317404541558,1083.9412889824273,2529.387302141553,1725.4032571226871,1348.8733647304675,1983.2623293800166,2497.691527667993,1495.6800939053674,4984.765826400876,1428.3372146597683,2962.956912467017,1589.5035016475665,1689.3441453507724,1210.8916689255525,1718.25026369354,1399.5464385245655,1281.201500444462,2286.153484615377,993.0386789742964,3101.625146164763,2296.2263133353617,673.6923371407646,1412.287194062446,1169.4541294483695,1589.3936028220817,956.1374700908653,3457.175251930135,2498.2585588649717,844.6898624773105,1396.5500764254673,3648.326765708133,1662.2702447680042,1268.9948700146385,5937.499708898019,3155.208244636688,2117.7927918241853,1245.9124466031126,2535.854283844585,1718.0982422750296,776.4138598810854,1669.436426453127,2859.7526697847134,7436.904455335141,6011.290566778398,6474.465183244432,5920.856154536179,6634.545813875018,1359.347290125763,1216.9945783169776,2655.614676047056,1569.866485552249,3718.1209012717504,1614.747802355975,3906.405803667777,2786.8531399643293,3472.0323928563735,1036.2957943058343,3717.6221616030934,1840.3053824108747,6237.966232916737,1064.482823756873,2124.771470879318,1437.2031837591553,3452.5055665414393,4835.924879611038,1747.5182863412933,320.9774940957917,1567.2406401063065,697.8416973732479,3536.812939656267,4792.855995277352,327.83329851694265,1267.8648972619615,1578.6153138676111,3141.2903733237963,3004.507161166948,6248.013299800039,7406.395259096603,441.2486453343322,108.57809275125365,676.0162618750188,1808.2873145787812,1694.138666703776,5949.67397005028,3750.554335393902,7441.000284353594,83.39863192483021,1340.3596226831053,212.8096701296756,2796.8650407996333,1430.3518322764291,1574.5134002931854,1154.3048803859274,1499.9179184386926,5622.194230833768,1383.9712952366624,2416.654457080305,6350.384676168738,962.923784734012,2191.6629074257776,5286.179136932185,649.7447026937567,2156.5071811660227,2189.433884024005,1660.7450883360445,6941.934893897358,2156.892632497445,1143.061375640963,10683.676249063907,2540.217744441369,1507.7880482305814,3109.5745946322304,1877.5188535877007,1203.433669742969,1769.192270227653,1564.2776350640204,1070.260806065294,1901.5469864990728,2001.28409285297,1652.1379292705703,1608.5691194034855,3436.7884243596905,1731.9994654977265,3587.286192466724,2510.7508710893635,2683.6296985778154,1594.9233191102146,1253.7478024850714,1798.4894307503512,1765.4405476223506,1939.9097607752487,2020.8339262640525,928.0608282888628,1750.2892894698984,900.8577395918904,2286.894249158465,3210.09977364269,2908.020969283341,1716.0501031577833,2692.277305764524,1495.7701558579308,3872.689474689873,1424.2039785607744,2407.097200511423,1493.4330335044,2273.9168123074687,6419.604399659062,2194.5713024039223,2060.053539055324,689.2344643673497,2933.280024114962,2190.7021976161573,1669.8400342807972,1307.0067155294284,2204.5329382529167,2118.3785589234813,883.4515112245009,2662.983966234004,2020.3296406336965,803.0939339957047,3720.1471649187188,6228.703079461982,3940.9972798096696,6379.015984041495,2044.4059450503116,1594.6885749804965,2143.0821593515743,2661.4213557765365,6568.6546695962525,3873.517935092261,999.4647830392096,5039.431923950779,1670.2808951667566,2854.4369597450946,1643.982750348219,5671.167608486447,2394.896870025448,5713.910798119991,2655.593615883513,385.48546315649565,2683.1249376859428,1176.4920423718067,990.7167343368048,6668.532544403302,1374.6146553562235,1694.5166770008834,2956.9557433039968,5051.253407550969,1690.099082553052,1570.039070100493,6697.248260436607,1200.3479505168145,2536.505343868704,1939.354496391067,3584.050406803418,2299.067169085372,2054.849828744924,5962.015977031213,5045.971701695445,1867.6934376861607,5013.876046101032,6726.019756895544,3155.036430780236,3566.797078700008,6690.40168406087,2463.6265694168687,675.1251913028127,969.1409460230733,1005.9580512630116,827.1342592754146,6689.7556003581385,2286.834943447036,6496.239432219542,1165.2737815121445,1632.5588174451907,2333.548935744464,1192.2002481658478,885.1523230839637,1881.11017483314,1188.014509236824,1398.3579594449498,1853.070945025188,1867.0416849513015,2224.418375748323,2099.6286164709077,6002.753798057227,6892.742585920472,1664.5593784740438,6379.826491442521,6531.411876219939,2261.274119104307,6484.728468690273,1998.9426648382514,6529.084440162393,6949.8209233540465,6549.58202277869,6362.003201680747,732.4910522268611,6482.754671986222,1104.5840906307344,6633.824850708207,784.7396969596215,1876.0201511493406,1697.6014902929776,6421.810157525845,1101.4279887803566,6141.879937349247,6518.478508965101,2834.874404920655,1112.8714541209952,7358.328975324536,2632.85986856489,6490.065087279392,1264.8846601699652,6587.729779952511,6630.6263896168275,2764.122927850286,1808.6204605467167,6282.775846433212,6535.893974322688,5771.293470038255,6668.091339400566,1041.7742913805064,5969.148897926115,4899.458823134616,971.621440996543,6237.438187740672,6487.914208176869,6426.791525733878,6635.792050950671,6659.728420689386,7422.641658203744,3051.1815635362873,6159.173459622682,5974.52202669622,6015.103074815131,6488.299996835267,954.5119157077929,6257.533267713116,6225.891004032154,6458.062135582773,7654.596095097001,6477.017187685302,7065.323545399582,2655.658073967192,5742.02286768107,6469.930228144287,1812.3981142611356,7352.667828087909,4950.902459927639,6316.6176441823045,1966.0378882537855,5992.2233050392115,4780.857696443332,2841.7692203656743,1195.9252723631464,6281.950718378951,6167.165340980226,6468.942112007017,6106.705159369671,5762.763543756265,4707.097154050688,6757.67012061037,6265.988310985203,6639.850978887984,6520.3604031041505,6886.802181534553,6875.514814030656,3866.2424793037935,3882.4205262562,2486.4701877461457,4812.774447593235,5057.795162290306,6509.37636236911,256.16486257960355,4780.935085477751,6641.9178938373025,3400.456971741832,4994.751169003904,3049.612656410187,2779.42860381014,6401.5668792610595,6031.659442880716,6523.185381237616,6392.875202228105,6369.558797038631,5804.179352266992,6288.390792090719,2833.6691491063725,5650.568591108169,5871.9936683237975,6117.218383041237,5070.019151076344,3922.9227340067787,6539.1940446952185,1440.7094501866022,5939.291114201201,5487.309333583673,5914.869863612015,6457.638968999999,5932.9638387524865,6385.487210477394,4933.727025409489,6128.7587953711645,1646.4164264081787,6354.280559457823,5643.155708669726,582.8761892802831,6719.32342474633,6268.139655978835,1257.307172301283,1287.8466186233334,1172.8221624782739,1529.4641398381339,3177.8392008595697,6598.841737788139,5823.867446820592,5671.873987268052,3737.254174570628,5864.253141426408,8176.514166693353,6252.82923342344,6730.119066210445,6004.1412130752005,3202.184756780439,6199.951939305638,3300.441991736963,4768.3537451455295,4814.103797657613,7118.401984967602,1741.3391426668302,4807.615727393352,5024.688459180127,6389.179736544757,6118.364925187524,GA
13051,362.61210553116007,1264.7022218288519,2288.9176948493264,3469.8202186629132,1499.0912053636216,3156.019265653226,3864.748492187265,3791.0853783454586,2887.490368654255,359.75172349039445,395.4406207248815,1777.7291876773306,1457.2587193568104,1375.9910036419362,1148.9865423017868,1155.2703168210573,1163.373296905105,1171.0628328927778,663.2781368589942,1022.6273431762062,893.916604111345,2915.6401868872804,3375.751681863104,847.2531498474882,692.0808570070441,1240.158118909071,466.64211675937753,3850.798297386637,1481.6931097517995,691.010139266631,841.1947082948946,1128.1205624915774,1590.113192912536,7575.639290461054,1379.039425059322,3753.30678384784,901.6557793438617,3776.9291998987187,482.38167132853187,1473.4886589496161,3718.157742361314,3423.976518900307,1681.3201895060345,979.626085611086,1050.6862640007325,949.4494268607718,608.8461566025761,850.0285231008729,906.0401240114231,2132.9150936595133,1358.3946166914532,7459.225742463715,1333.931789913071,596.777168745121,174.92341627701796,3461.9365429002787,2384.0189260102866,5818.570328357612,1236.1422732789931,1675.294951493611,3394.4754717192877,891.4462713570701,141.54682414310759,1572.3864331219254,703.9404070675835,3561.0875660101715,1380.7296273206846,3315.3578035214496,3448.0397541641128,808.0858962269602,3520.9889448633116,706.303698795552,2804.7864111247345,7482.46722865398,1273.319924968847,2382.2693564697947,7672.70586870447,1439.7711524123295,558.2448865168468,1358.147947573409,356.4726111447885,1540.9317668054848,19.72932734226248,276.2432157491864,1274.2852603441868,340.79384995698297,1312.5620961290665,478.29964760914925,503.3392067021826,1602.8091777464426,1078.1504279994233,1436.6281120784704,603.7636812232959,3296.959245102855,470.1818801342035,1483.8704405486474,2263.354257914405,924.7747467826327,1617.191423270129,1211.942198994892,569.5933189035317,1205.3391367712452,1306.209911103034,3561.0739186715996,543.3646875408058,2994.594913155305,529.1898592918885,1550.3634857236975,745.8166723158809,1988.9289682755127,992.0423327486526,7390.667293466237,1448.4149344570071,605.5268018966793,217.79055899398784,407.03117208337693,3878.7832920392134,5733.618304929979,1017.3899898426989,1880.1244955753016,1267.583583361074,483.0385973539122,510.95867973273386,1943.3283263458607,3835.5946527396413,847.0084950321415,390.7281412386386,994.0014265902852,4926.446206520689,2808.332019512397,828.1772377211136,3717.20757298671,2132.601856915865,3249.639003398584,2215.2021735900453,1080.1578045829337,3594.3163766492103,3599.9692474714675,969.7647250535049,357.05425254746626,2887.3828991298633,1088.2375195101931,1065.5300275441505,1939.7741819788073,311.4117152444124,1177.0102077474712,3912.549248349223,1243.6376471663816,1344.9435220540995,725.4933840583773,1510.5880733856861,1784.890059548874,1648.6442310956227,1234.3912406845695,602.9351636348308,1518.9876191161588,1777.6175320401294,2334.275722397042,175.05861068744542,1729.8570019316444,1199.0068869663467,694.5964115295836,2049.857139106408,2456.108110300605,2345.5697985238194,779.1820707963279,1144.6031227890642,1471.5109145768881,3657.105724445989,392.26480164005966,2594.8463423635244,433.2494638112301,278.73087139205927,893.061548528246,4684.618896832041,1056.2453685660187,3824.8780768989827,712.64981614958,2279.122224724888,514.3510247869393,710.3923082934882,2499.75100968521,1227.093779730969,3751.4337235250373,1658.1714978806194,1176.1583087756399,3080.1672375802773,2469.5512777286513,501.0555172496559,1239.5973449968876,2987.926237300133,12986.369198219823,6457.884149908466,1077.8839264990745,886.6398184505988,1206.5389641721613,451.9044955928175,934.2389856345301,2479.7093025235044,1710.3468771921841,1191.056279517832,1903.936448155592,2530.1743982110893,1588.7133740389668,4942.975137358686,1311.022779198094,3008.7435510568403,1422.9083013326447,1605.4033752377352,1095.1850732649789,1556.0141400352338,1251.4515447877855,1261.7675457881267,2339.016503329452,1086.954865767452,3086.956800676084,2233.635664494369,508.46771783313886,1338.3873729831355,1104.3067130031795,1725.0886395789005,1031.2584687236467,3511.9283352950624,2515.4540609809587,722.8348211512047,1237.9168994728045,3689.872998446121,1592.9646031115105,1126.2539171607687,5885.931887489441,3161.9000988311864,2129.6749785720053,1283.513432997716,2534.3652342292207,1838.4700274066533,618.7706196749425,1748.3370033441774,2884.2345909197225,7507.946405340073,5969.482231357413,6401.593900641581,5837.094157562298,6568.491797214775,1458.7639801114635,1166.4715508507104,2613.486679743141,1403.4419861682127,3713.8605834637774,1615.9026183180097,3932.405892017178,2844.35996116473,3463.546257710443,869.6497989968067,3708.808665694019,1830.6854540181039,6151.8140773393725,1173.847088176597,2195.4772320252087,1524.9684865836484,3445.9097308064465,4793.942936933705,1835.861679511624,419.52872276667983,1400.447342315811,531.0641138456954,3533.037881029233,4751.835567412544,367.2513962906908,1347.3171305812684,1634.5618422259454,3154.267865437288,3012.843980995275,6202.467820741773,7478.423432104467,276.0331519870351,247.04706632897648,720.7870852360498,1778.1335087071382,1527.641878676954,5901.3241579699625,3778.654320395005,7513.15236299144,87.95677835660427,1354.4913606211253,298.0926879032075,2789.663205962934,1263.8980842485942,1636.8162610692127,1217.6373822194714,1436.513955670663,5570.434324698935,1223.5161259303702,2447.8816415415313,6303.25487883709,817.3108168975419,2162.5748772829747,5236.621287615747,722.6252768622845,2086.8419696381247,2194.1107015182542,1544.5989452043332,6908.364113006296,2113.65313520044,1253.0205592159782,10810.767094410014,2526.785022441725,1543.1927241738288,3099.4824189565093,1903.526166938652,1282.3003044929333,1680.3693653034766,1406.7188584410876,910.8914521394323,1802.0489330081268,2077.1164466412206,1494.1127152535232,1441.7700580712662,3479.808249352069,1613.0600055052664,3644.3660602396285,2474.195602873894,2695.790151140478,1541.647508991026,1094.4268808569013,1811.943399144497,1691.9432129132852,1876.5095037209387,1953.1069598475103,902.2793701963568,1652.920041725122,846.8602748995747,2235.6254204726147,3233.9576742860986,2926.486836308552,1613.0053307828132,2693.534524327243,1328.963181208233,3874.1304499376147,1323.4776287422485,2415.463129155592,1326.58483115474,2273.406380173013,6356.343900659828,2113.533862064846,1981.4423993554608,782.365484280294,2974.79480940059,2193.1918376558256,1678.4166816566335,1267.9077332154336,2234.399449217192,2124.6641882465365,726.4208839951019,2650.077960594113,2017.6402089898277,656.5691152631979,3761.151820583776,6163.082250095489,3954.874726037389,6323.368380351393,1999.388598545985,1472.0221374542416,1977.2837932267182,2693.9263028030664,6510.711431998416,3865.780164027104,966.3358646747287,4992.431299190668,1505.2742833592324,2914.948789577891,1477.1370651246218,5617.240092126923,2337.940792373544,5641.089412971391,2617.6699262984685,485.18740641203186,2703.806022595429,1118.7151733901635,970.5276263572023,6632.632144221059,1327.051101075358,1642.4666989837067,2952.2788128941747,5001.035317325251,1647.4879372176777,1403.1910629684264,6640.320330364963,1193.6245654017944,2578.3635166086287,1772.6202944687725,3628.8210309242745,2337.544949379018,2068.918867723467,5914.359337474224,4994.833588309737,1701.0128766098487,4968.011345746714,6668.980297421766,3225.096823050263,3565.6635922918604,6636.7394960050415,2538.304402514639,679.3012608730661,980.163378908523,858.5628568172458,827.6164579199934,6631.894325435205,2277.765966973881,6433.919887726767,1002.1474570992655,1468.2013918776559,2341.320151054011,1041.1193994566706,940.628122041634,1792.4469423602027,1207.5651414592646,1367.3962545579875,1686.752584848456,1901.890282517224,2220.471166219781,2177.963585988082,5935.641245747427,6827.784650879274,1503.3076015582305,6306.880014611175,6479.650176971165,2194.1560393865625,6409.739811115383,2060.051149493854,6493.682607284874,6884.204500519471,6473.866705843507,6290.26410296101,759.2745355685691,6416.980445519516,1150.387126561464,6555.9445983651485,645.7099505822008,1871.137729747018,1538.4574370937976,6366.167935095758,948.4991710745539,6092.9316043180115,6452.78501003911,2800.2782370467794,957.3025445937061,7433.995008916488,2696.1462564244753,6436.597990712587,1113.5126282700223,6529.588496928528,6570.390598632513,2727.636327810959,1834.4237579286041,6217.1125744362425,6469.697641224338,5697.291404072918,6599.318008963057,1106.5203525853287,5921.8195492120585,4857.303869036351,805.7263756066296,6164.912106257338,6434.071367848261,6360.155666563032,6564.318526759347,6605.00066376234,7493.679259959926,3021.596019157817,6093.62409070838,5927.176272483556,5938.3382443301425,6426.092329035557,819.522955906935,6173.882858685928,6153.290597424767,6403.751953814836,7620.377269521169,6423.2360257478085,7019.90413552037,2622.711622446653,5657.394224782199,6413.329974436608,1916.7659879508042,7425.901520385948,4906.964605883562,6252.220751011332,1970.9426754909075,5919.361449416162,4743.149554802207,2864.2575163814513,1050.5562832110584,6233.684462482746,6107.446354627259,6387.381602451703,6036.872459506026,5684.977903765768,4671.1557788607815,6704.148794719599,6199.8755283041855,6580.0891418875635,6467.088041580903,6852.897115250277,6841.664000829315,3858.6223479045902,3872.7970296757094,2523.035783452647,4776.226545873637,5012.838075778418,6456.1118067126135,253.5738704979845,4744.076638023535,6606.492664949901,3463.4026545618804,4950.029260354788,3106.820790915173,2825.3185242879185,6342.367909077918,5989.346118586841,6475.0735708681605,6332.9080109440665,6310.308118333142,5732.5217993470915,6240.423170452133,2886.0219690238487,5577.114055269319,5801.7583529133535,6078.006347547303,5024.1826652813925,3944.947537798725,6491.334058453695,1556.0081405415121,5865.172665484097,5419.355807016959,5846.468093181382,6410.045306260404,5866.346596293338,6345.246638372934,4887.2974586776945,6087.344844379165,1580.3819050567513,6307.844176864746,5585.486997930818,626.588728750226,6684.281202875705,6222.445060466011,1368.8636001543714,1393.9495165549392,1032.6477434884716,1528.167295989906,3174.526319792563,6519.5052687605685,5770.841763882347,5602.273551523514,3780.662581220408,5810.421755271945,8132.373967129279,6197.125969151106,6660.310157878833,5941.324235496794,3267.6322609882945,6152.3426726119405,3369.7749320147395,4731.1861756814415,4778.3450817757375,7086.460995241889,1577.6745284958515,4768.736451740986,4977.589098817956,6351.1230470523205,6078.377369174084,GA
13053,147.2407723355255,1105.353844250219,1966.340762508603,3121.178735882802,1148.2013812095095,2811.157793425001,3567.691034475608,3450.7610575762374,2537.528190601382,476.85688388709883,548.6957344754907,1572.5460508969645,1646.5270898806393,1037.4159693186773,1325.3088868615312,1104.2077083472914,1346.5697660991834,1350.3545597744005,830.1876070457989,1196.7985061190934,1054.1490341495,2590.191829509332,3025.6092658304683,1006.2130821425757,849.3870493875188,1081.7732543492739,532.2379234478962,3543.203555582409,1130.7908987736628,454.4810410366465,987.7273560794523,872.3168497414191,1246.6528205149853,7225.853852081386,1043.5719486120352,3412.240100301189,582.522573416257,3436.877768715462,677.4538894145795,1181.073386716889,3381.0137930895366,3074.9076312320244,1340.701737573593,830.5744585713597,1040.6893764822792,992.6851087242433,709.6874434423904,745.2395725886777,867.3770799011005,2432.5645336059265,1209.729912849743,7108.9670548722925,1509.8930518323668,776.2160844462868,359.15102959076376,3113.6639976432125,2036.6149336485644,5586.6864203665455,1292.0913866488418,1400.861359161499,3045.889822186215,565.7540724291729,448.77791553537764,1229.4087827816165,889.6674706521933,3226.793912903639,1575.5074241417983,3001.598040445821,3099.193695256049,653.5787686216944,3230.401698581316,933.7426579107387,2453.907600879965,7131.811365115205,1173.0321318395193,2031.4761291560828,7323.638925804135,1105.308308743296,227.7742984395419,1505.8454917565414,522.7386612182636,1289.0077222090974,338.13384823661096,565.999511447689,1350.1209856544046,369.93599748995314,1417.8299311484507,533.304860591991,391.80590449005587,1780.4634132435492,738.1523758609102,1264.4436089670269,308.58557012262867,2947.924186518237,610.4170392201852,1659.6187821975,1933.6716337861105,841.6010610993812,1292.3476788506962,1401.8912646291028,661.3126685141757,1381.890304421734,976.9905500693816,3218.260477141604,264.8892572508265,2702.4096024288024,591.2084763783655,1683.0979069477507,632.8313955094675,1638.318630329874,1129.7424851668745,7039.9103782455495,1224.295615269949,314.2712996003699,384.6318037510852,400.9385360611512,3563.433314436069,5524.4743132790745,1211.332361973223,1627.0400865819986,955.0415652303475,240.99118327415772,301.3255789733591,1593.1963385333083,3512.305408922247,496.80563635653573,674.4529552948344,998.0975405270187,4684.431838332025,2522.5166012785708,915.3971028935575,3403.541006468448,1915.1100557312802,2959.8521546321886,2520.2214302116918,1253.8281895173986,3246.6036873731373,3299.045799622657,636.2509116827529,220.84096167419983,2580.665631174157,1243.833551890166,960.4098247221287,1593.7094334396984,500.98908890909263,1049.633956948317,3623.1972463726006,1184.2088933335865,1131.903073872272,863.1607455300257,1363.424290725297,1472.5284699745855,1323.987087629893,1022.9838487203059,706.3906605920067,1380.3039148132143,1953.8102745757253,2051.1278724707668,287.18053557387816,1419.819864201716,848.3404017850216,375.668348156729,2342.487104607621,2126.5250146221724,2099.7920553910867,460.15112327063497,1283.0036498318182,1379.8738377158027,3310.9438835579467,620.5748362654717,2263.228879796892,617.2828605371412,380.5063292732057,680.1934815791521,4426.394042332989,724.3205680932768,3487.1897250390143,730.1438098441682,2581.3116686656936,508.24161204249685,925.4102005348312,2159.2353882972125,1390.0956302620934,3408.3721050975482,1450.136834222277,976.2169310634266,2800.105310855203,2142.429171142096,150.9897254878807,1160.0312034438546,2678.567373992088,12684.013371661598,6225.380368147134,826.6862111530965,846.8206166553298,1101.4368745489344,719.4681788269852,1003.909519029846,2244.939649470794,1424.4399543587908,1294.3537047169045,1730.1764688568899,2195.841553616588,1241.0453977729735,4692.2520619958195,1245.304145525201,2666.6159255676835,1639.3669008822822,1445.0743187541282,1031.0324965731854,1682.2604860555234,1301.2591215634461,983.6669565724595,1993.313169082156,741.6506407085616,2799.057672367587,2023.3194447758106,777.5600297009554,1159.0926157196145,910.5597091044676,1419.6536779108899,680.5244469787277,3165.9402825122747,2193.230900577248,699.256934191119,1345.0256661399776,3350.2523407316407,1400.4633293284394,1156.6043289578347,5650.446590779729,2849.7099201618453,2422.9164099326817,944.5704448806673,2230.96616247682,1509.6412384004434,752.2684422770043,1397.5130301988172,2555.979714363677,7157.91177364619,5718.29272825816,6204.337313638262,5662.636209893357,6358.1170788197005,1114.4544921599547,941.903941148178,2365.738206872168,1584.263428241703,3413.3139497307757,1309.9951334563161,3603.210371519422,2497.156968553068,3167.935187671077,1072.4493628198004,3413.521134876471,1537.4801856204556,5982.216290904624,838.8846910388886,1844.9627061125464,1175.7283116690116,3148.088736403357,4543.604666362607,1486.3851359796438,130.11733804264773,1609.2631011621006,774.0316152927156,3231.9750453952975,4500.026708008047,23.51765369005712,996.7214879829677,1287.1236867344087,2835.984862286967,2699.010639660186,5957.029183975863,7128.231759260262,513.1851114659012,225.47157133614576,375.57243450309716,1513.7286715571204,1708.0699789819482,5660.5307497054355,3447.8509146595147,7162.943621842592,336.4045472846729,1034.8628061626116,106.24162579758864,2492.7599567941493,1448.4934784070824,1287.5155660791181,867.6617453609688,1233.5802162879954,5335.448276762445,1343.5547565863355,2114.38965260732,6060.302036305367,875.0809969731656,1895.5069297457253,4998.176645793414,372.3744464097371,1891.2983035169682,2494.918145018121,1470.3831519516116,6644.605100153439,1869.0341705367525,917.7644662395437,10481.062935542908,2237.677974919907,1206.0993567340076,2805.913324784566,1573.6391301607175,931.693520010326,1530.6791009902302,1502.6214644993445,1035.1801364244534,1677.591027645947,1726.2216161077693,1591.0490059661831,1649.4675214937295,3139.3062488094847,1546.2119940060354,3297.5499301426203,2217.8529707056746,2378.230512759552,1317.8769819044026,1210.701070784022,1493.0375399979125,1507.3404301985863,1669.6762860126528,1754.4261069932004,638.0607886554269,1524.7927939957972,637.3421439787626,2004.3927440832128,2906.2893531947193,2603.2346011183345,1500.3519309978385,2387.065711618179,1525.5994878895658,3567.33369564359,1209.8083564789865,2101.597599927034,1528.8668090126143,1969.0000441435172,6140.965218350358,1942.056917490692,1805.5183567991296,440.3769420685009,2634.960679605509,2496.202080685329,1364.39195965647,1021.2066784039183,1901.7760750175973,2423.828981087709,847.2896104072616,2360.215508760986,1715.8502630177904,731.1307706573297,3421.859111589077,5952.1659206108725,3635.835346237052,6094.551811815396,1758.1838628902694,1419.5362706659973,2137.0337098489026,2359.651734399786,6285.767640576741,3569.1947456371777,713.4657149039258,4749.956414097193,1660.4392840439136,2566.8095391760353,1679.0932357443876,5385.885657371513,2116.603441938844,5444.340968301464,2363.1982881155386,670.1172946969115,2378.6079603457265,909.305617056105,696.1622697740622,6372.326265570218,1094.7935307335242,1415.6290124755842,2652.373180650409,4763.838106261063,1403.8687557043206,1603.8556065156672,6413.544728641539,898.2144818282447,2238.1555399834615,1957.7012493259167,3287.422336775241,1999.192615733502,2359.7865783339544,5672.435351906704,4759.176031524265,1884.7309692316305,4723.717937618868,6442.38307634081,2874.88082951807,3261.66525525333,6404.387240007959,2187.4978868632447,373.4568299863439,663.9699154141982,921.6712888469106,524.9321518762773,6406.743514173054,1983.4057080885125,6216.788380350117,1151.106578630181,1616.404066694686,2028.0569733906698,1112.6084332808057,592.0315591054416,1641.1488513942504,882.6893263006338,1106.2925636774394,1860.2213760804493,1565.5463229623508,1920.0201017062832,1827.0662731726527,5727.6712582721875,6615.229151432967,1622.607061042935,6109.840576687137,6244.18886840273,1992.9013986914026,6216.660557387248,1711.363573730904,6232.689474084512,6672.829733276137,6282.190531074322,6090.879107698072,427.23513060867117,6206.182004361298,806.4213915596416,6368.57731504431,690.5491810037491,1572.0541631927845,1641.8505061806027,6137.319480033842,1033.5038128540841,5853.0192913036435,6241.8141290094145,2540.373133061337,1056.1656779159634,7083.357577332901,2347.1722695315384,6204.013768753382,1183.6427182724315,6304.980404833597,6349.449476114839,2470.738749545795,1504.6526182862774,6006.238754568748,6259.649610646279,5502.828627180627,6394.026207840231,756.1557877404391,5679.363325535572,4607.198199383292,995.207443694375,5967.155852410525,6202.122928682675,6150.997783656607,6364.224077587188,6374.468597726535,7143.644696296425,2753.985941895147,5882.622392235678,5684.743923970805,5749.207536328642,6208.763539987891,834.4010645982847,5998.8669205833985,5955.688758743263,6172.610651688344,7357.371266841167,6191.188702849246,6773.943903153245,2360.574248304001,5484.98383361358,6186.10616269493,1573.912864447756,7075.537785428946,4659.634079068473,6038.9857004207015,1660.7119938429446,5722.45746070678,4486.279728823528,2537.6018156384,1095.0980919109054,5992.596677084282,5885.857131401031,6207.755158871602,5833.993672843338,5498.153979781178,4411.67649052069,6471.527328769658,5989.848883603531,6358.30275369489,6234.160743812621,6589.6329108887985,6578.324768852175,3561.9012519241246,3578.430272861252,2185.983293594706,4517.596933508514,4767.063953639826,6223.176739914031,113.46978789348371,4485.928533515435,6345.49998892707,3114.7240605141365,4703.918127118703,2759.8112501429277,2483.062633778239,6119.720312632224,5738.929207000297,6233.62838805743,6111.624997181607,6087.770136793839,5533.414327397967,5998.848715586229,2540.7944468542332,5381.672613344413,5599.83643593283,5822.810553214798,4779.809318721951,3618.887649979623,6249.475185132924,1223.4367820416867,5670.7963070768765,5213.384467293548,5641.001787621272,6167.792075301441,5657.497960679426,6091.510911799279,4643.965719818747,5835.5001952702505,1381.2352038386962,6063.7787107674185,5360.615751165378,281.21889578228496,6422.7081220903365,5977.234622351533,1034.0489367132643,1054.3531491823362,1056.1689807387922,1225.2040635974354,2873.0123942025093,6335.148154912611,5537.867156173689,5399.293444155661,3440.0316022323277,5578.7887195501135,7884.04872238407,5968.4731571730235,6456.949553261207,5725.406408174757,2918.2959452615064,5910.229466484781,3019.6971766750066,4473.508791804042,4518.538938930943,6820.337110236526,1716.57287906923,4513.628093472139,4735.283842108093,6094.095226166844,5824.35623319218,GA
13055,125.75689215854328,863.3703111899589,1809.907005949134,3027.314197287889,1095.3018385332923,2701.0916173244404,3381.684239768122,3325.967073847065,2455.1710102929833,409.49894479897415,773.3519823208547,1337.7503295212593,1523.0585491405895,1063.810292004658,1201.7726847629947,877.7404640727677,1226.9915765349267,1227.9817726835734,1058.746337389809,1076.765729883977,931.8737321120848,2437.319668911029,2943.424717986621,885.9688966063884,1080.132117200221,839.7499549125087,770.3998095762381,3367.2982556271104,1079.5218887031172,219.77817442607304,860.5461085620178,653.2706709655516,1250.764495127621,7135.020368527946,1078.3584544695816,3289.444694783149,679.4005250156132,3311.4047167840404,615.9863780904626,990.0772171019754,3248.732827791895,2983.844181016557,1352.4843325016534,589.0465587182272,829.4906863221578,806.6097716712607,947.1025202935091,512.2412511100753,651.2944988880023,2614.8633562126597,967.6587630418636,7022.600347166552,1380.6270737376758,1001.1172599981128,559.8583045184216,3017.7043283555004,1939.837029777904,5363.664411426716,1101.7146428563085,1195.7349484312667,2951.8766804830652,427.74578528760634,521.0608112816521,1121.137036292021,796.4639798356212,3088.7110787594543,1457.5099072586593,2832.641268116486,3006.631904911569,412.89974479792005,3038.8753770799085,868.1815518498573,2386.954568385799,7050.721089051742,934.9037615329934,1976.7862073213266,7227.647637589757,974.8322310003031,164.50005560611618,1358.7304924396753,743.2816306636511,1070.1022613009357,465.060042082421,597.4672151312603,1167.7093718707706,289.6682098124065,1248.7530059142055,772.5167357615338,192.63403230013984,1646.5125965664222,630.1723856100897,1023.456737401761,477.1925337219453,2856.96827488593,522.7142688390586,1526.7476878538862,1788.9703913581939,611.7418950367893,1141.476743679214,1285.2211226209547,899.0695433074105,1256.6503057300674,836.6970603421515,3100.7044715135835,457.37510817340393,2512.025691695504,830.7963785892367,1523.449194958873,401.6044147900724,1591.3557277337784,989.1904741891186,6960.879788168488,993.5875106792453,132.18188117916608,393.1024915190403,276.82152616969216,3396.228697111613,5294.179928529329,1104.4312671442074,1409.7663689152007,787.2879011233375,459.6164068246302,63.71181858503529,1518.5325546147824,3355.54981770645,500.6428720168313,683.2706099352041,793.9887510500987,4465.062410602686,2326.9552061824306,1155.860732631116,3234.3717140055114,1684.4305907294915,2767.596186490555,2698.124285897656,1131.120577679165,3147.428318812452,3116.5242285031545,698.5941977461986,462.88518822021797,2403.918807190251,1109.6753902610685,723.3646601897069,1493.611801572306,714.3857305675308,808.8576489850673,3430.7988775854933,954.2901096701103,897.4558495949307,739.6766376519148,1121.3638575439086,1541.3569256528494,1374.7701347878915,787.5151215581233,578.1717951826273,1138.2800249311265,1816.0955820189367,1853.212949266196,335.21440095950464,1493.2877742450437,818.0554295338001,500.563384162415,2530.004710262781,1981.2108793751893,1879.983910589442,571.4517670153111,1136.7405624646346,1141.8617755800897,3204.756646781653,593.4709882625748,2121.364477210725,837.2151455099441,605.5824033576574,442.23354402583664,4214.461911723074,783.7453084793623,3356.0088004755066,548.4749269448204,2761.6262502146724,346.78541231597336,850.8418820518938,2037.5516192515906,1255.6945415199307,3291.272292396087,1215.6780994915553,737.9503045941808,2600.486255871485,1992.855154486904,260.5560873123796,925.753396998378,2504.65878799384,12503.224516989887,6002.781054073601,604.7559411056287,631.1449551681734,863.0826823712628,708.2879039130878,830.7168178069999,2020.7585784464225,1228.015164438357,1127.6303344363707,1490.1961784799264,2059.476375180008,1226.1150427317127,4476.744734228768,1013.1688710275256,2548.089229439005,1535.8172297815322,1203.5095004878924,802.2286702972738,1518.9890940660143,1107.8631048382006,780.0983191444063,1889.2082355760324,757.8009935535421,2605.244780958951,1790.8127082583326,760.9966407824475,918.5474205770836,670.8768415469195,1499.8376496757699,657.7076594119483,3059.336611381082,2035.9478501231945,499.53939469192,1178.8742606265919,3223.808624731369,1162.5391462544853,958.4815516387705,5428.80202111205,2678.958644997927,2610.0577492042376,828.0109945038905,2050.8134719754603,1548.116462404131,637.5868329594626,1348.648427612514,2407.6812113624856,7069.280456776887,5503.349860399341,5971.255341918192,5425.025589663476,6128.4081491938305,1118.769057138289,709.6917579817398,2147.218638672878,1456.4308007346926,3230.449515996786,1132.8915384884285,3455.535288732785,2397.4969054481944,2980.5937753831913,978.8502668929556,3225.948602409449,1347.44057213287,5743.953086529134,883.8588048602589,1772.9827719002897,1151.7884499120353,2962.6964084962838,4327.8577358639,1454.531506168875,350.749130626088,1500.6410138375759,735.8632622587114,3049.579208820646,4284.953144252222,220.93973948451733,962.3628633807617,1196.7476676705662,2672.7239202365718,2530.244639372525,5739.558590304246,7041.147758466196,517.1181378389119,454.0085163571654,320.3542276824436,1302.4048732670433,1577.3212746135941,5441.003952465542,3303.044401433758,7076.011039062116,508.8893810299607,877.0255303987013,343.92533467336233,2306.4151146502336,1326.7259957803712,1208.9598202908976,805.1182208381082,997.1514869410199,5113.50707727278,1184.6149316687015,1976.503970271088,5841.794680916764,703.1773670720113,1686.531838584349,4777.468195937147,395.81249615893006,1655.0791312066874,2676.323493048465,1234.776275689911,6436.242945406015,1648.2823465547776,958.1266558372363,10489.565824287734,2044.553552082315,1080.9141536790275,2616.7286488150908,1430.4590541896073,899.3278093248364,1288.7316289107378,1326.7186500944808,891.2419539404109,1435.7835673214154,1665.2863374313156,1413.9275059586112,1539.1073192570807,3015.4049404631555,1311.558559435208,3194.118019352193,2003.337624285944,2214.3100288515648,1087.458932446613,1054.0378292920216,1332.192998289833,1268.3945216168286,1435.5322861290515,1518.594735902635,422.2321332108153,1282.9654286440884,398.1677305311264,1778.4690971874325,2756.6389682360023,2447.025981833101,1259.4972612510135,2210.0829577100935,1410.1636998879328,3390.598968912193,969.7261399881447,1933.1891916980576,1417.4118796727466,1789.912565503235,5912.635645920333,1702.096081130326,1565.9164705933774,500.37939001832916,2510.2307482049337,2675.7997906546225,1197.1506586102682,798.4232426659422,1762.7307301876044,2606.5051950166203,714.5069426728797,2167.771016271351,1534.0944364630154,581.8287863694833,3294.518415857167,5722.4935177684765,3473.229182127451,5870.578634729699,1535.6997362996312,1188.8403991779123,1986.5905100653226,2222.8065066512368,6060.511086160912,3382.774152923365,491.3518756029015,4530.807423766921,1514.4617505890685,2471.645968244449,1563.8977438115166,5162.601918021664,1887.485471267123,5210.924814389183,2147.9163038597344,891.3707405338375,2225.5882434517102,672.6114769789277,488.3916517310154,6162.062773517629,866.2862871190248,1186.6131885600935,2468.827445782672,4542.541457552546,1181.4276702511806,1489.3919991892938,6188.948221393845,710.1165660754547,2115.396971344562,1825.8079521826487,3165.7012162675624,1872.454363165712,2548.565027567936,5453.380957527445,4537.275862662628,1753.0455291218548,4505.334088143316,6217.7329661212,2793.9378655974274,3082.1083908749706,6181.781416565002,2119.132886192582,209.45800534462737,504.9575493084952,749.5934343909141,348.2973791540785,6181.590361842672,1794.6220333662875,5989.007910726247,1016.6057338858806,1467.0962408124133,1858.9630820969326,935.492158029994,531.556785394096,1399.321894889081,735.2298684624602,891.6588665848353,1722.1790718022235,1435.874801682104,1736.9208964522538,1769.4168892188195,5497.123408577269,6386.2042659427625,1456.624305371309,5876.683500008548,6022.712145761921,1758.0960199680967,5982.648460950266,1623.8489308746591,6022.7533123443445,6443.483841465879,6047.894662412697,5858.265076238986,315.119983554895,5976.549494279844,710.3149392333116,6133.420063083927,528.4976801797693,1387.5833322074966,1467.1006418717398,5913.369999856433,867.0484896895482,5633.190876538992,6012.239820150677,2328.12500215432,896.2687166635183,7001.988187312005,2257.848388896863,5981.438259805127,1003.2490949116412,6079.616329304607,6122.895707423872,2256.824518693628,1361.5471576942975,5776.570305650454,6029.823129774995,5268.9193857774735,6162.96128337672,703.2795609386811,5460.534000769891,4391.369191913112,896.683049373115,5734.125236722449,5979.311791189231,5920.89616788041,6131.852483068274,6151.188587093334,7055.022611099362,2546.294505638261,5652.953224430306,5465.906234063668,5514.2445371264685,5981.04094844599,643.217828568257,5761.4234674756435,5722.619185249368,5949.4953363202185,7148.747092852828,5968.410900526938,6556.916054487308,2149.3551669768976,5247.016672731031,5961.601118911075,1573.946273350525,6990.377746251214,4442.560159787069,5809.998206879411,1488.2729386881533,5489.160884923394,4273.680422905616,2386.6980455092653,905.4197645450689,5773.291212452605,5659.377091541109,5971.12456178454,5602.158623187079,5262.662779810335,4200.3891865358755,6249.039466338987,5759.940008185289,6132.023498705634,6011.721384548474,6380.990468607214,6369.720463207936,3375.5982210252364,3390.1047192769606,2055.5740125347165,4305.909798505397,4549.342210677137,6000.737182115439,252.812056678961,4273.980771843257,6135.59026111479,3021.097060390777,4486.319629850919,2658.463612311081,2365.365463337562,5893.653786203672,5523.632570107822,6014.5387085719885,5885.113525612632,5861.658467335734,5300.5725596851,5779.746551017607,2432.77271430227,5147.942435315378,5367.693511286719,5609.818736246704,4561.48241479106,3466.185793724226,6030.561692244528,1259.8781797921465,5436.9180608152365,4982.1397909221505,5409.766743513933,5949.020720271696,5427.165639336239,5877.880988188257,4425.136630452223,5620.898773550937,1144.5310885867702,5845.7454374756935,5135.046552345077,251.4349655032892,6213.12288204902,5759.670549639787,1070.8641412997172,1077.0835696352183,858.3147581870343,1044.889947775995,2691.017778170764,6099.401899730161,5315.233599423117,5167.3489626404225,3316.0462536121004,5355.6718800733615,7668.316445947458,5744.404810717914,6225.407050776245,5497.113113749964,2829.5066853310436,5691.325993142505,2936.8668724235413,4261.314875678767,4307.464845598493,6613.3166424965575,1559.8472395812912,4300.158819692839,4516.057452262769,5882.085487664765,5610.791786130447,GA
13057,67.70408332395102,910.2648541652541,1893.0931284169767,3110.1536683032905,1172.7311000165555,2784.643438069355,3461.0568842407265,3409.8335662239197,2537.0844539254354,339.7558029641028,712.9698191964858,1398.5546949657517,1478.8835709806551,1126.8476634554845,1156.8009043763934,891.391168381372,1180.674129960421,1182.6697727963085,999.08237928981,1030.0795180915704,885.3371527643629,2520.565113731799,3025.4546469405104,838.4402737812343,1021.9398196432,886.1866841850514,721.1107500579138,3448.2378506439222,1156.685235174255,289.45530005441725,815.4401803447585,726.6848937505757,1319.1584168177965,7217.989557273746,1139.5631316515767,3373.298855996668,720.9599166590224,3395.2733407525648,548.4977994689468,1070.1437625783756,3332.574168479147,3066.505103540926,1419.6358487322402,629.622589260437,829.177957573252,789.1025704002906,895.8128471636251,534.5145119808809,654.8436807486407,2536.4910334422466,1012.1052856963614,7105.304915757274,1338.274590745373,939.4280489139867,492.30262636632233,3100.662336487182,2022.589482935852,5431.032549599942,1087.5636021876774,1272.2243426834511,3034.712716429365,510.9854295135329,437.19706942749633,1204.0933573396992,739.3515466592111,3172.4604631506672,1411.247222925206,2914.5244706112944,3089.389926358417,451.3740811105635,3117.2858424184114,803.9176533614328,2467.45127083355,7133.080968683786,964.624167059126,2055.6874714819414,7310.881072185777,1058.5867797650985,223.36176236568025,1323.4427753038829,680.9938373918671,1141.9905531939476,384.8802048906043,515.3226795536359,1149.0735552460915,218.90285754511035,1223.2755053383569,724.7458194615201,179.42423892824803,1606.4780471300103,712.1527691815933,1074.896747298113,490.5391262363328,2939.5990151706374,460.8682160727109,1486.081051786203,1872.668356981854,629.5412146225716,1225.1556599627168,1238.0546812139196,848.4533082325223,1212.4708728410508,920.5550254513901,3184.483116811484,460.4141095643997,2590.8480620680452,783.280634322976,1493.9925012466767,421.8697193024374,1668.89568883859,950.0213780238228,7043.088550619525,1058.8416388998603,215.38969396937458,310.84082531543226,220.47485787928647,3478.189176266733,5356.957628081202,1053.3418652161497,1481.69808749884,870.4456552379567,449.56796133154256,110.34167165971566,1599.2268200195028,3438.418462045276,563.1780172492631,603.9118244682493,788.2437419232248,4534.418374493161,2404.775731844408,1108.7762325793806,3316.151706403733,1748.4010524779032,2845.944492106038,2618.9483962297304,1085.6067073145903,3230.573838262835,3196.548258115419,750.1274169939211,427.98845880171615,2484.995688744862,1068.4084490916032,751.4771105883423,1576.3578278311945,649.1859093557838,845.4490627349537,3508.9223257462518,971.8107296811313,959.7410617911792,692.3402090680323,1166.2528122218955,1595.6716923955398,1433.2532742313656,849.1708682990794,531.0281235299271,1180.8787855558749,1777.7827276622838,1930.7854959716713,251.50120134389562,1546.2399815762792,890.9057826839675,530.0154335644996,2452.695305271727,2064.8602230791907,1950.2282889730106,606.8535810632369,1100.5002984951793,1171.067399293676,3288.2176793735607,518.5917240021239,2205.0940979998372,773.8526420994515,547.3561342135984,503.3001875587372,4286.9420531494925,836.9561035218572,3439.859005915418,526.9567217334056,2682.835309736009,310.9335046015426,788.7996932858449,2121.3384021310308,1214.9844599552416,3375.050495999807,1277.0646353597065,796.1948098921581,2677.2126217410923,2076.343776413956,280.22849524746033,949.0222977524492,2586.0633904840547,12582.674160625591,6070.281600658867,677.1541615262574,634.3119280390354,893.3930609941734,631.8592848831105,806.0737475759778,2088.6441085477486,1306.6011885894093,1100.6987510777467,1543.3342151644065,2143.312932941848,1297.9780267293188,4547.787038197677,1033.4083388922008,2631.856274056151,1484.8862982451892,1252.3722715836216,818.5347518018013,1491.2067436014427,1095.5708595485023,858.058109239393,1972.3555359434063,821.1319289411732,2683.325174868242,1853.169042763252,685.8112335719511,971.5574297380723,726.9709805851237,1550.956921114179,727.9895741463178,3142.7999994987604,2119.016734970802,489.59834787618814,1151.7948424856393,3307.6787172080312,1219.8652203137026,948.9393922214892,5496.879363993447,2760.683095416299,2532.6301867791026,911.0872119018093,2131.566479410832,1609.9654336727679,586.0781083505274,1426.0784520593418,2491.1557925349757,7152.122725996617,5574.447678367547,6031.6419332574515,5480.522895512199,6191.499191756535,1186.678020349065,774.8938753630687,2217.834968413501,1413.7158516217232,3310.3906676579268,1214.7401793182498,3538.92670720649,2480.5454285083765,3059.8298500457613,922.9875844955524,3305.075662895451,1427.1315487631564,5798.4665662159505,941.5342387695763,1853.6308170054424,1224.981000955134,3042.283571257055,4398.832011378819,1529.6941474035732,337.5715820249484,1451.2849040804135,664.4471631428546,3129.640287936762,4356.211315433807,196.90914892042838,1036.59961108206,1278.5165835735206,2755.190487844283,2612.221600810461,5809.560050361795,7123.896982525674,436.8840810418084,401.1239647371251,390.28583262124425,1376.7798370005146,1535.9431561341128,5510.115095556229,3386.5716399055877,7158.752630730028,435.1014050531542,960.6055565990608,302.3403840146633,2386.069912987818,1281.479327918508,1289.658268117952,882.8412039233892,1056.9068800694733,5181.483286042397,1154.1263361823194,2060.325593771835,5911.319433498233,677.2004735408593,1761.1893371343606,4846.12257041155,450.732505081108,1713.8431219715505,2597.761357328669,1259.7562054022028,6509.627690650317,1718.3194050247864,1017.3970098476888,10560.741536763137,2123.055673848566,1164.5811706932575,2695.741358717625,1514.2525481369114,972.960860104408,1335.0264142970511,1304.8714226072625,853.0311494286642,1475.8500682668148,1744.6523966172906,1392.8629127405884,1490.4106437692474,3099.2627199227013,1335.0544556906873,3277.4663863784785,2075.736806312431,2296.833598533584,1152.6708822879848,1022.1118775319052,1415.3081528148684,1323.8783389416385,1496.832007913718,1577.986347709019,498.74302229589796,1323.3635233389239,457.8057694823933,1845.5706854097793,2840.005376891392,2530.070233883359,1295.487490431452,2291.2011532726333,1362.8997359206496,3471.421652158617,1003.8517900087677,2015.399983283399,1368.8087246381633,1870.9551033079545,5976.726738857023,1755.0205984776169,1619.73481400431,549.0786739688211,2594.083689462041,2596.9195361095967,1279.897099086232,869.3541563325833,1846.5526204633954,2528.206452585296,670.5587633087505,2246.3426970804103,1614.9424028753465,543.6902829236407,3378.3885554348053,5785.667081730959,3555.617667354999,5937.351938743688,1605.011898051805,1207.1788445350094,1953.6871029328472,2306.627233112293,6126.523356783398,3462.0727400700566,564.5633158632427,4600.2526697404355,1479.0134314751474,2554.4564391207496,1516.889049334614,5229.861376638016,1952.3948332300533,5271.119655023585,2219.904092236201,828.3032929239416,2308.8645436813213,733.4242712270571,566.7859658322302,6234.831561864858,933.5707288157118,1252.6103612061834,2548.8846637135784,4610.949396577963,1251.3680969636853,1441.976546629275,6255.326740364948,791.3455306652423,2199.208008638039,1785.2630024088069,3249.542935891202,1956.299757400929,2471.511897598555,5522.710631969528,4605.378861708533,1712.3160362346716,4575.134288004362,6284.077051682012,2875.8354283624444,3162.5966263991218,6249.25499090745,2199.6406101961707,292.657354561831,588.8061874540667,723.9701714318151,431.95160789954286,6247.647440427779,1874.1313071823695,6053.4564263854245,975.1139691252226,1432.965033586359,1941.1383392496948,913.3482174679401,606.95971288754,1446.4145532610178,819.0982385899098,965.8063020889454,1683.8596492855386,1519.7172595578159,1817.4182416468454,1848.4984110437651,5559.676737009718,6449.752514747052,1430.0295300370974,5937.015256469488,6090.789917846228,1818.309711272052,6042.168199906101,1705.7834995711578,6095.653226291765,6506.7971363472325,6107.1293651764,5919.081092972701,394.69811368967277,6039.716520038893,791.532506197438,6191.764407152744,495.9388907471927,1468.1608789021082,1444.8828966477074,5980.150609381701,839.0927230955597,5702.130900235343,6075.444255639426,2401.1543968274505,865.2435907058953,7084.364900820607,2340.2192487074108,6048.954232295568,983.1049189333162,6145.56261535732,6188.113792025732,2329.275362247146,1445.3533843658627,5839.739000928595,6092.841192322575,5328.642001628285,6225.019231309007,779.0422137164077,5529.9663252414475,4462.29633489108,841.8878734974463,5794.590771398968,6046.703224146804,5983.725345256661,6192.8410378082945,6218.305374230831,7137.8637381475155,2620.755841185716,5716.139260497165,5535.333911293415,5572.878219722632,6045.528746321221,628.1813971287745,5817.100667002961,5783.051403441882,6016.7279428509,7221.9687317742455,6035.8215343410075,6627.006207711881,2222.866835281897,5302.038261912414,6028.0620505323695,1643.8831120358627,7073.005312830244,4512.9508750055265,5873.649233062463,1570.31262326702,5549.421755194833,4345.901471688233,2470.055070614094,890.3955081489827,5842.457838634547,5724.70540736401,6027.816029084272,5663.672291342166,5320.7717399740695,4273.105855496045,6316.566569127188,5822.934780905147,6197.410527289317,6079.304899145723,6454.288157542032,6443.032183763721,3454.9195178736773,3469.050953171861,2139.4443035013833,4378.46000564323,4619.42901262616,6068.322062847307,188.75703964632888,4346.442600627798,6208.485491958742,3103.9215076140563,4556.47319644092,2741.647331630665,2449.100707308868,5959.203365663035,5594.583947761769,6083.773054980239,5950.390114491833,5927.184927069327,5361.27152350387,5849.006883555036,2516.2153784868688,5207.854826721792,5428.9856327663865,5681.664674527365,4631.297139985385,3549.307305137548,6099.875366566047,1321.4119119551642,5496.6440124812825,5044.23291992587,5471.796826351274,6018.41051898549,5489.893665229026,5949.445922240346,4494.7507354692,5692.116756499573,1203.5537108797744,5915.483240039929,5201.011646725631,311.5495341682472,6286.120731225554,5829.628174035412,1131.5640917689389,1140.9871377712136,848.3751065244873,1126.4675437462352,2771.2444353952883,6157.11006673377,5382.816139226858,5228.839871490836,3399.908822387401,5422.990311482949,7738.836516558288,5811.142693678474,6287.074740639284,5561.289120633101,2911.9891714232954,5760.690545154347,3018.9446570400646,4333.688939489141,4380.235299178228,6687.11858379558,1529.1251226873196,4372.045067531617,4585.469729012625,5954.262030485766,5682.418333991203,GA
13059,104.1053240442922,976.395271069556,1999.213352518236,3216.1408725780066,1273.144849160603,2891.414028879078,3562.268796662241,3516.893332495228,2642.051355615748,262.06115900319344,644.5086898420266,1478.638340190561,1426.522280193686,1211.6607604808282,1104.8571609261985,918.4997289805847,1126.7372111969912,1130.1067871121415,929.2577225350515,976.6002738651123,833.3240903075563,2626.7385996315625,3130.52722458665,785.5174079515227,954.1312322413485,951.9834785357152,669.3107551594982,3551.4284313454305,1256.8297430058535,386.2362881147574,766.2433322278968,822.8069333630842,1409.485159122491,7324.08051854669,1222.3018110390585,3480.355132915141,784.7875086141827,3502.332089731141,469.18863474509453,1172.7970071161835,3439.562365075237,3172.2926544304023,1508.4013316824912,691.8586533315828,839.7789403278564,778.1448796762667,838.9956091193808,578.5033134585917,673.4667188570945,2437.4047265158442,1074.7087405822688,7211.087083952431,1288.9601083575246,866.9796384463024,415.69013929944464,3206.7823579353376,2128.519741538279,5516.81639213,1077.4651550946844,1370.656377187581,3140.697884179367,617.5926611379582,330.18094185035284,1310.303202106347,673.5975407424452,3279.3065349273134,1356.3093615311855,3018.9432540788043,3195.286176632821,515.4500890982358,3217.333294136657,726.8028852561106,2570.812891547486,7238.455987115245,1010.3245552190473,2157.3027591285827,7417.277019053669,1165.5713451153836,315.89486109249333,1283.7413239817356,609.9588680501816,1235.3752960174534,286.1477128498233,411.1607008171544,1132.6087262763924,148.6558389843025,1197.255943421859,675.1282188507662,214.31049920280617,1559.244222430036,817.5557178082918,1145.2213158225666,527.8724894143039,3045.356375357917,392.92415107323586,1438.4250985395183,1979.4518751185642,665.9296509549101,1331.928236456219,1182.6443490091335,793.0850822249016,1161.297202545905,1027.6135705107736,3291.4790353873445,486.86049389811654,2691.4911519649672,733.1989139701165,1461.2695003898766,467.69969243018204,1769.1086470683456,907.6719235989862,7148.285148257081,1144.959225874942,322.1771899783902,207.32993826312503,181.23434897919827,3582.6773350030244,5436.935044974571,993.53073290873,1574.6379164367465,976.6348277595821,460.35392792331817,206.9389142572831,1702.9608433821536,3544.078709791103,650.6495834313878,504.24599426039254,792.5823784164128,4622.869511619514,2504.228143793605,1056.3146653806252,3420.417115528628,1831.609823875681,2945.9565779876953,2518.716107880936,1033.3661466301269,3336.900020869003,3298.604672900733,824.4564706581958,406.03508511563774,2588.441037512573,1022.1575649678093,797.7146368726683,1682.312430408167,573.9256191516445,900.3489099568883,3608.559437588393,1002.7677278127755,1042.9043445047503,641.7088042247609,1228.49648168434,1669.3405384859811,1512.1163805790775,932.1830187148306,484.3165998218338,1240.3515517344822,1732.3312825758892,2030.0842937604425,145.06330335072437,1618.427886977373,986.9356035400633,584.1273341494717,2355.122366924329,2171.575029345576,2040.728325991536,665.7148750768093,1060.8884563924396,1214.6133224622185,3394.888068065316,427.18381329575317,2311.91763283934,700.1404714303433,485.0846216469458,588.7839961482623,4379.373291505181,912.3791050961796,3546.862858098365,517.0187081190834,2583.130260648808,293.77822652543597,715.1496718352932,2228.3437596073145,1168.538388932458,3482.045737692193,1358.1271879257586,875.8185687024294,2775.2551144371228,2182.8452417570193,336.3838362755231,987.1619924655407,2689.906088536388,12683.628877882371,6156.141000188557,772.4334100276817,652.9469269945525,940.4722065769943,536.9187467112476,785.3342536964384,2176.196703224568,1407.4099597440186,1073.6308399179989,1614.015914328006,2250.2952454775204,1392.1898257776684,4638.362794790859,1067.107095949386,2738.842567226588,1423.3279185496579,1318.9030662701664,849.8106390688464,1460.7110008546008,1087.8209052330772,958.635344612684,2078.7130834707677,907.4794632172824,2783.0354213109026,1934.3101538852509,592.5814134362911,1044.2327106163361,804.8182018240776,1620.9882077291934,821.9446243064833,3249.4741049149898,2224.9779837484207,496.3785846775961,1124.1387902514425,3414.734875332859,1296.3949210489384,946.1988132627527,5583.553243932227,2864.911982951665,2434.8685955947158,1017.4552454036158,2234.6612069504854,1692.3627304764138,531.3115111272235,1526.3013728569524,2597.63016796773,7258.065993319595,5664.949428229538,6108.455541447842,5551.248353775522,6271.725812616284,1276.720124661302,862.1537402533177,2308.6006675268754,1363.5821425587264,3412.332105504734,1319.347025906908,3645.275138785288,2586.7802563337414,3160.915108081422,857.3034860108714,3405.9954759164393,1529.1530247449539,5867.868255475803,1021.1810062766704,1957.2574469999693,1320.753867972114,3143.8094218087303,4489.347312907832,1627.3322127053025,351.56913029029715,1391.9864241510452,577.398791755179,3231.7497849194538,4447.091715016142,216.46474886775985,1133.7833825010189,1383.4860048300352,2860.357184033374,2716.778453005213,5898.637895502823,7229.731441894896,336.5631283993107,352.68165523638675,486.4704967710274,1472.6736852309216,1487.1474076619306,5598.099927630539,3493.1054067689856,7264.577878097058,348.37894051157724,1067.2694598067276,279.63446357410197,2487.774704071218,1228.4891264874375,1393.4916038166978,983.8918971954196,1136.8197176425115,5268.078091096987,1121.893718441121,2167.2843898028514,5999.7776678879,656.9941845101336,1857.0942260132545,4933.632056279074,532.6200369949484,1790.889615061365,2498.394706695968,1297.648984047543,6602.955870197628,1808.7765157456854,1098.4410916139657,10652.18187241758,2223.412913654533,1271.487106104695,2796.601318190412,1621.1731456281454,1069.623823083682,1398.2032585023585,1283.1423722077095,813.071044959533,1531.0648018022766,1846.8770291431556,1371.6784465816306,1431.8773391626635,3206.320739563551,1370.726285514287,3384.014942262364,2168.7421595287447,2402.0980109887337,1238.4641698842122,988.9960481438827,1521.3724723095165,1397.929609453069,1577.2869925965085,1656.0262400456518,598.8939544142313,1379.5611161137326,542.6396994747613,1932.4022814628895,2946.330367961023,2635.9836827891972,1346.5254206950235,2394.7209356831386,1306.7900051413556,3574.462581546912,1054.4405111477915,2120.2983043098534,1310.8444486863145,1974.4483888338282,6058.260459473,1824.9880262437814,1691.052109050658,623.0132983607753,2701.139435784177,2497.106805130715,1385.5364974012489,962.3520602506863,1953.5128031319327,2429.2254073339527,625.2475555131062,2346.752013470321,1718.2601471004473,509.9196713902821,3485.4389293857625,5866.066707164616,3660.652594524673,6022.303881992377,1694.735209893715,1237.2533367900605,1914.9381844566065,2413.5837043705137,6210.479373060979,3563.1913851345394,661.228487838737,4688.804377479376,1438.3822005977775,2660.4270984374543,1460.5592916301084,5315.540106950905,2036.4865636558134,5347.844263129005,2312.3305372731047,754.575855733548,2415.083971782083,816.2729611981567,668.4465140717889,6327.395032455416,1022.3722821998314,1339.0540384092635,2651.059125527335,4698.1906076870255,1342.3379906974687,1385.3546153780344,6339.731380338036,895.4842858098872,2306.233817693304,1736.82115965063,3356.5915588775106,2063.3513344614953,2374.2922177608434,5610.971332693194,4692.23654731644,1663.8285589240015,4664.138278975318,6368.433877319878,2980.764268507413,3265.2393150681805,6335.056448367937,2303.0507284415385,399.356953511373,695.8190810993786,703.2999264094336,538.7663540564465,6331.643460262245,1975.775565131236,6135.43267271662,929.313395135232,1394.2897553330552,2046.0007446063119,894.5035250676548,706.39843353822,1510.157540295097,926.1433130497301,1062.0516348270544,1638.6712961298927,1626.767355243724,1920.2653757413714,1950.3733980537527,5639.330311189935,6530.521536570276,1401.3801185717127,6013.776803520074,6177.382018480121,1896.928449636916,6117.877770696314,1810.851935778548,6188.397156529971,6587.258061431086,6182.464236697181,5996.46136644491,498.58731853145895,6120.064577360318,896.1562366579303,6265.950805073519,471.8746168434076,1571.2035744250932,1421.9272949502677,6065.105739678305,813.3988743736411,5789.871907927498,6155.834020645126,2494.759205583496,835.029026463539,7189.760352905741,2445.7114536827507,6134.8361459960215,966.1341041418352,6229.431871300029,6271.0493949872925,2422.2083256986466,1552.2930144439651,5920.123020705227,6172.990972635342,5404.75579956681,6303.925235045597,878.3126573148468,5618.3564532329565,4552.74123261152,778.4486962972043,5871.549493680133,6132.4268246823585,6063.653110405046,6270.391440107956,6303.6560271780545,7243.8057643680595,2716.030044280757,5796.567014519925,5623.717402826639,5647.558090014179,6127.556216866661,623.7795329908363,5887.975332654172,5859.97006453067,6102.253381233367,7315.031979977127,6121.571064677784,6716.1055310480815,2317.1386680911296,5372.206327860687,6112.603423094994,1735.518583602284,7178.697172541858,4602.7106225318685,5954.640425450009,1675.0619445163022,5626.1699702539745,4437.996693838882,2576.3751801124263,881.2356109433011,5930.468725627039,5807.852548941169,6099.933494177786,5741.986871754751,5394.8440430703695,4365.837248184708,6402.427657785359,5903.100744883575,6280.559966872877,6165.268782680005,6547.509383712024,6536.272326813594,3556.067441428758,3569.7258658542637,2246.49948933036,4470.964910527757,4708.786894783712,6154.289151777733,142.46469247908217,4438.841165929858,6301.213057006546,3209.8920063610394,4645.926233207114,2848.0238165876845,2556.0577617759227,6042.595066530868,5684.896975618553,6171.84013479266,6033.435882431497,6010.55209350344,5438.614709211701,5937.1362241457555,2622.874114540363,5284.236339641514,5507.066069696248,5773.106192670917,4720.309577389259,3655.2965960073743,6188.041642371116,1404.0188890671827,5572.725182904817,5123.409865356692,5550.803953040392,6106.6836794447745,5569.78213492609,6040.500119145439,4583.5346442709415,5782.7574861180265,1282.09910746044,6004.21234819871,5285.055872398312,401.44424117334603,6378.972582708288,5918.647742155799,1213.7665397069757,1226.71792550565,846.4007898462552,1230.7944952067492,2873.599909300546,6230.493995970733,5468.879580800843,5307.214399020439,3506.9684200948686,5508.712359286761,7828.383561351134,5896.067971704743,6365.473565605016,5643.00099755464,3017.580381760716,5848.963868742805,3124.072154127674,4425.9789539606045,4473.017628508859,6780.967687155665,1494.5801328813254,4463.714097634352,4673.982518934729,6046.096001010006,5773.580382066029,GA
13061,230.4151135584917,1180.0517780480436,1992.5690569937274,3120.837015132592,1140.8529493873887,2817.336382353797,3604.443423675752,3461.7123912071856,2534.0215386869722,548.105889000042,501.54113695052763,1638.3210714837116,1719.0074160050708,1004.5914325305647,1398.5560445113572,1186.7566606999364,1419.0485002227047,1423.3246657797515,776.3544225890582,1269.8398936401813,1128.1344565444354,2613.5886589363668,3021.155638595329,1080.080151537278,793.3545559585302,1156.7037860875114,469.5643549067569,3575.345596019142,1123.0632496720643,524.4819492920843,1062.8034480167294,930.7881765760602,1219.1087681757413,7221.555501791106,1007.9291381487047,3422.456245883229,534.4279342334785,3448.1100854422266,743.5275951937027,1224.9657749164408,3394.990433373944,3073.605491780086,1309.9214870937305,908.0157660283161,1123.8644729616524,1074.8202781833306,646.8290178332154,826.5910290975497,950.4679797880232,2403.321523338681,1285.2314334398804,7103.072835540738,1583.695395784714,726.0650512446903,338.7518956722799,3114.10504703416,2039.660333520988,5642.401582773448,1374.285169662204,1450.1103814433282,3045.7130816456593,599.2152321438087,486.8151125074874,1240.865804825961,959.4921947932698,3243.2656480584387,1647.111661876142,3031.207505348722,3098.4050802222664,731.9425309524544,3270.0351973447905,997.6550145018092,2445.104862352717,7123.987804899355,1253.03772849842,2019.5651492487875,7321.216957063009,1126.0361460289018,271.8481750930511,1582.6099393293314,479.85427868972664,1345.4956005875488,362.3303361037449,612.0889329861352,1431.5831400091477,446.26630454597694,1497.7693683675157,468.82928444794936,474.8905509975711,1854.6137066060805,756.4375068363147,1336.741916709971,244.8128990193238,2946.777917059666,682.3307130202553,1733.7703850066855,1955.2756846007196,923.5897219465975,1319.276279809334,1473.6792419952312,598.2531336504895,1455.283753547815,1002.7374311162372,3226.6882479603833,193.15957988964038,2742.0363942355757,525.6108879083956,1761.4920248024155,714.3867310710542,1625.3625775533155,1206.3443785692955,7031.378852749779,1287.763838460437,374.3073992662335,444.45875453609085,481.0813360610978,3591.7090385619963,5585.214824618,1281.9268130327046,1681.7887202794295,991.3517052169412,159.8057573753436,380.2762416292224,1590.129659967459,3536.1472760959577,485.6020096547548,724.0437252854973,1081.171507207901,4738.084368849536,2564.823613619019,846.9068127706578,3432.8200303500994,1977.4947428062922,3000.0833565084135,2493.0509550313877,1327.1454051804888,3248.052326677018,3334.403404950987,598.6322077057022,149.11739346707347,2614.2475066546162,1319.107744302053,1040.7908516196717,1599.7739990531534,464.6953552577658,1127.9411985141546,3662.948364941705,1266.354490650405,1198.1299849047707,938.3160462382768,1438.5501450954025,1423.0585157625428,1280.8663052576367,1090.2198744123057,783.3072250422765,1456.3229486065172,2028.3940533726845,2095.289251671731,344.24255906587325,1369.2130954172173,837.4540256536743,326.0403928196302,2310.6954638302577,2147.828057389202,2155.1949155308853,411.27419856213714,1360.062949061571,1459.9697471112452,3314.9308394809354,680.3560721944767,2282.8211452349306,573.2024042086027,337.2897324878873,750.4678380964293,4475.815690427929,685.4911228041692,3500.612982425893,812.3995749761067,2552.843430040993,590.0261039067342,991.2902488870993,2171.224470795152,1465.040033306515,3416.3907300066685,1515.8084387925617,1045.8251188005847,2844.070819182321,2165.403796681082,152.34398230757597,1241.3202787539085,2710.7570174313237,12715.433318922542,6280.703516146449,886.8711216739504,929.9167640088001,1181.3222851609453,773.4166455373218,1084.9144991120552,2302.7786971682863,1469.5734731026673,1374.1684184884912,1800.7504351778425,2213.4210391396305,1219.881493942379,4743.614454140746,1327.091185807276,2676.265270417054,1707.9793818879666,1518.3213122906445,1113.2777429853022,1761.1622367418515,1383.6679856451608,1034.2818111172714,1999.196520245829,717.1727236227248,2840.1998290275437,2086.9122472566746,831.8918555423359,1230.851950681939,981.673098654858,1367.0475030942705,671.089515710325,3170.274275376576,2219.2295772868,782.3506274075125,1424.6986121649722,3361.964128501926,1469.0948422505053,1239.3762491994992,5705.2706268744605,2880.287813809741,2391.1922436604973,962.1294371354332,2266.641855867185,1469.3070797130515,826.8624439896896,1386.6472459917975,2577.5647709941395,7152.828704848133,5769.048215683542,6267.162970101368,5729.655367381869,6418.300807859666,1088.0778636224381,1007.1639683930141,2420.11167320934,1657.6599934943106,3448.73001650611,1347.3112617054112,3623.1780214868895,2500.0493763008,3205.645958477924,1141.1423849952453,3451.1285329807015,1579.337097441553,6049.908795753815,802.6944169129316,1839.7815913839493,1158.2004796944273,3184.9104245805847,4595.154030241838,1469.1291455304429,54.60305123565314,1678.9704412151646,833.6361932589282,3267.3362856171434,4551.201610252138,99.81495176075079,984.8189384246235,1291.6546242265708,2863.354501848164,2728.932331096516,6009.223765384005,7122.592570488212,568.4929505584637,187.98936642508352,393.85739338851687,1565.6552251272062,1781.7645215067566,5714.035342782564,3466.796198994109,7157.235426643667,336.92071422675065,1066.551722219611,76.18409310893557,2530.7904961141244,1521.0957758392688,1287.842029422021,867.5127259954811,1301.1323102935492,5390.527014899413,1422.2979012029386,2132.7786041126205,6113.100855352019,956.2348985051084,1945.3928204671524,5052.56427475757,363.3143818059195,1957.9469122277926,2466.030046574437,1551.3819819047144,6691.427037961656,1925.285995729143,881.8757540808052,10442.309038277424,2279.247049333669,1223.9539874261889,2844.8570729685634,1596.0137775187366,920.0697442555593,1605.0122532196262,1583.2732694562824,1112.573664186807,1754.3541068433435,1717.6735050246227,1671.7648668926258,1719.4282339122517,3150.2900652302324,1627.4959824731961,3300.5196981532454,2270.162367042757,2406.612932216412,1380.9495661074525,1289.3805527499153,1522.7856155914385,1576.8815395277966,1734.8368341391965,1820.8548303889347,697.2856819463012,1601.5224090035065,708.7887206129428,2063.5592578185347,2927.873071346604,2627.989224040424,1578.581541354859,2421.059849782529,1596.8337136461826,3599.829032156944,1288.703203860044,2132.4577918936266,1599.3271358885975,2004.7693250248649,6200.176179200892,2012.4974766099954,1875.5859059908114,412.02725118608004,2647.0560911996804,2468.2226944304525,1397.3737645060528,1080.748826524368,1921.251447783368,2394.407768531159,923.9096304088476,2401.271110512467,1753.4770196198574,810.4870050444473,3433.840148165757,6012.379607224521,3662.0569551833555,6150.790654834486,1815.6042970279475,1501.6235315546826,2213.590803880589,2377.036632388882,6342.827426669272,3606.139916832436,774.6336316343851,4803.456599750131,1736.7897457092597,2567.897719179593,1749.9396259677176,5441.810972497246,2177.730147277981,5507.53870861896,2415.759811261268,624.1855620254678,2402.45686024894,977.7779616371164,751.313798745293,6420.263943319586,1157.2561210302024,1477.6052381738557,2688.9037297904792,4818.652110274838,1461.9612134902561,1674.7210988903555,6470.142555400187,943.0926755273706,2250.348629460842,2031.2391455975035,3297.369941007459,2013.5830475809626,2327.30321943184,5725.648498766695,4814.368638568166,1958.3276846895328,4776.765140236374,6499.012007011994,2870.2230763281764,3295.7042500641337,6459.6837067309325,2179.8781887198347,424.36788703669487,701.7008900777331,1002.734755340636,572.4562014499172,6463.714602057302,2023.4579103486844,6275.597737659363,1226.7121251025999,1693.3408412486044,2059.3839919329043,1193.820523209841,598.5727902743168,1715.0017963022103,912.3026781922093,1161.3122132938051,1934.9780893730122,1582.7609783177786,1957.672367023142,1816.9370084277398,5788.570669760488,6674.876002455451,1701.9329698213824,6172.739165287943,6298.79258147415,2058.2919050284604,6280.262063245703,1712.2960111826444,6280.4761223523155,6732.704212878795,6346.027994596484,6153.3378767841405,459.2942832539007,6266.329985974656,819.0989995849579,6433.163662471039,771.3998870831907,1611.3409317489522,1722.2542240462806,6193.535365043862,1113.7460791762655,5906.668785883149,6301.914228714264,2591.0997242043954,1135.596240389504,7075.654210597699,2346.6232319902288,6259.325372007716,1265.0775490530232,6362.109512572548,6407.382639528231,2522.4382615710033,1527.3344205334201,6066.441638004781,6319.933819046293,5566.42966922427,6455.2281787863085,755.0173186701271,5732.43792932986,4658.774420275314,1065.2960770593247,6029.968181094473,6257.586617049103,6211.501765644529,6426.4548815459775,6430.206595635549,7138.563789949577,2802.092934587404,5942.84398179975,5737.822434923945,5813.687558374604,6267.533219225036,917.0486770530728,6065.68113407188,6018.53438701962,6228.2762106790715,7404.191527253909,6246.632811774336,6825.7133075335605,2410.9448391389788,5552.397777025768,6242.680403237591,1545.549553766991,7069.215841125304,4711.9222363625895,6098.685622948702,1694.5397861492268,5785.519212746788,4536.052863429446,2560.2827131222816,1177.3892634632805,6045.896230157408,5943.813517540459,6273.73457008818,5895.866753089151,5563.136985389835,4460.745102882787,6526.736547585037,6050.232050173395,6416.045763511018,6289.379584419787,6636.621571350258,6625.29485611371,3598.7967945996443,3616.266082392176,2201.261259813663,4566.848555133927,4819.703293929309,6278.3976446172155,173.8577571157367,4535.336987057844,6393.246172741339,3114.3042537175957,4756.5030155047025,2762.8137612320106,2492.7556769726857,6177.355318272004,5789.8860870922645,6286.748324602467,6169.566010053985,6145.441114688442,5596.130314049145,6052.022500836087,2546.7085611184743,5445.139853915973,5661.984477776279,5872.416640711064,4832.806105617468,3640.926956329217,6302.484249613452,1185.5702925762814,5734.349387885662,5274.8936722830185,5702.436790212478,6220.730195314019,5718.246101484742,6141.420922589776,4697.303826398202,5886.029857654456,1448.8010738353794,6116.289675696086,5418.049879089759,303.47371312668287,6470.25631027182,6029.4810136538845,997.8508198233823,1022.5407862954196,1138.9791270279622,1264.336101716885,2908.563661302612,6400.275035152301,5593.342897801151,5461.314892977629,3450.6794362479573,5634.56659124051,7934.855767953278,6024.7966952255965,6518.513717086346,5784.656213241659,2916.4066604356926,5963.3000331941075,3015.485669794805,4523.059321948924,4567.44963057224,6866.384723142356,1794.5069717823858,4563.882223313432,4788.83506135861,6143.078986783671,5874.289875243699,GA
13063,12.414550766002456,987.9261297155903,1937.3629264491306,3134.267032169716,1181.1686852032965,2813.9617357221478,3516.89363998709,3444.443856159598,2557.0433620904505,363.64088847523203,638.3545386772688,1472.1068827506529,1523.7589073600625,1110.6771889930935,1201.7617895493902,968.0161652689923,1224.312865970536,1227.237536244212,924.2946309101656,1073.904948506638,929.9747757351483,2564.234835281071,3045.6632726173602,882.4105449581398,946.5331444406547,963.9173141169858,643.030663044414,3500.481086462379,1164.5585605994806,356.8366589322972,861.7886038991472,791.2924465166388,1310.1484105292814,7242.134031891774,1120.8913113095514,3407.2174855306653,683.3338244413038,3430.106464839804,571.2271893378497,1125.068938238909,3369.684575029638,3089.667532237685,1408.4269136082564,707.9990653294715,902.0314517183516,854.7126036897052,818.2162795695433,612.8939106683831,729.3892858124835,2479.1821162483484,1090.1947503988665,7127.94694370951,1385.0789648581049,865.5968976958252,422.065504628772,3125.465805439537,2046.8250642280184,5500.968079270218,1153.985795937744,1333.115678618134,3058.8351895283586,542.552065401232,407.69979742722353,1230.5654069952175,773.9406372526561,3211.465976722554,1454.3316712114315,2964.061841639448,3113.06064658486,529.790910210037,3174.961090223674,828.8143643764439,2482.316873341305,7153.974381477823,1043.3188276574576,2066.218977445656,7336.758513284699,1091.9797976522498,222.10498869320176,1376.0656165209473,607.3336920152041,1208.0943865796362,333.9866132496361,502.7603500921798,1212.998688610747,247.43774795328332,1282.9771816292496,646.4336055963117,254.18728530695373,1654.7463633094226,735.9736511292808,1151.6483438662194,433.23504404967764,2962.6558030122765,493.18690545293333,1534.0260882533628,1912.8510962370315,707.2550842882004,1266.1461688977618,1280.7171289859605,770.6908537456159,1257.9819398457355,956.6575273130558,3216.5446051711406,396.9761679793983,2647.822788629498,704.9609385944476,1550.5417840124712,500.2374825090558,1676.4758166211866,1000.7425237597023,7063.2861902942395,1129.927794999416,253.86432198274383,302.4322116384175,268.0440207290251,3527.3886118161495,5429.754022678265,1092.7356897887855,1547.7718251035017,915.9248001364967,379.25084027435315,183.33225718336743,1615.6135314832975,3483.9660881156688,551.0906837184539,600.8675022035935,859.2053212899875,4602.817700695335,2463.51090697175,1030.499215982879,3365.9683057213897,1820.3786972028854,2903.7490860336493,2563.2008857884,1130.311800439362,3256.5118053871392,3251.0283816425294,722.367920209926,349.81194069461833,2537.002825303073,1116.9289257097105,830.1408499024033,1601.0317031334146,577.288636412342,924.1807062928716,3567.0734474385163,1049.1138947953993,1032.4321240521554,737.5314287711342,1244.3218223220351,1567.2554259094327,1410.1632194344274,922.1148311938026,578.1346406431563,1259.2388076167845,1827.2310255421091,1989.9718026731546,222.6463791577472,1516.3941461231168,891.2342702130312,484.22000447669586,2393.5398650896445,2105.4943048610644,2017.8370916971412,564.9465055423383,1152.9796068992466,1249.7005426853975,3316.5208276704875,528.2112911441449,2244.694791227428,700.8675191731182,471.6162702424064,576.1548902275441,4352.481177490677,810.310811999308,3476.645530418019,592.0926967973892,2626.307477185527,371.2040590314534,816.8587915391311,2153.9966339406096,1263.5154256005376,3407.051477029399,1350.310726436741,870.6000621690956,2737.6152867774376,2118.4587259687205,235.09414125954925,1027.1877982161411,2637.1373903473864,12638.092729407026,6140.127779866419,742.7443984739741,708.8122405463005,972.1246167784587,636.4191104237915,867.62303713137,2158.123189517799,1364.2452109900812,1159.768526511288,1619.7557383879175,2180.969814937698,1294.8165579915794,4614.721741695515,1111.1202781850427,2663.9066301464577,1523.191694679344,1329.77173067512,895.7612755010164,1548.9028204432898,1162.8901643656359,916.9459928511287,1998.959800747191,807.1137724529167,2741.603695660114,1926.0347869548655,692.6831038713492,1047.8420567420487,802.1179633738544,1519.094352906088,725.1359964511544,3171.1695611321056,2163.850921719538,560.3716156595242,1210.6341737678138,3342.798862848519,1294.8298559038076,1017.8635130875996,5566.293060724254,2810.75893115739,2473.6626099352256,939.1026003369819,2184.4851858808206,1590.7872876474298,628.2858883059406,1433.8497152000991,2533.223884664793,7175.524685748135,5641.33458576313,6105.641288857633,5556.441042661936,6264.138340156385,1177.3438602908695,845.8857844225845,2285.1295890914716,1460.0325478922025,3365.0437016357428,1265.0053291037573,3581.386710557252,2506.176692639621,3115.969935041136,957.8084173358728,3361.4097844945286,1482.6521522321036,5874.706285874232,919.3952075602285,1869.5280794015885,1224.4601538181028,3097.715803874225,4465.828530113286,1532.259666405487,267.51507979275317,1491.2694053981675,679.0859736101296,3184.0441976011853,4422.9449846834195,126.41684963883944,1038.7751049741667,1299.3174424015635,2802.6366230301105,2661.500179708485,5877.426811185,7146.780172075522,433.5418215488575,323.41063803414954,392.89466597411257,1440.3088633206933,1583.186408476445,5578.721869334334,3427.9803658752508,7181.590401049407,371.5294064168225,1003.0214930233998,223.69602740978618,2441.438358018654,1325.8261168365516,1306.64350083541,893.1884955901198,1130.8284508403635,5250.969770793775,1210.6643753294218,2098.4091313545177,5979.589806773968,738.6533414729194,1824.3650994948275,4915.0865988685555,431.7258529428771,1788.3509589174914,2540.802037372619,1338.0068406860526,6574.199696682943,1786.0932578852753,996.8060395788233,10552.620661583835,2180.6662755261145,1196.5800351998566,2752.347878020929,1553.309599598367,974.2815591657447,1412.917298891056,1366.6428397996294,904.9762098468393,1554.4714967641582,1756.8260766363221,1454.948004549852,1530.9709768075575,3133.4173113640645,1413.1069361287575,3304.8448047980787,2141.3601363913463,2344.160283742995,1223.8099722865006,1078.0388724188035,1460.2908002991485,1399.5264651827974,1570.1698561811195,1652.2072441702217,559.9422773936093,1401.9465874098014,531.1939370685968,1915.590520382347,2882.7859521431988,2574.903088200044,1374.2693756161968,2343.135475643967,1405.1415944318378,3523.967315824253,1082.6450040968277,2064.0183426852986,1409.7311890448882,1923.1998453678045,6048.796821604362,1831.537442536429,1695.9724261483145,520.9542213033001,2628.196676331999,2540.577370436887,1326.8045489617232,936.2884906180627,1884.7593691800573,2470.762463906779,718.9869203051513,2303.813271112473,1667.777121564817,598.0995138063982,3413.8456038925488,5858.255034270888,3603.245320279949,6007.71312206345,1673.3703605265061,1284.4826014869213,2007.1624557208881,2344.610927398309,6197.401525974134,3518.05791280897,629.3675524883116,4668.579254482465,1531.2025685160354,2578.653741686929,1559.0434689979254,5299.872525268355,2023.8438670572375,5345.193617799154,2285.932519225118,755.1752802639587,2352.406704497958,806.6829478699824,625.2708463453531,6300.068210374325,1003.3111992230326,1323.2850071101316,2603.365482855193,4680.1019181874135,1319.1869342617165,1483.8928126367948,6325.961547916391,843.8578088258437,2232.3105988188267,1832.8335534344465,3283.0397754629307,1990.4692930700805,2411.9394519927605,5591.139609217235,4674.763420674526,1759.83094269559,4643.164528626374,6354.735414994396,2895.5517399778123,3216.0061008398766,6319.122381143299,2214.7427820549287,327.99229770632763,628.8163606266672,785.35167542252,475.9969571228789,6318.4972964848475,1929.8897766485916,6125.316349795764,1023.8055585552393,1486.2433612761224,1989.9108933117245,975.9384340101082,614.6035453596967,1524.1916683019465,857.0795271350964,1029.6247035250483,1733.4330961233206,1554.1739350694027,1871.0393330730146,1859.750947824004,5632.596198194021,6522.140610069117,1488.6133452382785,6011.038354114766,6160.208565651764,1892.206583178128,6116.5567709113675,1726.5390572633921,6160.751528463819,6579.317673156293,6181.6421966464195,5992.877723621274,415.2744510646213,6112.311781985973,812.0782012856571,6266.648983307508,554.8694232479284,1521.7169703391535,1506.1988070083428,6050.507175902831,898.4271574911429,5770.876617552441,6148.0193843782845,2466.130826646225,922.4165173082599,7105.3440888008,2362.313587933309,6118.788995004674,1046.61015508011,6216.484475750691,6259.5040128149585,2394.846896660364,1484.2364142422011,5912.330443757513,6165.518896729528,5402.928935144917,6298.207289735749,785.751864928043,5598.310877244941,4529.336259849561,878.3815301042098,5868.549745413723,6116.628227336422,6056.503961159799,6266.559614691872,6288.428506792808,7161.260599611305,2684.131667599588,5788.719284155481,5603.682337040566,5647.634268305762,6117.365062805181,695.809861965421,5892.964740446118,5857.025617473327,6086.766707677894,7286.717847070735,6105.73256723772,6694.800183404444,2287.329425687773,5378.10846536476,6098.638599244063,1636.6077437260105,7095.2416526645275,4580.471787363157,5945.971364235883,1619.7199857029627,5623.4707611782715,4411.70291951372,2513.004527032823,956.898202420016,5911.02205151925,5796.020466328405,6103.329842887552,5737.126352254033,5395.7352353713295,4338.400992898584,6386.395617329958,5895.621254136087,6268.694235776475,6149.090676993073,6518.95616376802,6507.684825293335,3510.8598254980016,3525.721380705573,2175.071528933052,4443.927154099475,4687.215166634655,6138.106742575806,115.1406434186663,4412.000362552358,6273.588533099708,3127.952867926033,4624.201263209457,2768.0292333674843,2480.7300050926005,6030.3805969397445,5661.606060698216,6152.283730626897,6021.740670697889,5998.376575011084,5435.113805968173,5917.494835745254,2544.658621936769,5282.055032047397,5502.544688096308,5747.8385124443785,4699.315561881531,3593.5017134847285,6168.321242975203,1302.532855581616,5570.932636402543,5117.383257718107,5544.987352175883,6086.79329640211,5562.7189444250125,6015.892665135277,4562.936403132055,5758.891993959539,1277.8405994204447,5983.5751150011365,5271.909339192015,304.40568824220964,6351.114155696037,5897.532651609182,1112.2679872364406,1125.9525035305744,917.3991121664717,1177.62593035461,2825.313409192319,6232.2456708950485,5452.595753880518,5302.297481726118,3434.241422220706,5492.961469436073,7806.25575587212,5881.527045647614,6360.4616878140305,5633.303572068829,2934.3136135922773,5829.092489963976,3039.3625532663536,4399.336048237419,4445.474053248975,6751.2211908172985,1584.7307087182814,4438.178181578167,4653.823321239666,6020.107877529456,5748.805415987832,GA
13065,343.0857427804778,1313.9383571670835,2217.8623247686733,3351.1266158795893,1369.8069855800086,3048.539307158919,3821.1427507548765,3692.7413205832613,2763.5123407573033,504.8508276499639,307.69382112613187,1802.8092095926208,1642.4632935052648,1215.2977908175114,1330.258788377914,1257.256048266283,1346.2335543185761,1353.1122089547996,593.7409409198731,1202.6307416340994,1069.3438671775702,2840.6050077671916,3250.20853609987,1021.8352176575778,616.4985512882882,1289.7040084228215,327.56617673486113,3796.428319787902,1351.903657839155,686.1458472640815,1012.2540359092613,1116.1854174296288,1434.345459753394,7450.237488819694,1215.2087294294702,3653.556890885508,731.4094064618512,3679.106186632409,660.3593494377643,1433.6416008103365,3625.5330911969672,3303.655329013436,1521.3128933908713,1031.0657627334697,1169.093454271815,1087.5269535607813,495.8728694653512,921.6298098158086,1009.7166455261553,2179.5713722286073,1414.2703263707708,7331.069914562748,1515.9792713851984,534.9539322623385,107.84724728970913,3344.574592667275,2270.6737187903145,5829.431487445064,1382.252233834188,1650.9711520932003,3276.050656848264,818.5930842810582,334.13669813558187,1471.6054001870373,883.6628353678819,3473.1740893737738,1566.7507145706722,3254.3007184212397,3328.586533670035,853.2336201101282,3483.5469954918585,894.8745561787372,2672.4691778284077,7351.034254107663,1353.4472414295558,2245.5342229775492,7550.60204595682,1353.9168864464907,481.2206926826542,1533.569936875674,276.91342407230644,1533.5799436436387,195.77129420856133,469.15582557666215,1427.6386448053179,444.63222344487883,1475.7082440044053,334.58456490478346,557.0074431785092,1786.098880453738,984.9606731338812,1479.934211566697,431.54591481731353,3176.886951419872,630.6169292363124,1666.4085755060944,2183.072033395719,1008.4058179818072,1543.935833703856,1396.4270775099235,449.99591517275184,1386.9508079110985,1227.939874915601,3457.892145681232,368.7197499293657,2955.589618129457,391.9159574875911,1722.695214500032,810.5993530147224,1851.1067275486546,1162.2514804450032,7258.05427882517,1459.9369575989251,562.0379809544307,367.31523556495165,502.4644214800788,3815.809524977837,5760.281451399223,1201.7325232887704,1872.733506579588,1208.48007189304,302.3706768944596,513.8043959727369,1820.077105516349,3763.011395644645,715.0202561969893,584.011121354488,1117.3892373940505,4929.595177734764,2775.1205793004083,713.4167922462669,3656.184691689415,2150.6862429924868,3212.9049644821284,2267.770992387518,1260.422365285827,3478.713321253824,3552.5221867003893,808.3809570870616,167.9619799704385,2834.02896806206,1264.1110687501127,1140.843389659373,1830.9938008245806,249.77596968049943,1242.4683323955028,3876.3010164312263,1342.8222559360006,1363.0625175712225,892.1748803949652,1568.347012548582,1604.713734516435,1475.2469859178525,1252.793175782971,755.3438819964032,1581.3729482702247,1961.0348655714686,2303.238444499609,281.39550204996306,1548.8881164197503,1065.628929822561,529.6752804232553,2089.0992230193783,2375.801498945482,2344.310063251317,611.5911376838372,1316.2818049951595,1557.5294958852887,3545.9636143598077,576.3935422964993,2511.5481540163173,370.9325206544825,142.63082023758827,906.8527389672888,4675.203732265247,892.2978551880083,3731.271484320925,835.5002636912793,2328.509747185026,618.5739386282282,896.7152370187277,2402.0415041081824,1405.6686973086362,3647.6063810469154,1681.0013186613178,1201.1364065753326,3052.120956081997,2392.572516956216,381.86454845779184,1329.3864206150222,2931.763082188832,12937.251277219659,6468.461739471139,1068.865999945353,989.4136104993984,1283.6024808933096,644.1535161373661,1081.7970433508733,2486.5575453559736,1676.4586791339075,1352.709621576813,1948.563796594553,2442.8737733077787,1440.8216696360969,4939.5137401758275,1407.9833652203256,2907.3898846928832,1612.612368111982,1656.4316151654943,1190.4566678765348,1726.5911337232155,1395.4820376107793,1233.5798956604258,2230.406548002266,938.0291461805583,3051.9286681186586,2256.645647280049,701.2327096975737,1376.9118797538565,1132.2937866598688,1542.388367129967,900.2860001349919,3401.348384785568,2444.704512115676,828.5991009528731,1401.113950338391,3592.8958013018005,1625.1509067911602,1261.774592273002,5894.189504423911,3102.624366688286,2169.538776378267,1191.1384044554175,2484.44080521983,1667.1116977825382,781.8470617438771,1613.7954496772436,2805.4742487204576,7381.184760382017,5965.901130548565,6436.332818358285,5885.922448498803,6594.598655057734,1305.0261570627813,1175.9897961077093,2611.076481099353,1586.7831067793938,3666.791455953023,1563.4721071400784,3851.8908133077034,2731.0005490325448,3421.330461091843,1054.8464182108169,3666.918951772032,1790.4043477439945,6203.712423341772,1011.2142176582504,2068.9469379160832,1381.9521045694194,3401.542770379671,4790.7359768027445,1692.3768457705628,265.2934643056699,1588.9473246044993,720.6339409544142,3485.4512062236854,4747.479388267338,276.28749303775754,1212.1762952021245,1522.8540097314649,3088.026397988011,2951.7670394158586,6203.364333038982,7350.704527095853,458.1687166868923,56.81601148221236,621.3897556523692,1761.9462789990955,1711.2927290651685,5905.657375082555,3695.897973027043,7385.313747364326,123.69329527279459,1287.7055478763352,157.6139185269976,2746.1508089743666,1447.502869070354,1518.6462591306547,1098.4565261006296,1461.4979297684274,5578.970053184752,1390.508635535006,2361.937151234844,6306.058079311259,958.5096604320668,2144.81379488492,5242.518087317253,593.872274320438,2118.8998845072097,2242.008548325568,1639.4392576289592,6894.8576981117185,2112.899437464925,1089.938602733716,10634.855906580184,2490.5187278420804,1453.0309473313425,3059.1879596200883,1823.3456288830548,1147.7128264131518,1737.6970094055955,1567.5364448475448,1076.2516612014617,1873.4730428493988,1945.5746778252726,1655.743330755773,1630.1891112945111,3381.304695919121,1711.7673488762894,3531.4264664723682,2465.150733334671,2630.5435840614928,1553.812666137049,1259.27157934073,1745.578126548697,1729.3327183593522,1900.8637196053528,1982.8368679585749,882.5839094085304,1721.680364770376,861.8797053927831,2244.584604140508,3155.8231181350825,2854.2602877991962,1689.5205984174634,2640.4584830472445,1515.1677031605032,3820.607536214388,1397.394898801492,2354.507077944081,1513.7962200133031,2222.4731900184493,6378.981769321392,2160.165757930964,2025.0616368788642,633.9185097739895,2877.895453566495,2243.51790219142,1617.5705171781676,1263.2017779028747,2149.9573958883398,2170.7981498315808,887.8229863483017,2613.1564508444667,1969.3035859751412,800.0954631901019,3664.7369270370677,6188.698416244331,3887.533472767535,6336.574599981934,2000.8889483712476,1576.3346872987631,2157.5883099095768,2606.5774838883403,6526.726219765838,3822.636293319076,955.2299282835249,4995.256844707809,1683.1864937708872,2798.5583750313867,1664.6937518978698,5628.425304640541,2353.849405935861,5675.8754189368565,2610.1932196857324,425.0167496313458,2629.203448914177,1137.38505321148,943.9335212840004,6621.916525349596,1332.552439961282,1652.9725619876206,2905.844180998409,5007.7751063480955,1646.429206853982,1590.3375509655655,6655.066226539786,1150.7352772451159,2481.140700062138,1957.787257410255,3528.4898701686384,2243.9091159849754,2106.3463389990243,5917.84888361369,5002.698121266875,1885.763729813396,4969.463621800256,6683.860444068367,3099.233138046654,3515.0856087548395,6647.469457661504,2407.912992100188,625.4516985957673,917.421212250138,1002.517672050934,777.3497280505576,6647.793439605258,2236.5859830478907,6455.374503274983,1175.5834729962573,1644.2430392693814,2281.052098958236,1190.734786807993,829.6075733665795,1849.40988148775,1134.916867202677,1352.7017866275364,1869.3863716732944,1812.197439597421,2173.4630848243887,2044.0138958206187,5963.1623766803295,6852.48632919978,1671.6874249566065,6341.727340406945,6488.071547300708,2222.894647668901,6447.17583948212,1943.0719485325656,6482.388165084044,6909.72435188805,6512.222786241165,6323.5799236723815,679.4551166043251,6442.755523779828,1049.375502036575,6597.064641689692,777.4565323632312,1825.3914272493344,1702.3005225865522,6379.362295293435,1101.6158904322226,6097.968569111702,6478.454278494671,2788.7372075898083,1115.181377363835,7302.767393166609,2576.977063133212,6447.111980514821,1263.4567614767786,6545.8458163568985,6589.237359272995,2718.385864117349,1754.4906956130571,6242.774695200363,6495.995542430911,5733.572100313011,6628.8416916419665,985.921496280674,5924.910939898527,4854.294652929088,987.5093907761997,6199.244574014361,6445.046465419271,6387.0195690099,6597.261272901122,6617.042170605945,7366.921709643278,3004.0190666323656,6119.16012035932,5930.2868908967785,5978.1139658916245,6447.408550537662,944.0587554725363,6222.514696115193,6187.719162033579,6415.304246901058,7607.576557923774,6434.136746717303,7020.560044434134,2609.281927126579,5707.380502363328,6427.698769796941,1758.8038100224676,7297.015670946354,4906.096673449147,6276.292136199057,1914.0423897054043,5954.156220310321,4734.825755614155,2787.6604316201397,1190.5374343705944,6237.875179108994,6125.710355972675,6433.270776792393,6067.809039987663,5726.103136057353,4660.735659177704,6714.69842084159,6226.103877704453,6598.346811206303,6477.359741601856,6839.791821745081,6828.495464805795,3815.3456688396004,3831.8034991066966,2431.3953305311024,4766.512304208899,5013.1846247010135,6466.375230429877,216.7109306678249,4734.7380568424605,6595.214783826709,3344.575685251939,4950.101561358565,2993.758808389328,2723.869551338108,6359.957116372037,5986.369781878479,6479.048758177136,6351.450774473216,6327.96541815106,5765.8148406942455,6244.250354052392,2777.9072462168,5612.716219058989,5833.23858315545,6071.299438690743,5025.591691486346,3868.720895194023,6495.001664656568,1388.6305184932194,5901.575855896927,5448.0148877261545,5875.625663241615,6413.398881689284,5893.255093580586,6339.74147343636,4889.447673815274,6083.276092302805,1608.4410556871392,6309.8065887692455,5601.285483155392,528.6043324556592,6672.540779889885,6223.519583819368,1204.5026664347427,1234.274181983346,1164.3573146558615,1478.6050242396052,3126.4895598108674,6562.503704788825,5780.899219893277,5632.981625150022,3681.740168874346,5821.461977677645,8131.383906990882,6210.416429646259,6691.133576489384,5963.464188461924,3146.3164753222386,6155.7453188070385,3244.6278794231,4722.218664368863,4767.689941369973,7071.011272246125,1751.7541871443868,4761.809261701352,4980.536912266551,6343.005370440837,6072.598840158151,GA
13067,36.32843751093362,939.7493640649052,1899.5052821448685,3106.662422680617,1161.8213817006729,2783.592614804116,3474.0505879652446,3411.416844861669,2531.6205538750464,360.82243506696136,686.8555685538373,1423.6491711057474,1508.3003580884354,1106.1079879971476,1186.1623068845333,926.0157343403714,1209.6460332827844,1211.9219068500784,972.8249827415044,1059.0533939296688,914.4884807990734,2526.729525177296,3020.153272869404,867.3614508312938,995.1030611228492,915.7753271845373,691.1296607622156,3459.1539442323246,1145.524948265112,309.3394617182412,845.0643399676253,744.9058851192135,1301.211287161356,7214.667619051096,1117.9195404978516,3374.5370142260326,692.7198962197299,3396.966565440253,569.8402080010452,1082.3539549966392,3335.405269746328,3062.5675879651476,1400.8850542149012,660.3710500988906,864.2318114616611,823.4262810256984,866.5380091420731,568.1449697200362,689.8453154786044,2522.3992297284617,1042.2609564833303,7101.283726183762,1368.2259906532734,914.0117352861156,469.56507250423147,3097.493205044995,2019.029051611181,5453.252832002313,1122.0558670081386,1288.1395570106013,3031.219715152657,510.0065540644183,436.36358929556536,1201.3554627118185,765.1727563704767,3176.2451364009607,1440.1133125057995,2923.8967714058563,3085.6906343757005,482.25680522687776,3131.361554942929,826.4188189892852,2459.6865892895944,7128.256590436201,997.5918771321318,2045.9593303473214,7308.372093926037,1059.1484225741096,205.66689545157104,1354.9986543834652,655.6992672617849,1161.3407554782734,373.3569550190285,522.3574236893181,1183.159257591921,240.7621860123469,1256.5258508389504,694.3502488359618,214.4722351863111,1636.8965601265695,707.7651046112248,1103.1878146845786,457.1106969064151,2935.6018188893013,485.4623839814273,1516.3886064819687,1876.928043100782,663.7264100636297,1229.6768784047092,1266.7472324169414,818.9486245359227,1242.0122917230715,922.395831407307,3184.795396071647,425.95547273334205,2604.4795306017763,752.8625208684247,1526.5583499676654,455.5550343106297,1657.8119724580724,980.9653549056852,7037.944502481548,1081.8656593203586,216.54509759852647,318.6762990419092,249.2174269485648,3487.402189320653,5381.432783545165,1080.946768908961,1501.065382836024,877.1947818956482,414.5231441038525,134.75650014295522,1591.9743402581116,3445.64270793007,543.313733224948,615.2170672173727,823.224932050727,4555.505547113778,2419.460930409505,1078.4117217896448,3325.699519341653,1772.1727966018634,2860.0870134966185,2605.7729474658345,1114.8674360042965,3227.947898313378,3208.738661121908,725.0312232379489,394.54411967428075,2495.726829854765,1098.7780468686826,784.5594603513745,1572.9040076457352,625.2910762353956,877.1997600406925,3523.2982880200893,1006.1733716903226,984.0753349992993,721.5268919462953,1196.3644744234007,1570.798463920551,1410.1613438177453,873.7146619388349,560.6196749555071,1211.537786582958,1808.552473185299,1945.7141654934399,249.7129333258536,1520.8773910535772,876.3951754486694,499.2525269922042,2437.499701742036,2069.3827750222435,1970.7005757357915,577.2454277056465,1131.9685991095794,1204.1821593607644,3286.719163655765,534.840191617582,2209.1001773876833,749.1248825398213,520.1896483555024,527.7293293997626,4306.0362787051345,812.3195999207994,3442.532894315418,561.1179444404029,2669.209843758124,343.81434021126864,812.4145284179167,2121.837501173116,1245.399913624086,3375.3456225699965,1301.8886100667505,822.0490845240026,2692.9412304241737,2081.6409134145874,248.8847649842181,982.8190309775017,2596.2738258860113,12595.5461708724,6092.43820792809,696.0352282959534,669.318153739368,926.2392058079221,646.3400280904997,839.6336730638519,2110.482719430836,1320.5042147924314,1133.7890188365325,1571.2364219004055,2146.3161746295136,1282.3218309836411,4567.839752576455,1067.5464746303192,2632.117819860695,1512.2827039222338,1281.4741274688088,852.9458597959573,1524.04116834901,1130.1920275750751,872.6008686068878,1969.9032071928973,800.9515199478446,2697.7469640178365,1877.6797995486315,701.3112158582489,999.3157216645767,753.5408588854705,1524.933187031946,712.0023556962201,3141.3229991549842,2125.760603098699,524.5361159293134,1184.8424971159136,3309.5096219222723,1246.2586238772749,983.7477417080916,5518.7119972566625,2770.3456584448218,2517.552030982668,908.9106121867461,2142.7894172797305,1588.3172589399273,614.2225095469405,1414.9983936945725,2496.4738683341275,7148.454283491475,5594.476359511351,6057.154602795866,5507.872320775951,6215.845701253522,1168.5432266890734,797.8124069735829,2238.095438576733,1443.5421877172953,3322.6861294072246,1224.2995914750086,3544.5196417542033,2477.7063368993595,3072.9874292948402,949.0314716546087,3318.357638717763,1439.7813325572947,5826.157519292894,918.5316030116327,1846.2233847631485,1210.3558256369718,3055.023337121408,4418.926105897107,1516.4603346452411,302.5213535159805,1479.204388742692,682.9532652918344,3141.7836095927883,4376.122597353713,161.89118346494467,1022.9676408267663,1273.155328761629,2763.402631294426,2621.431061696851,5830.276748754008,7119.987657900129,447.58168196011485,371.76192917873686,375.6287213513279,1394.4182048304315,1566.0595790770017,5531.358987661569,3391.6082026748604,7154.823049360762,416.63408312786436,965.757907222756,269.70601359486176,2398.736384133825,1310.6936293751871,1282.5639672982852,872.5454854872049,1082.3227981347986,5203.367832370478,1186.6368631012774,2063.534737595591,5932.324074818314,710.6956914838001,1778.6340378302634,4867.621142262487,428.03659446609595,1739.8061510567318,2583.878574173012,1293.4440421359284,6528.097670304258,1738.8980119294692,994.9938810567763,10543.69613335301,2137.038748165262,1164.5053012512135,2709.158735513622,1517.8572156968773,958.9286390564787,1364.838439862509,1338.5650287656351,884.2697840534405,1507.1436221582169,1735.5730349281753,1426.6274639296985,1518.5188864352133,3100.599866969655,1368.9266598616769,3275.5260787185584,2094.833606019009,2304.943739112939,1175.7438263984286,1054.4430480867757,1422.0095733334788,1350.9532268357268,1521.7409804720673,1603.6833941759369,514.5365727121124,1354.550411431688,482.7016565232925,1867.8082997189529,2845.725668215829,2536.8544830978917,1327.5360845827202,2301.8758775101546,1391.4975865085987,3482.5106016207264,1036.1325059881037,2024.1894791466434,1397.0008890471079,1881.7642469969035,6000.607250259489,1783.028419221046,1647.4324904608136,523.5550197497741,2595.358336367473,2583.3974616884752,1287.6074782941755,889.2405164571022,1849.7908893229392,2514.0345740246826,700.6927389154358,2260.2504071842595,1626.0544036449564,575.3874781620532,3380.391873701065,5809.970213750356,3563.971558859963,5959.895661179757,1626.0055567741522,1241.5262108231266,1985.5415630840985,2309.8170250121884,6149.463572102899,3475.153947399772,582.8417558109783,4621.288171496736,1510.4814245505984,2550.9525291440063,1545.49476994876,5252.1373040951785,1975.7459449715248,5296.697876210317,2239.284239892352,803.4654905123958,2314.9412375784595,758.234076899706,580.8965822190527,6253.741673614842,955.5344015997749,1275.3240953917452,2561.042529876669,4632.584047719233,1271.9444941180425,1470.4932944121329,6278.080347812082,802.0107254490742,2199.937145176074,1815.5091154945515,3250.564895938677,1957.521073225224,2456.065771886448,5543.826558436274,4627.184190395616,1742.5367972108475,4595.957700053929,6306.848811178973,2870.296221903725,3174.1670397317425,6271.428253909713,2191.9431027207333,292.76128569073865,592.3290601631218,757.4681772161728,437.34521292839173,6270.566262294017,1886.9842115086674,6077.168110738975,1005.498490654066,1464.7099817265582,1950.0040206037118,947.1459297862295,595.1133752117689,1476.047700681541,821.8246892679573,983.5659371298073,1714.6521009733844,1520.9888952891868,1829.0127365935184,1839.0415692486936,5584.255488621241,6473.892925108409,1463.059116533436,5962.548962199227,6112.629342778013,1843.7162844574227,6068.031860609895,1700.5426069223831,6114.469726508603,6531.046429102929,6133.107063948642,5944.414146686833,388.0061207624598,6064.026346204575,785.7117462693747,6218.089277805572,528.7466039831401,1479.6649748625866,1478.4988911381101,6002.69101382883,872.1791978069197,5723.476438714811,6099.737534879753,2419.8277190445365,897.8321807688268,7079.578708047421,2335.711427970604,6071.1022157341895,1017.0911249794619,6168.536660494691,6211.453173967853,2348.347913559729,1448.850075562754,5864.045160274693,6117.2194299800585,5354.4123135648015,6249.826463442376,767.0700933344276,5551.021701364397,4482.4213217312345,868.4315671774448,5820.067190096384,6068.918661793813,6008.1872619117175,6218.105993013322,6240.670337415076,7134.192626670507,2638.3781759718013,5740.435653598119,5556.392100080696,5599.081564967516,6069.221506989431,662.783095168325,5844.3937435543985,5808.541354758958,6039.028558913594,7240.561090780845,6058.026465459999,6647.676275613359,2241.188878877314,5329.54776797618,6050.770187001114,1626.7217558898908,7068.796247971205,4533.413074480899,5897.7341928515125,1579.4742012018037,5574.978059537915,4365.1740121370985,2475.8342841043404,924.8778621661451,5863.6730620440285,5747.984103481424,6054.75262105714,5688.706373027205,5347.171113566889,4292.035548146496,6338.711499075122,5847.319632252887,6220.666347445287,6101.416479807643,6472.821250065973,6461.555012425398,3467.9740265975865,3482.5381077037373,2141.421734683612,4397.5068579714725,4640.079477765684,6090.432773614899,163.14372678088478,4365.550183456362,6227.306049339211,3100.391496237037,4577.081966389984,2739.1906007132616,2449.137061119327,5982.375090346679,5614.706598682252,6104.951107027647,5973.697503552943,5950.367787518356,5386.643909394376,5870.1672326858115,2514.717183419481,5233.546461930877,5454.110165138699,5701.203903568255,4652.112641336329,3555.815008197425,6121.006918495956,1299.7774044101632,5522.416068705624,5069.005433185485,5496.604579791139,6039.4963101188205,5514.39331421668,5969.173933555233,4515.684347155939,5712.06905647081,1229.3064602454092,5936.3605003127395,5223.963033158382,292.4967448930875,6304.868754609878,5850.371731575674,1109.6914462742411,1120.6743171452424,883.1861614010454,1136.5061447541473,2783.17617808252,6183.675019874884,5404.919592088118,5253.876124793031,3401.353653074079,5445.23726484986,7759.248824349639,5833.703451568622,6312.05215599545,5585.123426405157,2907.650269008017,5781.788556549865,3013.738382688645,4352.856752158803,4399.128543816023,6705.280842075376,1561.4676537330008,4391.543733742472,4606.52448853031,5973.5803469029615,5702.103412576158,GA
13069,275.4315003119352,1243.2189267577135,2169.194517618018,3320.0915219993944,1342.4411449308718,3012.802962895948,3765.7414231881767,3653.736725051482,2734.618480646008,443.84466508884856,377.1182359863604,1734.4342844792059,1594.3839245363101,1205.8986402582505,1279.5313420171206,1186.5490867777667,1296.6411134790328,1302.9004365289595,663.199036998149,1151.30291472943,1015.6393659772278,2793.4882588380465,3222.1774172068403,967.8282537832021,686.5645008003403,1218.9526597515235,398.52198059211014,3743.743874793361,1324.7599105481027,619.6721968367171,956.5425032704801,1052.2402976137773,1421.7890827775934,7422.7068470535705,1208.061675947737,3615.058492595564,729.0003073800477,3639.9080476101467,610.1770196767812,1375.9027707720682,3584.465159568437,3273.3115046478997,1511.628040962669,960.0428280753928,1099.9467022831336,1021.5579311423244,567.3943707685671,850.1088036133534,939.3512451634826,2231.986446201976,1343.254818756524,7304.783321338951,1465.5107016805898,603.3391353771137,161.00788957309294,3312.9686513039783,2236.955351134335,5763.776593312426,1317.4960793427465,1590.1638049458625,3244.879327847173,767.9472319538278,303.4722030173357,1432.187383251447,833.1706087673613,3430.4418061132837,1519.5165224386599,3203.262050042757,3297.8727585622387,782.3419576179649,3426.5966524313044,851.8423290430537,2647.450725912756,7326.2809481042,1281.93768733737,2222.5464125924727,7521.617326802584,1308.9836790688819,429.23759104857095,1478.9308662867443,344.90669331939796,1469.5037870463489,167.98031311915497,436.62314916180685,1364.6578668567145,376.6319567477678,1415.7574469760445,405.0995425278192,485.50461107974905,1736.2580330770345,941.7098365191936,1409.6967728958814,430.6757526370672,3146.3986204364405,572.7684544648788,1616.1150629150566,2137.2352521565194,937.0250479896404,1495.2678314192706,1348.0584262292716,521.4856625674591,1336.364166111651,1180.2828436738184,3420.624932381579,370.2571015276706,2898.824341576795,462.7364265999504,1666.255736752488,739.0908009137038,1828.4639994373981,1105.725694229451,7233.856966419542,1392.9424112327056,501.84925282415014,310.8586151484403,432.92168259717727,3765.4729591945147,5692.512174643356,1153.6159253898522,1808.9817932440249,1155.1488954824956,310.9638166270645,445.277596498386,1790.3433728342718,3715.461273261591,687.4899472767868,551.6451735159909,1048.9435826637437,4865.026682215191,2716.964026889069,784.8386379183028,3605.260709098088,2083.3213446646128,3155.7079454047466,2318.720864882252,1209.1419260791588,3446.401488867733,3497.994403949729,799.0515514962398,192.44402754599636,2780.755375492389,1210.1696690535348,1069.32250367583,1795.0979996476349,314.3107519806842,1171.0640513414382,3819.179653933627,1271.8993854913206,1295.1376505476705,835.0163205120979,1497.3005425449219,1611.7997895761414,1475.8446764153302,1184.70705600033,694.0014744084617,1510.1444147394147,1911.138318975712,2244.3651776441798,218.65350864114222,1556.8254501561078,1039.815655563802,522.556060004108,2143.2784239371426,2330.099461653493,2279.826736307116,606.8072927980402,1260.1039117186715,1486.0731972950864,3511.8356013825537,531.2553546300109,2466.893286315137,438.024885668856,213.88279058063338,838.7050394072529,4612.7418139010415,884.9746327410998,3690.576611498717,767.60359387067,2380.3308763876994,549.2224307187217,851.2966745786238,2362.3134960856,1353.038141898279,3610.6360208631318,1612.802100421317,1132.266211744679,2992.9507693735936,2345.8279094628865,345.18684711168817,1258.0658536391134,2879.2723807980915,12884.23472972022,6402.903759181662,1004.3238039261514,919.0044602644133,1212.081743988689,608.2165634921689,1017.9327371114067,2420.879723844442,1617.6947005476065,1292.419099752742,1878.436399605104,2399.511566146556,1423.4253296903296,4876.040209616085,1336.9178954506285,2869.249464762358,1569.5160805011085,1585.7672019877482,1119.4111194463464,1669.330348475014,1330.2386821373034,1172.947758069687,2194.7391907428296,920.6288520982387,2994.287876970493,2188.725462684903,666.2640635805965,1306.971760908413,1063.0395302423965,1552.2692810170554,872.8676436645209,3366.9547985335307,2396.0900576130125,758.7094970165097,1341.2919122852256,3553.3677525618477,1555.935363602258,1195.0178803880885,5828.92991083057,3051.0412536041235,2223.6295467670056,1148.1403963800353,2430.1123252394245,1666.0047775024536,723.8377175235981,1589.29158435861,2759.5039857899396,7354.263788136924,5902.567199617563,6367.699371479054,5815.953805335282,6526.955662281342,1291.0722986362593,1108.897255977716,2546.898964496937,1537.204983280264,3612.2013002673993,1508.9916168007508,3806.829094983049,2697.5120842800393,3365.48397966994,1007.8420874531752,3611.064353214867,1733.2097166721046,6133.523688942856,1003.0329452667364,2040.8937219450788,1361.7191667833538,3346.210077514824,4727.198612278331,1672.6639734710645,248.39862590770855,1544.3227631335965,679.7094101977648,3430.9387168219537,4684.133075292401,224.7684318294349,1187.5179809757647,1487.8248934090384,3038.3924799933466,2900.620554902724,6139.298787160749,7324.218576984873,413.33921174696,94.73214926658811,578.6961632927872,1699.6727876048633,1661.817082851857,5841.0079644281,3651.5185540792686,7358.885404267022,134.75957904763402,1236.6928081817225,127.8985883861544,2690.36631029635,1398.3275151789774,1486.3565261546385,1065.9362389125947,1392.8927978881175,5513.637880592348,1332.1553361107813,2318.071722386001,6241.690784491682,893.5076177922847,2083.133485446087,5177.554288757436,564.0612354840288,2049.9387334309786,2294.153019783051,1568.2135046084827,6833.411263767681,2048.211264641322,1082.1534362689779,10637.902840245932,2432.911583961893,1409.7332193148513,3002.7640274612736,1777.171916251433,1122.667663293906,1666.7202571545745,1506.6551653533215,1017.9241056902163,1802.0407401637106,1919.8309652508906,1595.0375816634235,1585.4199782542776,3342.271322316065,1640.6895835037885,3498.0255354776973,2402.043485151337,2580.4239897235275,1486.824209119482,1200.3116307377952,1695.1196557914575,1659.7006440055065,1832.6246192369772,1914.0561074669863,819.3760421341382,1650.28881557582,793.4797600947335,2178.493173423244,3109.7961709499823,2806.2945181002947,1618.0081750447926,2587.022134086108,1468.1768709308474,3767.7067654894063,1325.885984063878,2303.025899662988,1467.8210678454234,2168.240078514588,6311.7551658943285,2089.9545047584797,1955.0370049937485,615.436533263091,2838.1011814649823,2295.037697881787,1565.4042004423966,1198.3268835973352,2105.4512334224382,2223.338852849965,828.6828878796481,2555.760960134717,1914.2203341047068,736.2070042051248,3625.025249566351,6121.087324260472,3838.463319427831,6270.622305433207,1935.7767636903106,1505.6150327659961,2105.2764709519206,2563.319238809687,6460.391943294939,3767.123512018944,890.7465025835379,4930.748366777551,1629.7759584635107,2766.363179692629,1618.905029332627,5562.703864561118,2286.852458178599,5607.188283037196,2546.875068862816,492.4097588337046,2581.8541190833475,1069.1107986713184,882.2509326782695,6559.921432245067,1266.2352714268109,1586.2932097536566,2850.8427368932344,4942.653855030861,1581.443720676549,1544.1966385827109,6588.919312170981,1093.1659564753822,2441.2787419125325,1909.3691096132368,3490.172883142049,2202.617689933078,2160.9740900063484,5853.335078770304,4937.4046651234385,1837.0392606480539,4905.173693373832,6617.696724339751,3071.3060830607583,3461.3385548843653,6581.903081917863,2381.859228920539,568.306210176551,864.2451783127664,938.0023035005428,720.2635973389332,6581.484271494386,2179.965868901563,6388.305186508278,1120.558512452136,1589.8018941129276,2229.3340468796587,1127.1495428563944,792.7514529117859,1778.4802813099102,1085.2990031257882,1289.6694892868484,1818.9593274190106,1769.1780116679536,2118.208651767114,2019.517528451972,5895.306369145591,6785.032421236587,1613.528390423721,6273.0767955841175,6422.838940891314,2154.3172202341743,6378.264210227932,1910.6688592504279,6420.487254590597,6842.173151328182,6443.222641492928,6255.091961559044,630.2180242548584,6375.142743255537,1009.218488981526,6527.801298190975,711.229106527512,1769.5360375103585,1642.329652467871,6313.41513648894,1039.1681335984638,6033.2259915247205,6410.856806855619,2726.2142040168883,1054.1229993966951,7277.913190260008,2545.881306133841,6381.561708074552,1199.8206648493438,6479.4793307225755,6522.521154393529,2655.423639910079,1708.1659136577684,6175.161845238201,6428.322896558842,5664.734094308683,6560.796574358222,953.7700034620576,5860.4616906532665,4790.7323793958,938.0096603159512,6130.639823076648,6379.427789494475,6319.271499951275,6528.830430307901,6551.280602011922,7339.997770271469,2942.707124452944,6051.553787520683,5865.835071949915,5908.94462566759,6380.35658478518,876.1098617857248,6152.577910039228,6119.103485590464,6349.59828079297,7546.057433104934,6368.528170334662,6956.6046746751745,2547.032529015217,5637.312573466789,6361.587846388825,1747.856135525854,7271.063831942421,4842.180593380535,6208.877658563868,1861.1247874539208,5885.4869358522155,4672.175924823688,2741.0033578002044,1124.7496135053095,6173.27928669467,6059.0374006495595,6363.570694227415,5999.566817192261,5656.790681182887,4598.454608558271,6649.1640107781,6158.421181397718,6531.7105374647135,6411.847922025344,6778.264272672877,6766.978862753038,3759.863175327841,3775.777697763395,2389.516216543249,4704.118408993768,4949.081227656867,6400.863754308636,148.0083757921039,4672.271228493087,6533.321531638969,3313.596148544607,4886.035295670228,2960.2470304998897,2685.6884842334125,6293.393738664004,5922.934017032001,6414.5083648511645,6284.757822298538,6261.39033245016,5697.292678626581,6179.71299620756,2742.318738325221,5543.93969901043,5764.919413300596,6008.523410146364,4961.31588460997,3822.312743619314,6430.5118372468205,1384.2498161014682,5832.736349483675,5379.986150813958,5807.572276695429,6348.952390126112,5825.466652461692,6276.7792592296,4825.03436986594,6020.0381994499185,1539.624854649053,6245.57608748097,5534.904261239287,484.55950235744433,6610.741026654068,6159.426600405804,1197.7410039146307,1224.182058137634,1097.09031300822,1423.2750850933146,3071.972120238711,6493.064647206628,5715.358687862074,5564.734000864715,3642.944493844173,5755.780011830681,8067.787685110836,6144.441758350263,6622.943848010388,5896.269938833111,3116.3630586973927,6091.267878554987,3216.414982099765,4659.682838416874,4705.46816974674,7009.9534571429285,1696.1507595691562,4698.914434472667,4916.007005071072,6280.508949440678,6009.658619719923,GA
13071,279.01062951664363,1254.3749106863015,2116.0056773687993,3245.103973151245,1264.0066413966385,2942.6096942215772,3723.976383411701,3587.227352294969,2657.629634897014,518.6679310749191,388.0136409218295,1730.1489641046985,1680.145360442505,1115.22873984386,1363.2978788329058,1226.2241094088965,1381.4173852512374,1387.112807647583,669.7341608918143,1234.696023890984,1096.8739700802555,2737.8055832226,3144.4301839670366,1048.849856088621,689.3928036395582,1230.4701114918166,376.8722797260263,3696.9515455793694,1246.1272927612972,611.0993532039428,1035.6192156145946,1032.8317501073884,1332.831945087823,7344.576350102402,1116.3523570395414,3547.956601638817,635.1265535018607,3573.6282559693195,696.1745324135719,1339.9479447173671,3520.4643788990247,3197.668807846351,1421.2037084118924,975.2836784864128,1149.1706775281766,1082.0529153488433,553.3596433658637,877.6839892926988,982.5082354269217,2280.221209631408,1357.178532759686,7225.599423792152,1549.2945981286032,615.4769557432219,213.27890322985562,3238.530874635357,2164.6368524776726,5747.293229353184,1380.2896053730367,1561.1544706106013,3170.021618592229,719.2387116293734,399.52508027525545,1366.3657036765414,918.0492726300553,3368.5771137078113,1606.021836528473,3153.7135675292993,3222.579198219464,797.1098122314424,3387.994897164908,942.0877318923481,2567.131798220261,7245.8489344981945,1309.1807951276871,2140.593326102077,7444.763559169525,1250.5228403576405,384.853096119766,1558.3195656665728,362.69900817081975,1449.6617429773892,264.4371678170919,531.973351530476,1431.3055482354175,436.67925121832116,1487.8634890088392,379.579017248056,514.1029992554967,1820.3781247240647,881.1401744857236,1416.5526950887995,335.8111902026488,3070.8902723337433,650.9075790882117,1699.9163440325315,2079.789764600495,969.6346132672206,1442.3415840444231,1433.8186819151945,505.3638590522236,1420.1874996196286,1125.9857493435575,3352.116716948938,274.62717304287355,2859.9579387991826,438.0501047702346,1743.1879712591476,765.2004201679141,1746.2055611407807,1183.4043640198295,7152.984315176966,1383.2684336238688,474.96333640575585,393.8223393743965,485.5501742197938,3714.692691824862,5683.965961348593,1239.834235312057,1787.7708227433955,1110.565429783962,214.49216308819214,447.943595907208,1714.096382603016,3660.3247987826003,609.0710561764993,646.7785177659837,1101.3120284126132,4845.167747889776,2681.1019433643664,763.5698755556534,3555.4672894289074,2074.281185635591,3117.6759396541493,2369.336248580261,1292.4862048403054,3372.655665423941,3454.598109300864,708.0829378789607,104.19430483555892,2735.1779203347623,1290.750686388617,1095.9191375077548,1725.1258942850675,343.30997890873414,1191.4270731875672,3780.864196127753,1309.4015380700744,1289.5300668276307,912.6597246988894,1511.2631758804625,1515.9595167836515,1381.422942454268,1180.0843383582078,766.021395769798,1526.484174748036,1995.0856657403626,2210.28218711457,295.91120465004565,1460.8497965198599,959.9771219992804,430.1603377001867,2188.4875198962195,2272.4219870040115,2260.4813209272947,513.621759724188,1337.9248144508242,1515.1341141570142,3439.9288571763645,621.2492962854129,2407.713813943602,457.1112047272608,220.065516195214,835.6441785182528,4586.8620208494485,793.1538518903767,3626.10775169906,823.3562731440982,2429.514807576702,601.012851748677,940.0528131308126,2296.7378927320897,1434.8191508013724,3541.789958808216,1607.8664195430185,1131.5667368584575,2959.270306282229,2289.6670623624505,277.17846271286055,1290.6449065619756,2832.2751506346244,12837.545715952681,6386.020440138237,986.9263129716268,961.9567366675684,1238.2503449594044,702.2079614578224,1083.5727266908211,2405.338127884814,1583.7765839952715,1364.1794445017533,1883.7905216267648,2338.574843872089,1337.3759887333576,4852.9255730558725,1372.7669627420173,2801.758203000966,1658.896297599005,1595.7110618092831,1156.1039323448642,1745.1501065660723,1391.7999340348365,1144.0901409769365,2124.494768941026,834.374571908545,2957.2327090668946,2181.938010850672,760.4592759116898,1311.9939441115405,1064.6126607973995,1456.0557117026465,794.3985325015657,3295.325741419915,2342.763010402517,805.8217911082228,1413.732306311535,3487.484418555455,1556.1448244574624,1252.7197741686866,5811.129688589865,3002.437946464528,2268.968894735596,1087.0638643577336,2386.578425737147,1572.1428172395417,800.8255854770928,1508.4664236292251,2702.146482901667,7275.612513406959,5878.925800079455,6362.947361540118,5818.6745318637095,6517.772664605885,1202.860900435904,1100.2597075034482,2526.468557603572,1621.7301803036087,3568.904962206673,1466.2161535857742,3748.0870927329584,2624.951775767698,3324.6588328395064,1095.1618307713748,3570.212559252901,1695.7460523088073,6137.687870780284,911.6820209761785,1963.1248986405676,1277.5929226698684,3304.3801965407765,4704.2895323873545,1588.236518058461,160.3334515057669,1632.7205759867538,771.4743656071344,3387.5244750225256,4660.684883725099,184.25698603902958,1106.7469031419698,1416.9262688183096,2986.5650854179744,2851.3029014545864,6117.75234322597,7245.201100258827,504.2055635650071,65.3865958242436,517.9410716355719,1674.3757833832801,1746.3250426613433,5821.267490963905,3591.8441411746844,7279.820106259381,219.1586718661844,1187.8485809882127,55.71832022765778,2649.572455269637,1483.3480627713955,1412.5877280619684,992.4136436553157,1390.2401170123126,5496.114992392249,1406.8739481265234,2257.8272045896274,6221.039568000604,956.99548899686,2055.9546560408367,5158.888209876001,487.8122533965636,2048.1953240995736,2342.8231100056346,1601.577518197112,6804.642469402054,2029.6665303991158,990.6677647917081,10543.163237798391,2395.959665626285,1348.9370742402878,2963.173518871179,1720.3123881774316,1042.2013013222656,1679.601756650565,1577.0465798973282,1093.361912354912,1821.8224699361701,1840.0618391568773,1665.6123446055174,1673.6886554333305,3275.8067850698753,1675.7961828783416,3425.3719215141305,2378.553549025081,2529.4642112987844,1476.9668670670596,1274.3738287148599,1645.0077586168882,1662.138981130004,1827.5942048743561,1911.5292279677121,798.5777078723427,1669.301285774365,791.8583245109427,2164.5486205107954,3052.479235253872,2751.8905529047133,1641.3019901389314,2541.787938575491,1554.9175297004879,3721.294553373351,1349.5018041787048,2254.4138794192545,1555.3261482850035,2124.6183417975635,6300.914485526334,2095.680100291764,1959.602957436945,529.6405519288977,2772.572087013037,2344.7374919176114,1518.3104924017202,1181.4887666407333,2046.1256076990217,2271.364651481816,903.5685269579207,2518.313770948854,1872.3452277429126,803.0545814267157,3559.3598107953594,6111.822171605071,3785.6481084309253,6255.092297575998,1918.6878144667214,1544.4184295699115,2186.725802430116,2502.2229659467653,6446.1840999797705,3725.5754312622694,873.5647288469331,4910.6942930183895,1710.4009168242956,2692.5003057990352,1706.4264353912656,5546.471498097309,2276.1950964609423,5602.801878628383,2523.913614430457,509.6572400596136,2526.552183390729,1065.6896123886966,856.8977119303273,6532.5830664638515,1254.2344811500825,1575.0962799832248,2808.4755954162047,4924.527459628348,1564.3159048720133,1631.5158417808145,6574.032263890551,1057.2672047888968,2375.859572571258,1994.625227922992,3422.863835075756,2139.0016470107958,2205.369690531394,5833.174596470732,4919.838400448058,1922.0784921992315,4884.456671298906,6602.865711119904,2993.463489882772,3416.496683308113,6565.028529595455,2302.3810832195354,533.4465769659072,819.8986922039087,1002.4626261490428,684.3906867731805,6567.173171312967,2141.0443950448707,6376.84092889898,1200.0626479093598,1669.2960429885793,2181.1519501274165,1193.0658472043795,724.0922077763294,1790.693276343494,1034.2578513570504,1267.0291532001745,1902.47447889993,1707.8937521406135,2076.5701291722708,1938.7339558928986,5887.1001497985335,6775.044873366781,1688.1331064012434,6268.419335445321,6404.883049147322,2150.5681927780647,6374.881493359456,1837.012103069704,6392.916674782568,6832.57555982837,6440.282693761628,6249.663683147876,579.5144956108095,6365.852842475028,944.4776537475328,6526.240248283802,772.544586785025,1729.2768045475746,1714.0871877636175,6297.862505814383,1107.6622155613268,6013.753226472633,6401.499368582793,2700.957079860386,1125.1300592969735,7197.561171559079,2470.9439985221074,6364.655026615161,1265.4397505231598,6465.384902905797,6509.700956749594,2631.406943130123,1651.5522559922376,6165.897062632818,6419.274938117042,5661.081556496397,6553.323405518455,879.874463771189,5840.1026085458825,4767.885204475608,1023.4797295227247,6125.7812978624925,6362.750035765417,6310.552592725448,6523.100874286883,6535.066264318042,7261.348886611093,2914.1915406051353,6042.277956318788,5845.483217025585,5906.9626116935815,6368.826164660675,931.0693067832243,6155.041536994209,6114.298836783888,6333.217665118772,7517.417133013592,6351.8177675476245,6934.651653088166,2521.111546626837,5640.720750760454,6346.599619855407,1658.1242998022424,7191.602507244956,4820.356356908496,6198.798680718794,1815.2084245248968,5880.972884193902,4646.7950453890135,2684.6479274919393,1185.4025991657984,6153.3353465983655,6046.111358163927,6364.527390493815,5993.041782069424,5655.620456015979,4572.093358470262,6632.17588428227,6149.448615795106,6518.5929099794785,6394.809963946589,6749.705340120803,6738.393106065943,3718.2570645752226,3735.239872741978,2326.6300857616197,4678.042414137716,4927.796791701994,6383.825853126633,167.5207400560935,4646.395622815253,6505.720995090045,3238.555481147425,4864.649529087445,2887.7088767652754,2618.2529496253924,6280.035281732964,5899.579433848266,6394.367731389677,6271.878639399361,6248.078601528631,5692.102753670511,6159.587996033919,2671.971227583514,5540.000661912296,5758.776761103388,5983.320265094246,4940.547707482177,3765.483905161722,6410.214408066585,1291.4683837681728,5829.066312053373,5372.602498711996,5800.2330481552135,6328.530936199588,5816.98274429679,6252.0602157806725,4804.7048744617405,5996.113344841553,1537.7620962542362,6224.511256134249,5520.980504816667,426.1434692305219,6582.892180811917,6137.9595968568265,1105.8595946540136,1133.8610817610966,1153.484993182065,1382.239726636695,3028.6328875196227,6492.480875386353,5698.498272803129,5558.2957198838085,3576.189459545253,5739.3889348708935,8044.698038801178,6129.0038238661355,6616.103596506403,5885.354432216198,3040.353639712203,6070.968780184699,3138.828215051011,4633.995015085518,4678.933566460691,6980.199465074781,1774.1274624141079,4674.2004243713845,4896.021142900101,6254.52176778471,5984.905988413462,GA
13073,201.7515369086352,1060.075866582523,2111.6035164383547,3325.6838051681825,1376.0735784116687,3002.40755276078,3671.7175013432666,3628.9041781898873,2750.097167856793,220.50797977079705,576.1724051684795,1572.1530688702805,1387.9517860230396,1298.1894380503504,1068.9969826549502,968.2916717428259,1088.321470685699,1093.2930332775882,855.6156267610953,940.2054229053754,800.6250581308561,2739.1386291063786,3238.6754944535437,752.5216942725788,882.5510238486519,1035.5406783135863,620.1761289918178,3662.245422186531,1359.4745859691552,495.149574803769,738.1148687730355,929.7757111756056,1501.2537261255018,7433.691144253337,1306.6702714346436,3592.265436843972,853.498278834983,3614.372566463832,409.1211922302032,1283.5539725243668,3551.8511171265727,3281.5177650659834,1598.3199942574347,774.8551049294554,874.8914076760115,792.5915958008817,781.1027301052193,648.8051073571271,719.3859642253027,2330.3233736042025,1154.8590278465788,7320.178394014832,1254.7606199406698,790.9143592774706,343.68490097771024,3316.5455437613427,2238.056876462384,5613.22786029942,1088.4869795839172,1478.573940318236,3250.241607953031,728.5813071181099,218.020497805316,1420.4126098473348,626.6269879601602,3391.719007605491,1315.1056543909347,3130.5360986899586,3304.6829615836555,602.5661794969714,3325.957970145795,663.5800192342901,2676.688455053522,7346.894906730122,1076.1765310605972,2261.080797495121,7527.437150231941,1277.1907840846122,416.96049904707314,1260.6172464097535,539.2002784512383,1339.7787755872012,185.89805996233673,308.1423045473731,1136.3341486001334,149.92624320136497,1190.0579584514005,628.3908879127972,297.7323195582141,1525.9445145868726,926.768731140561,1231.545335120773,577.1964929460245,3154.5421586412767,353.72064196502447,1405.2456749441953,2091.8870425602545,727.9676253831187,1444.3649231525617,1142.0271277952345,737.503678580603,1125.8639169014866,1139.5969107172068,3403.0698232754003,527.6026886516504,2800.6102562673855,684.7030930682041,1444.8390540466394,542.4719376847678,1871.3903124077567,885.2897850925978,7256.449666906808,1244.0182415876288,433.6926771498416,113.41105126866758,211.4854648862894,3694.295331084389,5528.11004000413,949.2740084268846,1678.3569184442429,1089.0570222717538,487.2949865053253,317.574652590775,1809.5537084099906,3656.293363981723,742.814574273531,409.3239379175788,822.3308412166922,4721.778265682525,2612.507871411499,1000.9506470862981,3531.909431560659,1927.2180235208932,3054.585002843042,2410.620235660027,997.8384546508504,3447.012747199359,3408.668750960671,902.760138472624,402.38757924672143,2699.469032611445,993.8095191838581,866.1895518267269,1791.9510564201819,498.7153682456932,975.1601339273496,3716.839441605636,1055.2409121936757,1139.9531806679213,614.7045263065191,1307.5854794674906,1742.9933231411096,1591.6033751330679,1029.5023018285035,467.94714527660034,1316.9717620938266,1700.3401785319488,2138.3536433898903,33.21396630868604,1690.6644334433454,1085.657022841238,647.2405948490223,2249.418907473835,2284.026518407305,2142.1799198970925,731.510102458998,1039.7921071849541,1277.0889960093934,3505.652979397058,348.93917838863365,2424.3392074506933,624.5572939135103,428.94678190636114,689.727268416564,4481.743232744065,991.0242370720861,3659.124833811496,540.1567207698357,2475.477184885378,325.83791527929714,656.8474678662844,2339.987446827174,1138.5695246931778,3593.631834465873,1452.6894090719325,970.8091568144397,2882.426591050642,2295.3043785992213,410.6437764610209,1046.402057851932,2801.1726218786935,12792.618283683027,6252.532010154488,878.9660295053177,699.3559788051808,1008.1507296145517,449.9063149364123,789.2431760109158,2275.137698578105,1516.9257903892246,1066.4588658979858,1699.2522555306837,2362.593692068238,1488.1435108102403,4739.1112069175315,1121.546787320654,2850.4073096132925,1373.9017471874593,1401.3502273373526,904.3203910669298,1446.7480200148718,1101.1920003807593,1068.2575967492076,2188.9545045167174,996.8103073803914,2891.4619402883177,2028.0566702800531,507.5428586577129,1132.9324114767335,898.8526662405777,1690.968639381029,919.141175212662,3360.2506420034456,2337.3183207029747,536.7725872627193,1115.808266693901,3526.8101823218763,1387.3749861679114,966.4085797325894,5680.748347792102,2976.400418408118,2328.971016420141,1127.89357764894,2345.496391332384,1775.1636752879851,502.78016456526916,1628.7692194735778,2710.086602997369,7367.424781209516,5765.503568984726,6196.588058849909,5633.810709372957,6362.983001838617,1368.4776481069132,962.8850767081536,2410.1208487980525,1327.959913586214,3522.3089967102624,1431.1427506690247,3757.712034204989,2696.772538673219,3270.3032866832177,807.3080087501381,3515.244063609597,1639.4168593458567,5949.1047129889575,1103.2978638434863,2063.626160562628,1418.5087316444688,3253.5129410507593,4590.066323637354,1726.7655278054456,388.9718761486832,1345.4185186865693,502.39287390931463,3341.854904336371,4548.13072761778,275.4395139235685,1233.3822305176952,1491.808501324709,2972.354036522669,2828.4587635825164,5997.920107519203,7338.908738171808,243.97065063400132,322.33415733060025,587.8113954683228,1578.6997251878836,1452.3995940660238,5696.455163973302,3605.565837279919,7373.739310582541,264.9592736384739,1179.7255898578753,288.4320918651486,2597.6651292435954,1190.4025444065269,1500.3500220347669,1087.9204445836558,1231.017505409136,5365.249095346961,1108.5123354943153,2279.612568250669,6098.50199282519,664.4884953932702,1962.902682871108,5031.664084436458,621.2798041922507,1881.315998565889,2391.0533495876252,1354.4077479255138,6705.866902144184,1910.355274118613,1181.578174639104,10742.362959270586,2332.3990349866103,1382.8815272327615,2905.8636001683813,1733.5375028261928,1168.8029478012586,1477.4595879333792,1279.9276593607347,794.9617450677893,1602.7685321691854,1951.526903377396,1368.4305936868186,1386.0161273080191,3318.2572987445888,1425.0012710989936,3494.5367198736967,2272.141470556598,2514.152081359772,1337.0677578563807,976.0716824131987,1633.7535645158073,1486.5661613577665,1670.9368558565275,1747.5117436251858,708.7283409076445,1452.6940961277935,643.5450064872678,2030.9284085940872,3058.7640680261666,2748.303777923685,1415.1471341369586,2505.808006077485,1264.49530664474,3685.180219259325,1124.2964463152161,2232.1825991087053,1266.320584085647,2085.5548374839427,6150.748841928098,1909.1881962029465,1776.6846478792554,703.2940922157761,2813.0492936132896,2389.376948020247,1497.782790828089,1066.9136757706526,2065.839503506868,2322.238991588613,605.1662461118351,2455.753472910333,1829.2914628655155,507.6496599886074,3597.5578113588745,5957.549597513507,3772.569137773343,6117.89725330563,1795.8238748985132,1287.0063707176646,1889.8536094551366,2525.9144020585936,6305.147851111958,3672.572608668831,768.9187813636282,4787.789926485253,1413.222269410654,2769.9784876448493,1417.1622156870678,5411.888639860984,2132.6330491833332,5436.048234826614,2415.200278753603,678.2420873051584,2527.496539430517,913.9766060765003,778.9770123209137,6429.670718704864,1123.7578016165578,1437.9825616719575,2761.2532178397155,4796.026181941336,1444.7877130315585,1341.9999456599248,6434.788292922806,1007.1340716199513,2417.9600903429127,1701.4027895802255,3468.4326393393408,2175.229736832465,2268.904345202273,5709.5684066328495,4789.73549649742,1628.6397807970109,4763.522046367234,6463.443767053592,3088.718606973204,3375.7060575818873,6431.372955494744,2409.046928628165,510.6591528662861,808.0756106767682,709.0845295290416,651.1813177701008,6426.331644162273,2085.6976276050573,6228.312962398035,902.6092047484959,1371.5974341634856,2157.8701216451127,898.5612178096818,809.4369091427881,1589.565414007453,1038.309799128265,1168.721987949402,1607.355862867245,1738.6436002720527,2030.9797266569547,2054.550620612717,5730.1702399917385,6622.237422619983,1389.8050827401205,6101.878677640064,6274.42646685179,1988.5615013710812,6204.981896563967,1919.179689766649,6290.839484705814,6678.682328002209,6269.2067893821395,6085.140012567798,606.6861740489459,6211.457662520501,1004.3425746170897,6351.603995416294,482.31020848542636,1682.0927054378678,1416.4431833549002,6160.696126546605,811.371332381856,5887.986922679829,6247.25957450975,2598.508659178537,827.6055422028951,7298.232303311136,2554.544736329209,6231.25007699656,971.1868817269564,6324.019174583587,6364.783481503096,2525.442490506472,1664.6408541560613,6011.582366629315,6264.193413478844,5492.382251169203,6393.960782041508,980.666219272537,5717.066703646682,4653.389863509055,732.4765873390297,5959.861378337122,6228.699040783094,6154.669644635524,6359.178452338069,6399.571089485918,7353.162689443138,2821.050202597476,5888.087711620142,5722.421125639281,5733.799288898526,6220.484425258485,648.7133864767767,5970.597417090509,5948.247080984344,6198.351624218668,7417.665329480595,6217.867953949964,6815.321304931145,2421.484632555358,5454.290614035116,6207.81440192102,1828.1829668822602,7287.641584234704,4702.760074998886,6046.649754217294,1786.8955551048557,5714.3360431679685,4540.073503075174,2688.808914203815,895.7487789766876,6028.805488729395,5901.847734629364,6183.678751931833,5831.5765751253,5480.5771895498665,4468.462695721358,6498.789477989279,5994.363147112845,6374.487105357301,6261.752332183382,6650.332864529643,6639.1128636791345,3665.4703440825233,3678.782959599287,2358.589835561799,4573.384441835609,4808.471291370313,6250.776970399707,161.11418076547812,4541.175088176812,6403.632028663521,3319.408035637505,4745.703098318996,2958.2475275111406,2667.53184330677,6136.776290709029,5785.284616439318,6270.198523131344,6127.30470684138,6104.715802168894,5527.3698950671605,6035.577046034176,2733.640610390188,5372.137695481137,5596.486450798002,5874.4641271961455,4819.691719988013,3767.6362727165892,6286.486143490229,1487.6958449009367,5660.284658450515,5213.917490864238,5641.067685320739,6205.232068570892,5660.850315271582,6141.495831202986,4682.740114415118,5883.419816594529,1374.7792052712866,6103.175339785666,5379.946033451046,498.8515830001351,6481.492084352151,6017.876400448531,1297.616997899095,1314.141053854103,868.8712122857119,1342.4620831796158,2983.898091937753,6315.4020489355735,5565.547654688876,5396.946919135852,3618.940182099699,5605.069847001491,7927.898626121746,5991.654955299399,6455.030165198879,5735.720275484319,3126.51086444815,5947.542569998543,3232.301129067314,4528.2227101489,4575.67144503199,6884.311636738227,1475.9405455761703,4565.424665872018,4772.936539724131,6147.766957410838,5874.6963246626565,GA
13075,291.69525056097353,1267.53738584024,2145.470268704073,3277.463593918892,1296.5293938753452,2974.5450135166557,3751.382286990933,3618.7651660863903,2690.109083059869,507.1091249660139,365.4322152604113,1748.0912327326755,1663.2819906302743,1147.2731696031524,1347.594640052952,1229.82514050749,1365.1203970825172,1371.1518390445347,649.270755954659,1219.1856966519974,1082.538726337693,2767.745233514453,3176.954345000653,1034.6151739867157,669.9767658364151,1243.5052717169,363.74524698217346,3725.350529064928,1278.6590181677025,629.2540498571886,1022.4153832823166,1054.5040801399518,1365.1324982760218,7377.132929400713,1148.1679070604316,3579.564347309131,666.3082473206944,3605.1378806985454,678.9532925711209,1365.788951725936,3551.682402919744,3230.0726603045746,1453.2718022863035,986.9405948532063,1149.1549201122893,1077.471163012856,538.5704593971984,885.199369891231,984.6482205674307,2251.204408683843,1369.5401472589454,7258.194190462639,1533.6076340907346,593.4316820506217,181.7051292656909,3270.850369721341,2196.755685796577,5768.923116559002,1374.874926765025,1585.4717651448334,3202.3710227405645,747.4028351678447,373.8178754656002,1397.6923584670167,901.5896465374117,3399.497524356781,1588.6858595236013,3182.6027794277916,3254.959868694354,808.6855859176375,3414.7234066925976,922.1470309808057,2599.746672065812,7278.474844730142,1317.1807108079738,2173.232106153272,7477.260299131905,1280.739034625581,411.42249072082535,1545.0833371269764,338.28948332915377,1471.6815731225852,237.0859176566367,507.3399652334297,1424.2172147776669,431.236594216005,1478.2724655234933,367.7863699642959,520.4670931333917,1804.52139891975,911.5717079075683,1431.1188551958521,366.64599228355166,3103.2836543532912,637.9352587917348,1684.236258482213,2109.968378525305,975.5346913016659,1471.6554633083588,1416.9306294714058,491.07046602115287,1404.4599223856742,1155.4551416093575,3383.8813801324895,304.9171441875775,2886.7045225142047,426.297217997682,1731.2638567555625,773.0408367869072,1778.8452660656656,1170.9761556531807,7185.617149203879,1402.5703752663605,497.6319244286962,377.9507265929362,483.1999353510808,3743.832332833697,5703.493446721983,1222.6355895045351,1810.2480769882234,1138.1615341587287,242.7328045452055,462.2588027928456,1746.5101623461535,3690.2162982630052,641.5265534302529,622.4105817690881,1100.0402286704857,4867.620329744957,2707.1832800194657,751.589501450543,3584.4213195834977,2093.6344926540405,3144.2648811147333,2339.912062629098,1277.015294224732,3404.92354403061,3482.3201100551782,740.1271885452095,121.7028590313776,2763.2847272505487,1276.8219308401458,1103.9892292998766,1756.9877461831077,316.34217244988577,1201.6298647789713,3807.554021721325,1313.8345532173562,1307.6561085206793,900.1375532756388,1523.6882810209936,1545.5660936169345,1412.19797729534,1197.8647817776625,756.1180582543959,1538.1654050469176,1979.3452713028,2235.911127286221,282.42374981394465,1490.275369730286,992.5479566700932,461.96841543459465,2160.0122654390584,2302.6546034368757,2282.587691918735,545.1323538580084,1325.4663399758006,1522.619721120785,3472.0403219640166,601.4126652561464,2438.192310679016,432.88085532957876,196.88944502631702,852.6473301390985,4610.77859200507,824.9880082966487,3657.3899932081817,820.4916583995828,2400.3445379637233,599.3267117855373,921.1564561381293,2328.115271446956,1420.2590660546946,3573.5957046718445,1625.9496270108866,1148.1899654282465,2984.8937005035223,2319.654388717931,308.0611529670619,1296.8052794799662,2860.664460584631,12866.096108062664,6407.7733886815195,1008.0368144166392,964.1523122982761,1246.5683873487994,679.1152514012351,1076.7851653784132,2426.4890377176835,1609.2394548592554,1354.719043183037,1898.982064592146,2369.3140448676168,1369.9335655083662,4876.1849908511595,1377.8230138574966,2833.3919480413238,1639.6407142183973,1609.4177738954975,1160.7296769881796,1733.7913884310574,1386.9170730701364,1168.1928353039748,2156.4081315414305,866.9433654484333,2983.5990899525923,2200.6944945949913,737.1573171037593,1327.0543275623108,1080.5196393593878,1485.0617217577912,826.8881229802417,3327.409138649834,2372.273522577637,806.2857983055188,1403.9624614712206,3518.94325574178,1572.7390631819187,1249.3918179249447,5833.098632960723,3031.1428834808003,2240.478831248606,1117.6509827785626,2414.24661714411,1603.1880676483331,788.5627433056462,1541.0844824326637,2732.356932371122,7308.189265563416,5902.350441778083,6381.453344933912,5835.0260964420395,6537.501020464977,1235.255431372607,1119.1048132447197,2548.8899521385024,1605.6131749070958,3596.6129720308754,1493.5690387873312,3778.557935928664,2657.106225385629,3351.849526927583,1077.2419849842847,3597.4229169009527,1722.0274626292533,6153.626841029444,943.6081072339276,1995.6349912711976,1310.2211574747662,3331.776384945798,4727.492272142119,1620.8540634778367,192.96405934203983,1614.1459508502332,750.3542964644862,3415.246358730108,4684.017485460261,208.1527009441048,1139.35563954379,1448.8611181638764,3015.857076563049,2880.131045358462,6140.670824944334,7277.790539010306,483.69563819680894,43.77989250928929,548.1191703351636,1697.8341062338245,1730.230665228199,5843.727019693524,3622.4517290532704,7312.4111611236085,187.0781201892451,1216.3270538993131,84.21466845809847,2676.705510075426,1466.9176387679681,1444.7967648766391,1024.5554426130327,1407.583348500094,5518.002246982104,1395.9966468769182,2288.457590948937,6243.739113922718,951.0588510152023,2079.956498286237,5181.053181441559,520.0586757671443,2065.5030872315288,2313.735326412764,1607.6101421859146,6829.310984823077,2051.5247267916666,1022.5520231936744,10573.62499923563,2422.247732021241,1379.5437456458328,2990.0815251074187,1750.3538648167496,1074.7987512229197,1692.4318932736826,1568.2862472447648,1082.0289206165564,1832.5065513769157,1872.6547468883068,1656.7856055602836,1655.2042710373269,3307.3316890226984,1681.2420000642112,3457.549722482663,2401.714734107669,2558.5695302256913,1496.361274521612,1263.7806985705186,1673.8483626755958,1678.1231606450915,1845.77562135332,1929.026375395628,820.3701913117708,1680.1833108963401,808.38304772923,2185.2380746501613,3082.7012425037287,2781.616409587556,1650.7755737259995,2569.810743618416,1537.4272930061115,3749.62176932053,1358.736770470584,2283.059633979913,1537.3416090095363,2152.2726955185376,6321.082198109147,2110.814716312489,1975.0497574135998,562.2536464312036,2803.964951919312,2315.4691108291872,1546.5469982568654,1202.5973335441413,2076.5984699091205,2242.384216552937,892.4103793502347,2544.723408019599,1899.6026511696928,795.5241960189026,3590.7932332346954,6131.559758944958,3815.1498949126094,6276.492839662972,1940.1462544735064,1548.4928335080385,2172.4350059365024,2532.9956863715715,6467.246692197037,3752.937046716286,894.5049660840054,4933.1986018456155,1696.519554067542,2724.766336266208,1688.44259375418,5568.029679281482,2296.027801716682,5621.17881818781,2546.965174266827,486.0538449010497,2556.4146819735697,1083.042304926907,879.9155407488071,6556.910457031662,1274.1005111051386,1594.8933021781095,2835.9466190900657,4946.545867402704,1585.6806474301238,1613.6589369068874,6595.2756332514355,1082.95862420842,2407.2210345551875,1978.0970940003533,3454.493161559127,2170.109395967097,2177.0491900147954,5855.7396739657615,4941.713903104264,1905.6778295792974,4907.125516388006,6624.095352343841,3025.9909833796473,3444.503654190239,6586.784468513521,2334.969485452937,558.2571319615696,847.260161945306,996.139598342335,709.7240100809424,6588.266322058568,2167.7232240144517,6397.1775336007095,1186.6880618345756,1656.020598614169,2209.708201869189,1186.2122972505701,755.6218082125122,1803.7687760779572,1063.0926255594436,1289.6737249151786,1886.980861149937,1738.6287245841281,2103.811528426372,1971.355447303785,5906.542419040389,6794.998061652866,1677.3712096137297,6286.895838892408,6426.910188984847,2168.4685765414592,6393.0043015700685,1869.2357449713877,6417.29498544497,6852.425342960547,6458.2828651984655,6268.35411794604,607.9075673620242,6385.605383609405,975.5636806843493,6543.852356018213,767.3473955094521,1756.1674006712585,1704.7110719836571,6319.270218511184,1099.6144750155072,6036.151743752802,6421.2712970272605,2724.591389469187,1115.9358560258881,7230.185545146571,2503.287634841499,6386.413321813711,1258.7489542657092,6486.418430848925,6530.401134938308,2654.7313757234438,1681.542917601134,6185.636345593318,6438.963668690366,5679.255016009979,6572.587385882495,912.0312036666327,5862.717514925845,4791.075544183945,1006.6972324709498,6144.3090724885005,6384.4495918351295,6330.1486211544,6541.8836791206595,6556.651818542354,7293.925528150382,2938.625246642075,6062.016091940898,5868.096494420896,5924.673325684256,6389.180143054445,928.6347621547358,6171.48050881066,6132.811200073931,6354.840014651159,7542.072132963854,6373.525371071415,6957.6930506099425,2544.884157261017,5656.863821914276,6367.862497924148,1690.2990723326075,7224.205546567344,4843.297228121467,6218.758721119739,1843.2740332734759,5899.395927936569,4670.594734349751,2714.695166025589,1180.813584733616,6175.856334481918,6066.8248692858315,6381.411605471455,6012.0269113427075,5673.090539890109,4596.124139886398,6653.962816457127,6169.108209469864,6539.371747682113,6416.602761948741,6774.323746483823,6763.017474559896,3745.630196416544,3762.3938519565504,2357.6488182918656,4702.009817582393,4950.608546772909,6405.618310280673,172.5254721630934,4670.313803548365,6530.109297407458,3270.918772393662,4887.4837657101925,2919.8672461296724,2649.8737186071203,6300.870180495242,5922.934927101734,6416.945034731664,6292.587069673709,6268.900210275338,5710.707235556991,6182.15445800949,2703.915136701622,5558.2498396425635,5777.647926005328,6007.125165931082,4963.231653141125,3795.6551774619734,6432.831315005259,1322.9576807869296,5847.25100094919,5391.800380381358,5819.435166895867,6351.176414241024,5836.498138515173,6275.75658970816,4827.273555073509,6019.610381180553,1554.9460765959186,6247.313675870472,5541.937889351508,455.7489096421337,6607.34068290615,6160.859047010266,1137.6323408276255,1165.9684517615256,1150.6376452100565,1409.2024940737274,3056.3172996488033,6509.8127981607995,5720.223276936271,5577.2409331383,3607.756585796194,5760.994814258918,8068.043888970103,6150.376575378208,6635.195839046957,5905.528364670978,3072.77934671739,6093.576019911097,3171.344431751104,4657.867731646472,4703.010224096421,7005.099812618221,1761.667934402783,4697.840782272798,4918.507737373193,6278.521861416977,6008.602676627465,GA
13077,44.234391746092854,997.6314248583096,1913.660156955664,3101.052177247326,1143.6040038311382,2782.83261362695,3499.952703626886,3415.4827899284137,2522.460147961619,406.82516292466613,638.8640820828024,1473.20666228939,1565.5822314517084,1068.3130274197017,1243.5176266074425,992.8422140753453,1266.2839040267652,1269.0632133128129,923.7861051289482,1115.813692934139,971.7097247976483,2539.9607835099696,3011.0757896963105,924.2360412488617,944.8214441600712,973.8648521353458,634.7543992977521,3481.0955195625525,1126.8520370001067,354.42185747889533,903.1969377081638,783.3235104799588,1268.7022946536547,7208.618929159156,1078.2614977562146,3377.950987739696,640.2574550500062,3401.2487872831853,614.4485641581626,1108.70102366913,3341.896154091333,3056.1119287281995,1366.6188349280146,720.7778667212946,931.7864937236873,889.7153658032979,811.3452365534264,633.416009119217,757.318152120499,2496.250947999989,1101.235541888216,7093.898003168006,1426.5440056398093,866.8407767043491,430.34119985545715,3092.508952491593,2013.9144948727374,5496.433034505316,1188.603619165484,1320.9545497769598,3025.6359078070673,514.9760879035707,442.5416392702272,1199.0221621184214,816.8060256328582,3184.623996654666,1496.4220680057833,2943.0711974559545,3079.686425056608,543.2416977561055,3159.424481767615,872.0373392212421,2446.1015360480324,7119.318407375587,1061.5322956206116,2028.831853892297,7303.881583485275,1063.564177072214,186.10635436023497,1416.2281596593964,609.596683557317,1200.6994517563053,359.73529863131586,541.9779379482625,1248.9759563600855,290.21464173720904,1320.83494278907,637.0624511858557,282.0214658255117,1695.9643418260364,704.2516044806647,1158.7987018135655,393.5220691687484,2929.083037905088,536.0827355888698,1575.2935711664152,1886.9945417544793,729.8587901537068,1241.203902332088,1322.8417541771828,763.3458169844688,1299.65599653247,929.7424185342967,3186.4935392030025,359.8943929948639,2631.896752850581,695.4123360323408,1589.5759871851806,521.0048643089257,1638.4103259704514,1041.2853128296676,7028.398874283639,1128.0410797223485,234.1497039653822,343.4024946400478,308.269860128461,3506.0806723027113,5428.917852074393,1135.237250436955,1540.0066774682791,894.0159244830622,346.99376194971586,191.4171371860508,1580.153933381775,3460.5271264042785,509.74787381522697,641.7554860023495,890.6500509485037,4596.620469134479,2448.9628873777297,1020.6798316924104,3345.066975211775,1819.0599124559385,2888.369958618016,2581.3750010488266,1172.0939249673536,3223.963892421349,3233.187018346898,679.2237831539161,330.9931054959568,2517.6862408050188,1157.9980035052172,848.7895301202639,1568.4936334345261,582.3447661158726,939.0871539362663,3551.821918634075,1072.5398180981565,1032.7667726356813,779.0842607995496,1255.1591990563506,1524.0433295618218,1367.149813474922,922.9866502509856,619.2068053880498,1271.3024701523755,1868.2193228450474,1975.9656520903927,259.82145759580595,1473.1713562363861,851.8824831321906,441.8262149720851,2409.23363303858,2079.7793246787946,2011.3337385532348,522.1468720104939,1193.1302419471792,1268.3217157527845,3284.890146086184,570.8469858435337,2218.400485566079,703.8590466609958,470.7056272702077,577.9592128425552,4343.391266283451,767.1946957904472,3448.686350908644,627.2103379430316,2643.9041399606117,408.1740701347347,860.0472089075834,2124.470942099171,1304.6171310526006,3376.943628065741,1351.058665933281,873.7389778249257,2724.297189394633,2093.508891412625,192.19114523823598,1048.2071259987008,2617.1912090247533,12620.243605268279,6135.444567591241,735.8401809737711,736.798759214499,989.9961892724592,678.3961789949152,904.6010148461484,2153.59548706557,1349.523149572115,1197.8406791432265,1625.8330471612824,2153.741150497767,1254.425792368652,4606.983330349776,1133.5141696708952,2633.962917631538,1565.8658868930343,1338.4061071712867,919.4158334206996,1587.5480831282714,1196.9687869564746,903.8758970018007,1966.9757672367136,765.1659078098484,2726.623574980983,1925.879710422366,734.8856415827684,1054.085600001067,806.628177208813,1475.8850908283216,685.2870955033143,3139.5886224763703,2140.3571173709392,591.8990392966422,1248.804884742493,3314.0861586836877,1298.3285761910565,1050.8643316868443,5561.146718549906,2790.138157725366,2489.47643397883,908.5988784393717,2165.8945971356206,1548.0356910691714,670.2425864991678,1395.9419142954046,2508.10253534517,7141.744106792379,5633.459486436542,6106.571965134123,5560.821960600926,6263.027094951426,1135.8950693818958,844.3929967683536,2278.1930893943154,1501.5989007950495,3347.299757775309,1245.364516625983,3556.247246991929,2473.6568917030354,3099.322322568562,1000.7011188699389,3344.8528076807265,1466.274204205658,5879.740381800946,876.5206261005237,1833.8027831338568,1184.6541113646094,3080.568950347663,4458.1684988983725,1493.005481122972,234.97866116936103,1533.7637252695583,721.9954812902772,3166.1639193353303,4415.022948991668,94.4723352241088,999.7134812156993,1265.5652738677593,2780.429857735105,2640.428473574657,5870.552866591745,7112.815781563485,474.7637389548334,318.3698727558506,355.6082442757798,1430.277108783983,1624.5976475589014,5572.668797172314,3402.3157285038146,7147.608466284821,387.45632992783584,979.228339505682,208.983977269536,2424.423895751979,1367.7054176081986,1271.573025588886,856.4849754317751,1132.8077811487676,5245.9307962802195,1249.6386395985153,2071.4207165909093,5973.141723673029,775.607446047484,1813.7394392512533,4909.483023098042,389.5788402661826,1790.7592290537998,2558.1093199786355,1358.585007362739,6564.015510499302,1779.8810452802209,954.0344906483388,10510.89992689004,2165.373317947053,1167.3992872487315,2736.124052961649,1527.1083023277074,935.0755681478278,1423.005811308495,1403.6575989785053,945.1805101557487,1567.9356977127775,1720.0078925068788,1491.8371404338516,1573.402776794121,3104.302964285312,1434.3866133776355,3272.8486030106988,2132.8211000455226,2322.0217486022852,1221.8725753572485,1117.1739359241308,1437.3086995481635,1404.1737901165961,1570.885276101956,1654.2213918256748,550.0911667853835,1415.1997020444587,533.9639673801398,1911.7925749786773,2857.949819738367,2551.2653839414647,1389.7414945020166,2323.8372359801074,1447.3437435379105,3504.7756782738848,1098.8549561907769,2042.7618481963916,1452.1050127288265,1904.2896599682904,6046.913093630703,1837.727296187223,1701.6186383543725,477.8563293444907,2599.172898920734,2558.333174673213,1305.0589448358678,930.1579574842674,1857.9297248380649,2487.733821796457,759.906520025881,2288.366971021257,1649.4134189324186,637.4254967752761,3385.2760908378364,5857.095876683504,3580.9842096806688,6003.651711827934,1667.8468145728446,1307.8429645285205,2047.17572584922,2317.482426004511,6193.963071557505,3501.222607356213,622.2053683462156,4662.296606670679,1571.5038576720788,2545.575768478452,1601.2765462908994,5295.441867251583,2021.7441074104559,5346.289924509317,2277.728717644145,757.7903756149149,2328.131118900459,808.2459634161273,612.9212176137214,6290.525655358525,1000.0285222576396,1320.6743325831794,2585.681819973849,4674.731740169269,1313.385401369606,1526.1489525725895,6322.214123273026,826.4517365752263,2202.953097910072,1874.2096259122115,3253.6055237347823,1961.6848330578366,2427.299611475441,5584.890917841895,4669.6573664125735,1801.2104492047426,4636.565430175217,6351.0152672198465,2860.821399897993,3197.444549462722,6314.453122371004,2178.661930394347,304.65103207643375,604.8993083588301,822.3622863136313,455.31798549456437,6315.016339894643,1913.3689249040149,6123.146315006132,1064.8112420755926,1526.24897518173,1968.7830817088586,1012.4947938325964,577.7059248042168,1533.8409362849245,831.3099714247877,1020.3832324817344,1774.3839086610449,1525.7670110996692,1853.071728938075,1822.629268089213,5631.922836794141,6520.664423823566,1526.9311926391504,6012.012170365,6155.027967273532,1893.591383145641,6118.118253882223,1692.4980568502415,6151.08683647666,6578.022561326206,6183.40732074058,5993.495713454853,383.9990038054602,6111.147530997208,778.9120625613875,6269.047317389454,592.6665230161811,1503.9496640471662,1543.433061259628,6046.437474217426,936.3137762458168,5764.963222746072,6146.8247800933605,2456.860110775549,961.088502859697,7070.719273939135,2328.522369468598,6114.093719882294,1082.7562174359914,6213.099440950144,6256.71099997372,2386.1633534898842,1458.003190944039,5911.172840790496,6164.467748926324,5404.365952015676,6297.885604882515,748.1791907393866,5591.969790844293,4521.713879614641,921.1217040956328,5869.4299971743885,6112.039229236948,6055.602459355363,6267.041005753066,6284.063911451849,7127.478788835472,2673.338562361481,5787.55336815131,5597.345065902365,5649.843679157782,6115.164120452021,729.5738036683072,5897.217727401193,5857.930696132251,6082.314155345533,7276.657477415414,6101.127786354792,6687.797674151564,2277.6435266104186,5382.812212309857,6094.833471791217,1595.3550760262065,7061.051477903119,4573.34098183573,5944.43742680095,1599.20522087351,5624.50907935486,4402.859765870867,2488.357227357913,991.427179089155,5904.898906291458,5793.159587358594,6106.886146693089,5737.234425780761,5398.322583311167,4329.079355042656,6381.67731154325,5894.598611745323,6265.763880211877,6144.336109736176,6508.8646194779285,6497.579677174893,3493.993719387949,3509.3786662680327,2146.8817444068204,4434.758035830731,4680.352376536514,6133.351576785115,127.09251577921042,4402.921726566773,6263.9209198220115,3094.7087580116113,4617.2833594395615,2735.738947799162,2450.6521303581803,6027.32886242992,5653.867318124686,6146.086065343066,6018.910968504406,5995.345165663242,5435.837610713676,5911.2876776338135,2513.235272316112,5283.358929491957,5502.826959851324,5739.241510488528,4692.698374496702,3569.2934613677307,6162.051688595656,1259.8466151486075,5572.3616086947495,5117.08156881406,5544.714751977743,6080.4601873598085,5561.915003575352,6007.547759177913,4556.511991167295,5750.89509794551,1280.2330691884395,5976.934351936319,5268.557723092285,265.2434436671007,6341.338025694095,5890.6974255746945,1069.5817570220586,1083.7176846413092,950.3124877421113,1158.667015190902,2807.286230906772,6235.092968439511,5447.8812330536075,5302.439602719563,3405.156488448647,5488.46905674034,7798.800357869821,5877.501808398953,6360.432559569776,5631.371312575582,2900.482611265108,5822.7974656051965,3004.847602826802,4390.34487622014,4436.086870527558,6740.594442736786,1624.0715682534287,4429.656280112855,4647.571396763316,6011.170222321003,5740.419694867161,GA
13079,111.24300665174164,1086.8218826646776,2011.9658801534736,3186.7093840168673,1219.8899889123309,2872.342877460661,3601.553217923351,3508.073243593995,2605.3799010323905,394.46955694764677,540.1735401533975,1570.3398312772476,1565.2434839078512,1120.0752828386476,1244.5754929378625,1058.1206937495294,1265.2625653496045,1269.4093605030812,825.8989135006047,1115.894680425956,974.0062408559075,2637.691838209525,3093.814181665514,925.9642037509337,847.8464691950587,1062.7835538664026,544.3523814167119,3581.8167746272093,1202.7277071248052,453.26168265439486,908.6032299964313,884.7860423026134,1327.3950269295574,7293.137215717212,1126.9910864434994,3470.132699227985,668.2750433625714,3493.979036992201,592.7799447027409,1210.5835529454778,3435.9815222258007,3141.087680629882,1422.4666306513516,806.3651805257097,985.4967739564094,927.4463525074518,719.2490295115809,707.6280804714827,816.1408872657963,2394.8909560956868,1188.8491843883266,7177.272664809057,1429.6193248670984,767.7671040241436,328.2671630608075,3178.67799150458,2100.571824345974,5596.924728155634,1226.8174639759536,1423.149549804452,3111.343964925398,611.290141820543,368.6960686865137,1288.7646997325944,806.643646827063,3279.8115709616523,1493.628538602479,3043.018695478377,3165.027819433223,628.1111389746786,3261.356148658037,848.5918872627884,2524.979013361501,7201.303125429076,1139.0525899183604,2104.5342275923354,7389.693500027089,1157.8139983431806,275.12196868344256,1428.5743811152054,509.8120661395882,1302.080509977966,268.56918954407297,482.14927818169923,1281.9826240278408,292.47954959556444,1345.674927551269,548.0342383851101,344.70144003941965,1700.49430921447,794.7263610745148,1250.7095921942087,392.52857088624916,3014.0589016354293,528.5628125694686,1579.6474945226246,1983.4621421188606,800.0939570659979,1338.780078501252,1320.1159825243665,671.7926066272087,1301.2764020472625,1025.7893093559678,3277.5884612286764,345.60780139777603,2733.7654557468804,606.5695269515984,1608.070930353186,595.1091021341966,1712.2607058716687,1052.3025485463704,7109.838765387399,1227.0371036303384,335.9588506552717,298.7831951709428,330.6220801576536,3605.808029325863,5527.456074153092,1128.8009613080567,1641.526294001016,993.9305332086726,313.01274217558984,282.23059523642127,1661.6110147634192,3558.8183400367134,573.3207761650776,589.5173063865162,939.8040454681736,4697.746999212446,2551.057170115289,932.0381347355916,3445.036945647068,1917.8040912863694,2990.3351682188454,2480.4239721299373,1173.144761357733,3310.8838339114673,3334.519982299933,720.6132450963999,259.55738823653905,2618.4928695775925,1164.9082665467067,925.7911767144227,1656.1473601927082,481.2279923384764,1021.701509737764,3653.797464334361,1140.6045011076887,1130.3710256124887,784.1186243896435,1342.9933691295885,1558.193734003387,1408.8674554070624,1020.2005493726056,629.444400665953,1357.617502374203,1874.2288544465573,2078.121971980819,201.64335300942776,1505.5693188854716,922.7353905283107,461.5169471108066,2307.4797936465993,2176.325804404109,2112.502179999524,545.9803812805845,1206.1227238229085,1345.0412101132754,3373.444746329404,534.7696781082617,2314.34282977314,603.7349565861081,372.9338673487602,674.3854938359751,4445.285835098004,808.7894253069478,3542.5510573313013,665.9857306119692,2542.7221320815725,442.7427214137958,840.776880512928,2216.5974002908147,1310.844214167563,3467.920146926624,1448.4273929757426,969.2469911073304,2826.4883582491084,2190.7509850664082,230.95924941631836,1120.907397642387,2717.704761602236,12721.445826264911,6236.005268702485,836.9661628991107,795.5533316181783,1068.120926057366,633.8187839733699,934.6106984645128,2254.0133097983507,1451.6329158854096,1221.9760917131007,1718.8047210843188,2248.710405154825,1319.3076742388075,4708.576591137198,1203.5488354368406,2725.3376402598637,1555.885563616787,1428.756738899384,987.2355331021504,1608.0663781922601,1237.0453146502834,1006.0848089394154,2055.3490789688767,822.1535894217045,2828.6556226711527,2023.9038017989408,691.8544408231543,1146.8858291023853,900.983156224618,1505.4875343106821,754.9453116064923,3228.259223766188,2238.7713257226023,642.1962161012223,1272.3397154806412,3407.020398937601,1393.5966773816278,1094.8440426257716,5661.892836149153,2890.2988100267157,2387.7487206580217,1000.3728178613595,2267.021198639013,1593.9213964663031,672.666067830635,1470.6523466148278,2605.106642816538,7225.7019844330225,5735.096352611356,6203.931970709158,5655.399430333594,6361.742278192453,1194.926044816227,943.0945759998093,2379.5126553414816,1503.6632149811285,3448.6611674741107,1346.2186807924033,3653.0994741947343,2560.844435124976,3201.011608382606,988.9193949017174,3446.5585363094874,1568.111341119691,5973.722494214463,922.6481191423964,1914.3605331822705,1252.490419576312,3182.1234176944317,4559.739595563789,1562.6120301439416,207.48033965338098,1526.3012977744033,688.2431677152063,3267.486262429036,4516.661381604851,92.4143757327557,1071.1699568131157,1351.2160244815534,2879.6553732042107,2740.3562578758074,5971.911439619384,7196.3755897051815,427.5105903318161,224.4565347064371,437.4725603262069,1532.2704126580454,1627.7151095023419,5673.755041195127,3498.687288916049,7231.127028879963,286.65406164594316,1077.8827950372709,132.09670210658606,2526.041605441318,1367.283545027042,1354.3500842232302,936.0956529571449,1229.2587660911659,5346.6306997596475,1269.1518345783827,2166.6775852468318,6074.365617284196,806.3638943973318,1915.8280406827857,5010.39960316835,449.3991583620477,1886.9367082143826,2456.8277345210668,1431.8474096969512,6666.0921665603355,1880.9365455397144,1001.3660486851024,10564.396714639632,2267.371906321469,1260.5901020699075,2837.9257275182845,1623.3851518464005,1006.1835492554545,1511.7093357884921,1432.090974220849,958.7847799315222,1652.3538980868161,1797.6925579849567,1520.6527444473932,1566.6406362655496,3196.7386019095366,1506.3127369922754,3360.766242494739,2234.563940071915,2421.3457372462985,1320.9129612597246,1136.2234418737278,1536.276354394406,1498.4628139954916,1668.2974845250906,1750.6947503197846,651.9104654003971,1499.9319511496146,629.6445748158112,2011.866057946497,2955.1546570568457,2649.5021111205883,1471.3550847047334,2424.66747304285,1443.4845784913714,3605.5809302352886,1179.4854369330924,2142.6573647616283,1446.2991149046875,2005.320241560444,6146.082278460583,1930.5920323769128,1795.0024956419925,523.2425125939527,2691.836696465455,2457.216780312028,1404.851301574331,1031.0759510636103,1953.427685042991,2386.341856673117,769.9153549257762,2390.33627056162,1750.6767555358488,658.1611433329106,3478.3852838290754,5955.836872157246,3680.108646864627,6103.937882872398,1768.6413645205782,1375.8039202231128,2059.4895036957582,2412.518007791709,6293.956553265013,3602.8519969116833,723.3657701359241,4763.453074505233,1582.6683025348873,2631.672866174844,1596.7595539061924,5395.886244675072,2120.951235478853,5443.52489627674,2379.3980918101647,657.8874819129568,2425.896690632449,904.9395703238772,715.0887807622743,6392.51043433691,1099.7401693103836,1420.097293195495,2687.0940867433123,4775.556599976398,1414.2497911638347,1521.5267762742988,6422.357171538017,928.1714264613547,2295.2824592948,1877.228181028463,3345.575101553849,2054.8620127750733,2325.4675472561385,5686.0448846388035,4770.377920266994,1804.302777268597,4737.82633910187,6451.145639592568,2943.2766315018544,3298.519796466156,6415.0093586576195,2258.048821081285,404.929141404665,703.9335989202867,852.6258666185481,556.3128789102783,6415.031547794675,2015.1393658892594,6222.477181664691,1072.5275166315014,1539.3401440827595,2068.7620916426667,1043.8341207349363,658.1882427826253,1623.044842591091,928.5585153688456,1122.1987301301235,1780.7977149887795,1619.6328371032255,1954.444679152569,1899.3189523773126,5730.36063919839,6619.600819640492,1549.1807614859424,6109.340572816307,6255.792829780278,1990.5477252882583,6215.016308154433,1777.0949543747186,6253.090141974414,6676.851478419929,6280.152207746253,6091.076253893713,476.8478978439002,6209.893759295946,866.7054661511888,6365.301317891924,621.2214393517587,1605.4258564746924,1570.6726352460348,6146.7277931448425,962.2001108504428,5866.001589509599,6245.589709670803,2558.7622900804745,983.109365623356,7152.781278462736,2413.2599804738484,6214.659347277337,1115.5204474046914,6313.0668981210865,6356.3786318384,2487.946104664313,1554.2842779656844,6009.913357641378,6263.145386817373,5501.351708189512,6396.103125132621,825.7274813866376,5693.155043365207,4623.27559278188,912.3528481864917,5966.8243317764345,6212.559620715097,6154.186871332012,6364.718636477655,6384.488279124384,7211.435080428922,2775.4606140532164,5886.297859810198,5698.529083623529,5746.2427382945425,6214.512048896333,772.2823858746326,5991.910558402832,5955.307221833676,6182.7753688910325,7378.720669870399,6201.6548401339405,6789.200769713427,2379.6134951824297,5477.0972965532455,6195.0018110653555,1654.6904610218194,7144.113435022758,4674.765142818447,6043.40321106687,1699.5737325539685,5721.788185133698,4504.706800931492,2585.7823715051927,1030.4778158981933,6006.01236998453,5892.858525516653,6202.186662835596,5835.16298025813,5494.42077841086,4431.015886029996,6482.2548081496725,5993.256514444532,6365.502860128852,6244.926954241197,6610.9294224122605,6599.6461874280885,3595.6149343423167,3611.133047912319,2240.735544142261,4536.668063579511,4781.696942456312,6233.942582256263,30.930062475441552,4504.8146704330875,6365.925138856856,3180.308978888531,4718.644164983266,2823.2618314516685,2541.882407676233,6127.127990718454,5755.469374301475,6247.2270952760655,6118.59571963658,6095.133658359056,5533.339439896083,6012.430149423232,2602.3387798469657,5380.441979478528,5600.63550913746,5841.047159761204,4793.965723914895,3666.961020714415,6263.217341915011,1307.2785118953325,5669.354616429629,5215.275856092254,5642.894115844666,6181.646663519919,5660.434328499217,6109.299609729028,4657.714830874941,5852.563127078523,1376.3862183588674,6078.220761708002,5368.499894069275,343.57513647359787,6443.358802992879,5992.044236310428,1117.616170841146,1136.6970615136431,994.8518813659252,1259.81281419004,2908.57378646932,6330.985706096525,5548.44902172334,5400.341422350903,3497.581812654203,5588.942237112576,7900.339376924468,5977.770339204051,6458.45781343534,5730.564370560769,2984.9255832071344,5923.96911578822,3087.753917749161,4492.221018368476,4538.035592371411,6842.720574416449,1640.8475503580485,4531.4360254383755,4748.717245700766,6113.046698185618,5842.179124896732,GA
13081,201.5403699317028,1177.4582624265715,2074.6115970134247,3226.9114475396777,1251.0342764813722,2918.4768533096394,3673.534539860591,3558.886833361496,2642.1923324344625,449.45168062123713,453.23070548355133,1658.5261076874954,1617.036163508057,1125.1194675715506,1298.4200694107892,1145.5533180625625,1317.5535086037787,1322.6536999910118,738.1303561449641,1169.6381049720035,1030.0814050966503,2698.6751340064616,3129.9957181659443,981.9734183891987,759.3560134407074,1153.4457678326178,453.56365361757935,3650.329831372924,1233.4583312386285,540.0439714780227,967.193368466848,967.6932929180555,1338.410899091854,7330.478132516354,1128.9709629206075,3520.2686945254204,655.9900055626382,3545.0374905864355,635.5982079168182,1285.002201370257,3489.444550989328,3180.346490576687,1430.1128994700532,897.1891812003861,1069.1320624093796,1004.3538833648123,628.7235768044106,797.524052907973,901.9789315961307,2325.31650102408,1279.623595815814,7213.010050144845,1484.2189386157736,681.2467477076042,252.1158572500037,3219.6223725768177,2143.1458834230943,5681.592925784375,1303.0593896519372,1501.8189721777535,3151.66484070595,673.6178693737817,365.2953404384696,1337.3920160745115,855.2381514658763,3335.3691677181732,1543.8467758971294,3109.287888486634,3204.791373800481,718.9364893378786,3335.2670132905146,886.3936967236772,2556.5366613273577,7235.10348615257,1229.2204408294451,2132.648443873537,7428.895814522888,1213.9329461715786,335.0521293518337,1489.4150808443915,424.4172206783117,1385.0603026550293,241.6879652468631,491.7696760478105,1355.4139744536176,360.72279277563837,1414.4117831447054,457.20465585839463,433.59267191927813,1755.4049921109797,846.6526344740547,1340.9281296532313,363.7488146426625,3053.3999399221416,583.11162289318,1634.7193410865489,2042.2666118093973,889.1115854546467,1400.6414988400738,1370.9681299543558,581.1619320262232,1355.2941757977255,1085.4607027991574,3326.012546066039,308.02528082798386,2807.3678795264227,515.7398897038638,1672.3931167072344,685.1248102806751,1738.890627436843,1113.6817470131841,7142.9100699838955,1313.7223100847173,412.8840970052103,333.2492712595094,407.04021777194066,3671.316183674624,5614.590303621688,1177.796004746968,1724.0442871951414,1061.8209338499344,260.26677100494265,372.07487536894934,1697.8228445203742,3620.727142807254,596.991109608898,604.5793498814025,1021.7523296742343,4781.140626704582,2626.4238135982473,841.2109065232423,3511.2629386396557,2004.736755837669,3064.528319143232,2412.5379241651667,1227.2919154660647,3352.849656453218,3405.3488967143817,719.7397565935995,178.14781978107902,2687.542079401329,1223.0878629854499,1015.9664527646892,1700.8478500246024,398.87650932597916,1112.4477110483583,3727.964618097711,1228.7401225632846,1218.2113062080707,843.4596795498393,1433.7629144876917,1544.1271308926941,1402.5156815657665,1108.2914342432873,693.6974721194575,1448.443208840557,1929.8235094221218,2154.346820436091,232.8602741273757,1490.0805064230367,949.3918112217173,447.6558595851837,2235.893229158994,2235.1242307178823,2195.899665031712,532.8628315970604,1268.0955650386068,1435.0165379465686,3417.8262302794506,566.7870033914562,2371.853607292979,518.8568242841782,285.0245814162071,762.8597763485004,4526.128151461155,806.818435615683,3595.5774546386097,744.7218523429545,2473.875641087864,521.9324296724459,882.0399955878537,2267.420133022342,1367.9978119439133,3516.065028039033,1536.4515433193244,1058.2506008231653,2903.1820244138225,2250.956573333553,252.3564280429207,1210.186917812732,2785.7636195841656,12791.032017096311,6320.545552650383,920.699386760033,881.4209543829946,1158.4007208078606,655.721152254896,1007.6086166713903,2338.8686348924425,1527.5666518851908,1290.6545836789915,1808.8043996487847,2304.4383062838497,1336.9854454880044,4790.648616794072,1292.152126867042,2774.5274565821746,1600.5314602979113,1519.2767786220788,1075.4499543385975,1673.6374278888645,1314.18186613595,1084.428282131124,2100.4869358542073,835.0951013367447,2903.396245504607,2111.465095332843,714.2415573485613,1236.875166882669,990.4391454614563,1487.4485276882197,781.9724112962273,3272.892504972252,2301.506453358767,725.7145014864842,1340.5184953014286,3458.465201231082,1482.7647615058274,1174.1503561154852,5746.0913660436145,2957.2293760952793,2316.28838452768,1053.0813267456097,2337.338647256351,1590.9075897933212,731.5020124409241,1498.9724384386227,2664.5603586914817,7262.254860004521,5816.989757106008,6292.0235904629235,5744.956825930911,6448.707772257242,1206.9614222684454,1030.051842616736,2462.5108426612837,1557.3358533001194,3519.587864136705,1416.2211901830735,3711.8251029722937,2603.710762181745,3273.506671314004,1034.7644321726111,3519.096949460424,1641.9724736590383,6063.498114908802,923.7306141683985,1948.9083356519586,1273.7315653620856,3253.958214800874,4641.890873083,1584.6873500905892,173.6424283894683,1572.9548316016635,719.2640964821541,3338.2844013185136,4598.581277339339,130.01200794609383,1097.4552102801802,1393.8300877098486,2944.0445023360144,2806.6692695086144,6054.681245324769,7232.370288327074,452.460404496729,133.97044179559924,483.7442382994693,1612.8829668859992,1681.8046784651776,5757.227101148058,3556.4758628549976,7267.057375584904,228.5951734821415,1142.5820691394715,59.338656491501716,2598.335447765583,1419.6206296270825,1393.1059574919634,972.8317319606513,1317.827572222373,5430.922163454366,1334.952583427463,2223.004399101159,6157.494865827624,880.4079222248292,1995.6778561666345,5094.259862884534,472.93697062613256,1975.698564349792,2387.582678031537,1521.107531320135,6745.703552333818,1964.6125330148318,1002.9048175226643,10563.91561772134,2341.9814517499285,1314.661958454872,2911.1057720071367,1682.2214302188331,1032.4969169161664,1602.4243602644517,1502.6779230859986,1022.2844464664437,1743.1530585685925,1828.8087066510493,1591.2761123364771,1613.7044289670864,3247.424428183802,1595.2343792664187,3404.1896888601564,2316.2306022489192,2486.178937958595,1407.5539235417984,1202.2053940961532,1600.9112238632822,1588.0298971444906,1756.3022851332653,1839.288241539893,733.8695095746781,1590.7455105692911,718.4660335210516,2097.2556691523846,3014.863469888359,2711.608765351251,1561.9739228638434,2493.8673028694416,1493.0791170166135,3674.374891154564,1270.0448680646996,2209.1524132628642,1494.4455303224506,2075.40910398967,6232.574534967842,2020.6329982502787,1884.888962092672,530.5679314455501,2743.1872729541524,2388.676884010837,1471.7006552413106,1115.166862564334,2010.400649333467,2316.622678826969,832.5366396847047,2464.693935672827,1821.7811798675991,728.0782412610066,3530.1041877428625,6042.776911187082,3744.007445408138,6188.945407781782,1852.861359312692,1463.74687570707,2119.070060300905,2468.245745148703,6379.407826671551,3674.9751283096166,807.081833212926,4846.773217153774,1642.3455977413166,2672.897783527753,1645.417151211543,5480.637890765491,2207.413376977689,5531.700117595532,2461.3248559181798,572.5892935686401,2487.067765947133,993.32745428604,794.8410556724871,6472.7851051574935,1185.647048284723,1506.3293347562478,2758.408258438221,4859.610494154599,1498.3738429524442,1570.3181524803667,6507.586305497396,1002.1132050521446,2346.369419580339,1930.7214658015794,3395.4088567356653,2107.6033485027456,2253.3850435582885,5769.354814011424,4854.637417614789,1857.988021607215,4820.884149602914,6536.393853400528,2979.179512817692,3368.342104120988,6499.5561443557735,2290.572046953962,476.8069481666567,770.7785406717672,926.1596769657804,628.7932937677845,6500.450774357342,2088.3945516834906,6308.785607578309,1131.669428360415,1600.3796801871451,2135.532043127826,1117.0873756664944,698.6453414171094,1713.7186216512396,990.8103297944948,1203.829960663288,1836.8473334028656,1674.1073006770127,2025.8700656482183,1929.000773835744,5817.587638504332,6706.342842077681,1615.9206263685348,6197.454021566286,6339.948111775746,2078.8638632170173,6303.417096052207,1817.268002053308,6333.250526457537,6763.703764384629,6368.648991894143,6179.008151785152,535.517388031882,6296.828679909794,914.4017085642348,6454.084617684376,695.5523925059751,1677.4957301191305,1640.3042407321109,6231.728354643686,1032.8538250538186,5949.581550252429,6332.5061171637,2639.688304511872,1051.4922155955817,7186.696959744196,2452.7621243009776,6299.190946559957,1189.2801207766904,6398.555403051108,6442.273982141081,2569.424032496192,1613.2267974999966,6096.853878669314,6350.1474589148465,5589.692879965869,6483.52635212252,860.8837170844585,5776.38771300304,4705.456236761492,961.0270398827478,6054.890794220743,6297.171979374661,6241.278211020887,6452.578616763945,6469.265624665592,7247.988221278923,2854.865123646197,5973.234439241724,5781.764742226502,5834.941326990453,6300.800589591066,852.1298509165613,6081.4251950018925,6043.386251160803,6267.491250187646,7458.423122311198,6286.2554993280455,6871.830016453258,2460.1955714850187,5566.762837715654,6280.193653127285,1665.1914597882874,7179.418282373447,4757.373173953319,6130.114852718687,1767.7220228931635,5809.934332819009,4585.77852154626,2646.1314279968074,1107.6586222006624,6089.415310293749,5978.714962832838,6291.445641310223,5922.8256269317335,5583.283631475177,4511.636900026528,6566.762650680844,6080.2775597575965,6451.304959216413,6329.412573621902,6690.6387927443575,6679.342247148726,3667.698682054926,3683.908562119112,2294.469453291764,4617.427029120863,4864.529253302687,6318.428005921747,87.02845599600857,4585.662847763478,6446.07650620032,3220.433185688836,4801.432780184719,2866.41828472232,2590.968073843569,6212.850774813026,5837.485269445108,6330.560377606234,6204.469747248047,6180.870878185274,5621.3270431486435,6095.763202049264,2648.0379349581785,5468.71895390281,5688.392469484356,5922.2666999377025,4877.005485097398,3727.428919729403,6346.490155579456,1306.9500530994087,5757.6919373357605,5302.716729392708,5730.348681343811,6264.868940114029,5747.586285361071,6190.742679090214,4740.922716840248,5934.339935716819,1465.1289917785714,6161.186560165501,5454.029363263688,389.54170210583857,6523.397173660301,6074.846641718368,1118.9728157219427,1142.858588526675,1074.6764985878283,1330.9169188052228,2979.310357453355,6419.960891565463,5632.983017916544,5488.024207728254,3548.118473552525,5673.642619726346,7982.531428014702,6062.806963906802,6546.043280738058,5817.03068076833,3023.536626453437,6007.231984721228,3124.168826577336,4573.153547841497,4618.5840386282625,6921.862139955492,1704.0247410811467,4612.806422747416,4832.063437374167,6193.927586050953,5923.596977431924,GA
13083,167.62431066907283,818.9898421950443,1779.1075917251999,3006.88841477614,1085.896894825135,2677.9495476676066,3344.918397362334,3299.841670250049,2437.2716575471754,416.8253072748852,817.0643971151982,1293.6998956904492,1508.2745961090475,1069.3688209802929,1187.889999671284,839.4625109304857,1213.8681583651214,1214.2565140431618,1102.6275700773365,1064.1459012596456,919.52232825402,2406.6548548886663,2925.167821142311,874.357387682692,1124.1866861453605,795.4034701145431,814.9382434072818,3332.24076118849,1070.5091531707305,176.8174025667408,847.5623844131136,612.3787439201261,1251.3236633664112,7113.951610473408,1085.360719430938,3263.690706743868,700.4652278511064,3285.1649521535633,619.6753598980786,954.0267606708687,3221.31204849325,2963.9518536026912,1354.0659917466596,545.4214557124778,795.7814931675656,779.7732671202274,991.6042104332396,472.5225275168456,616.7802707898436,2652.4580689585896,923.4278146878876,7002.335812091552,1364.9577558113795,1044.703874729903,602.0356361035235,2996.9058817080463,1919.8805615293275,5320.952284081321,1072.7542998733709,1156.6708203613969,2931.4709468723936,407.97041031506194,549.2630813142591,1100.9391937621995,791.4058968929062,3060.332479786559,1444.0351395452124,2798.9468239743787,2986.4542905948915,369.92451530156194,3001.263895333832,868.1945815510455,2371.946104063313,7031.383253636466,892.7195387659622,1964.564923004597,7205.659508027329,950.8928502501652,183.46128473313956,1339.227729589626,786.6910911472604,1028.6639374045083,501.0177385668642,618.2499498405975,1140.5396373817034,299.9144285323856,1224.5443701640093,817.0741054370488,173.51303792015148,1629.253120684788,613.562330935165,978.9009747098947,511.67526756662727,2837.1789464787844,522.6227823939898,1509.956345472923,1760.3524216840383,572.89101242819,1112.8984706130454,1272.5194794766533,943.5874974294278,1242.212359784321,811.4956929938356,3075.975930379347,495.113425858324,2474.757588457077,875.3556304965697,1500.810309093715,363.0628986670772,1581.3243653664956,972.4422032293187,6941.92127674776,950.1974255095067,118.37713338664841,415.072223616276,277.1059837262204,3362.6512522855487,5250.520359387588,1094.4922718538091,1368.3935209387835,756.6647277245758,500.4632804861862,34.26354235169008,1503.495183154135,3323.7908254493977,508.8710071233409,699.0632288554813,762.3782247863305,4422.899456194723,2288.8716653070865,1200.4153041442146,3200.503567188875,1640.8831901112146,2729.9318298199732,2735.051333467873,1117.6877213015757,3125.974955175018,3080.4086245892913,713.6233256938432,507.11149386557724,2369.050502772373,1093.8256263519258,681.7302515294243,1473.8438202084756,757.2272735196892,765.5995033811759,3392.960769274353,914.8506633188483,853.5347875541303,728.5065917099063,1077.0714373566746,1552.7690890569675,1383.4002499142719,743.4818039467966,567.8402404329095,1094.1709311042805,1797.754910992175,1814.9337787362986,365.32986106012686,1505.667902477312,814.8943404395146,528.653084987771,2568.374793737126,1952.2684677562397,1838.0315487386788,596.2869356404977,1118.0873825353797,1099.6431989314149,3182.012090554705,604.1882961517119,2092.9183043313974,880.4736733205604,649.4916919462537,397.98191669668,4173.418119096339,797.3230390773211,3328.7381584210493,524.770732213178,2798.884016820537,333.0321535103222,849.1801588347138,2012.8782693836233,1239.2741491463973,3266.532461225066,1171.6874163285195,693.5683191119846,2561.6358102104864,1963.124648487804,295.4202101495358,884.9350554043323,2470.239418744937,12466.537804103276,5960.109202353934,563.3817271321938,596.8448202149569,820.8464835584376,720.2496268061598,807.0372157726528,1978.1033382305939,1190.5225286422278,1104.3057349778371,1445.6497329278875,2032.090514258664,1223.247525339445,4435.146386040184,972.979853583206,2523.526578869713,1525.1511360220113,1159.0010139747428,763.3381643942557,1495.54590868186,1078.134048529338,742.0565655555981,1867.967122211537,763.9357648549983,2567.365257705451,1747.0072044882238,771.3830983232554,873.9896068933366,626.3680112844154,1513.414081706802,657.8676129628135,3036.595378413235,2004.7795592949067,471.09555256671166,1155.5315421778955,3197.435056735553,1118.1495140931734,927.9324091725148,5386.278447422169,2645.013777808798,2648.3481546609587,807.7221670924034,2015.5377060525989,1553.9845286545765,629.5619348604356,1338.9581407081098,2377.853384573505,7048.609477524852,5461.783272177201,5927.262897978817,5380.601097504901,6084.807167100547,1119.9781126212263,666.207343779096,2105.4094209796467,1440.876056821769,3194.246773983892,1099.2335275885014,3425.325948628621,2376.489152756977,2943.6993638401923,972.3615409760604,3188.9550577668324,1310.9844513335715,5699.480938678648,893.9887965386054,1757.9009296902145,1147.5755491899076,2926.13627454301,4286.232787086913,1447.6893303614115,392.70888329575564,1489.014647718327,742.4999044613064,3013.5030723922882,4243.4311188661995,265.0107252263805,957.2688841432547,1179.7155210568167,2640.092744965208,2496.713967273484,5697.615539823436,7020.753802601728,534.8519367570901,498.300059770366,323.9798734542738,1262.1272226481715,1560.8774798107004,5398.777831780633,3273.3917946045867,7055.638127443543,548.8957477198377,848.0158658746848,388.4814775123946,2269.921473285945,1312.8122629907534,1194.1473001816948,795.8334743608197,952.9442493518376,5070.952547887539,1162.9229004152976,1948.9251098589514,5799.699688829118,680.642629740295,1646.4322913673245,4735.099650048944,410.9047219587662,1610.8358915286974,2713.768000393057,1193.3497198503935,6395.6133498037325,1606.2433459411338,966.8768167473307,10485.812650496497,2007.0074462854745,1057.5698366446372,2579.629358106089,1402.6772323318862,895.0718425844399,1244.330822772487,1300.742315777187,874.2424883487984,1391.8723136361975,1652.4782527012774,1387.501077107628,1527.0286100967392,2989.5856805226504,1270.4103682716698,3171.873815843574,1962.200666974346,2181.815652310474,1044.078838001931,1033.3141534075066,1301.2493715069659,1223.9113565060334,1391.5529050149328,1474.4032533963766,383.0052154696383,1239.0450170576505,353.76243046770105,1735.595229941851,2726.3690265641376,2415.760537764077,1216.1230890311854,2175.2733163777966,1397.3510886835209,3355.3946469002753,926.7465285312918,1900.096465189859,1405.4128175162368,1755.0129299627247,5869.209359361179,1657.5489268449212,1521.3860103473714,518.4235396946261,2484.574216443521,2712.9819320717256,1165.257466186475,756.5512746152859,1735.1913956369158,2644.1572101625743,701.4388894268292,2130.284881774704,1498.9507164758413,566.283767845538,3267.954249397569,5678.9031043196655,3440.4214587225238,5827.723306590413,1493.4186965976232,1148.97194235026,1965.3040749343195,2195.18330232814,6017.479778917696,3345.938854055461,450.271167590677,4488.673063448743,1494.8610836662053,2451.391806871117,1550.7578732860984,5119.859942316443,1844.1297894535917,5166.903515070615,2106.6192464841297,934.6999879464247,2195.039828718577,628.4429447405008,450.6782335459778,6121.160360130817,823.3240950545337,1143.416217233425,2432.748978837324,4500.099412109012,1139.302018318248,1476.5785227750573,6146.001892619455,675.5730161434908,2090.4426906813587,1808.6857476947707,3140.196028137725,1847.0480130841568,2587.1074616043343,5411.2215856743815,4494.748816742078,1736.0820123060585,4463.311801803011,6174.7788654062515,2776.0122452255005,3046.5059711834224,6139.1041378732625,2104.180172899915,192.481133673165,478.7165353714807,726.6818581279815,320.62655120823104,6138.570187780025,1757.984030804768,5945.649890959512,1001.0866975436804,1446.8619873042646,1825.8094047725185,910.3479396633516,526.5334150782897,1354.8724558363158,709.2021032513505,851.2016900860448,1703.915088850825,1410.6408749700463,1701.342780683196,1757.0078208085952,5453.429890419579,6342.683652264218,1432.6812362370276,5832.683710056934,5980.194355204189,1714.0069202874179,5938.555592940128,1606.1596272307995,5981.906114706772,6399.9228728952185,6003.77158171393,5814.325843570716,305.8062259227744,5932.960078976285,695.2380619407472,6089.209272962369,510.4112775631625,1352.1095781390495,1441.1321856831298,5870.516828435292,844.8383597594591,5590.915446309662,5968.6570116627245,2287.27307198254,875.4893080794342,6982.609118036032,2238.8724463934077,5938.7702222101425,977.0450100461957,6036.5703874371275,6079.692992243084,2215.721321166084,1333.9199787465675,5732.979529092073,5986.209215981446,5224.843967231056,6119.197057139585,696.9855457165365,5418.406469162674,4349.728213089576,889.6952647062709,5690.1408285149255,5936.611571417211,5877.250358375897,6087.937702286672,6108.420267941589,7034.355543947265,2506.130238196643,5609.364317685583,5423.777312021477,5470.057393994282,5937.690445436812,615.9897740214468,5717.010645671582,5678.630584820217,5906.754377933888,7108.048899719525,5925.71551729655,6515.00917603415,2108.714143273733,5202.566405086382,5918.672111073414,1572.6829510005593,6970.331267062002,4400.732559056809,5766.491149052543,1454.9033760279333,5445.149693211814,4232.531070539187,2356.417366496219,877.2295876690159,5731.085127050702,5616.193357799348,5926.777921840029,5558.311315291184,5218.4252792004745,4159.44469333799,6206.376644702774,5716.320042496795,6088.856322398882,5969.071219041905,6340.3212069303,6329.057429658105,3338.784118134621,3352.9499303479856,2029.281202678487,4264.896484450198,4507.4140631603805,5958.087276119593,295.15604587981437,4232.930191074343,6094.741914822731,3000.717990873537,4444.412789934871,2636.9317802358714,2341.0990562006878,5850.51923808484,5482.01329952688,5972.355424595129,5841.9209839782225,5818.5186692815605,5256.614021496901,5737.569072212048,2410.209026076994,5103.887580898399,5323.813632393349,5568.535045109044,4519.465565124095,3435.0962237453887,5988.402851133987,1266.3253674786008,5392.844293958008,4938.370826995298,5365.99236334319,5906.884644094072,5383.499293750791,5836.491457651807,4383.053827097748,5579.37724146271,1100.2726639969549,5803.71796758581,5091.995717190684,265.6042338650821,6172.3196629682425,5717.7133412269395,1078.2754066665543,1081.8991098508698,828.1611933149271,1010.8069213010637,2655.1222380416602,6055.134626239159,5272.576438293043,5123.494755854973,3290.0688740652317,5312.9469681421415,7626.562445604773,5701.539757120064,6181.586234898648,5453.698965088704,2810.129499077685,5649.179723202768,2918.4971945243183,4220.2278524702415,4266.544743953113,6572.881260101263,1537.7943443484821,4258.876271145312,4473.912638666858,5840.935298036197,5569.423350519408,GA
13085,92.65726276633242,898.5141551602013,1908.9985929936454,3134.077975415663,1201.9845797377084,2806.7300713329905,3470.2189647693426,3429.7188338764677,2562.502519227727,306.50826450952184,721.6726267294714,1393.460826816592,1443.5066147737048,1160.8118061992627,1121.4158101595287,866.8825735508425,1145.2621656443891,1147.275739153295,1007.5922298596024,994.666549347164,849.9324965714502,2536.555154950125,3050.707564631473,803.0232579143537,1031.2801334593348,874.2739515920892,735.8213226001981,3459.540077063983,1186.0920370511885,294.3595723397624,780.0761555539732,731.293908004033,1351.997964230074,7241.608905950514,1173.8268154738478,3393.4745749715576,756.3818288643345,3415.0679827160357,514.8582410841949,1080.8708624227706,3351.410938179845,3090.764438724047,1452.8005528366116,615.8892661510024,800.8063226657098,756.9504007648877,909.1045321671248,514.0524987506635,627.8981360629427,2529.227705974049,999.0235257000467,7129.451213504967,1302.965179483388,946.7975993722483,497.10511882022627,3124.346290584603,2046.7086866290024,5429.275922678413,1055.7859947930451,1278.8087488723345,3058.645185760899,534.358462349025,419.177202216056,1227.8731198059907,704.2211043144364,3190.488601163999,1375.8316104244873,2927.422053405525,3113.470897596756,437.8811385778306,3125.3370757565403,769.7149271798503,2494.459145375222,7157.818193181745,945.511580953248,2084.016249880172,7333.877934239452,1079.9186792791568,257.0320495095271,1288.582951053809,688.6061250704859,1144.6731595296644,377.52234034771743,490.48920353622384,1116.4390849832075,185.68939971941919,1189.5440178080396,740.1735490126608,152.81082334854264,1571.2613720612676,737.5560840833964,1065.0624583962654,524.0925026911714,2963.9141465379753,426.11303289051216,1450.8390408414948,1890.5090903706491,607.0722044539648,1243.0522153696415,1202.6328363879072,862.1822179636971,1177.1044670742795,940.980214605883,3205.4364048188013,492.47745074061515,2599.4544341693627,798.6675742586809,1459.6893589752717,401.5255575646701,1698.1165535221153,914.9313759123925,7068.0601445306675,1056.8923228629944,239.27938716368664,286.39913337931733,185.0592791133538,3491.175729419032,5352.154827959979,1017.9485878313072,1484.1288492783856,886.6913790144057,479.02129604625367,114.8942969205554,1626.0417426961346,3453.3081504152588,597.0133843930381,575.819013813929,758.5953442825215,4534.169971781209,2412.2831931507603,1123.770825113904,3328.828099729245,1745.0206805886985,2853.961525814189,2610.6901507887437,1050.212343922252,3253.8353832610437,3206.5777817787034,785.2932681382829,450.2128405012221,2496.6185717239373,1033.17288487988,732.2506321660259,1600.5106473613364,654.9692121148113,829.3040385906386,3516.6046159351176,948.3985966549402,956.0838517749756,656.9343755368975,1153.1426593799342,1630.7493127190091,1467.9189628231366,845.3603066939363,495.64976982293996,1166.7166548550979,1742.655797445337,1938.1485993677368,236.17599971735262,1581.40927096918,922.255963614256,565.0734400383509,2446.652539327476,2082.4185903845228,1951.1082236814404,642.1620500276098,1065.5998869722644,1151.458489606116,3310.6045049154773,487.5456083757782,2223.0741336624646,780.5000661341785,557.9977615022747,500.5153593389239,4289.172547630999,872.0297191101703,3458.8203111304933,494.50813627547666,2675.0448127157265,276.84569170733073,754.2295472944887,2142.2903795120064,1179.761842057029,3396.0001851682264,1272.432857632001,790.5436947143306,2683.5192077620927,2093.2103391865376,315.0428882325696,927.5888296857562,2598.187215389177,12591.590201612467,6068.579790139548,681.089081258947,607.3220743431432,874.6432317660237,601.698491086939,772.6870237691193,2087.743995050408,1315.3614281548396,1066.8133450036928,1533.87250546574,2162.1734204866298,1329.763333857095,4548.831203144477,1010.8023883985668,2652.914479843942,1449.5035804921936,1241.0313996138311,795.0150244879919,1457.1040206422906,1064.154913965597,866.5866843189542,1995.6554614578329,854.965011132873,2691.0665732317784,1848.721733404754,654.9924640552395,962.6977636535812,720.3463705985963,1586.2286233624516,760.1445529167787,3165.1831043781453,2134.556290332626,459.7374206996241,1117.870914024421,3327.366041504509,1212.9504126624865,918.221100475845,5495.623529038235,2773.3189883377067,2526.442262452629,934.6636021988428,2142.771732653656,1644.187725861,550.6637778802922,1455.351934335023,2507.9181640978004,7176.004515396993,5575.4645860296705,6025.330522882703,5471.466239016218,6186.841009436969,1219.6221589457682,773.4672642190608,2218.9065722790065,1378.3881558198718,3320.298127769773,1227.9943381372366,3555.3095888217235,2504.0500621950746,3068.8664676575067,887.7983233619077,3313.950802769846,1437.1391156076568,5788.858583638069,976.2205121778128,1880.4914419430481,1256.2674033237295,3051.7613292462206,4399.835083019634,1560.1724144409734,367.00521655676766,1415.870406606426,632.0289338002956,3139.72669466703,4357.442610983227,225.67630656970348,1067.4307842366056,1304.1495422600576,2769.230450699661,2625.3241611278354,5809.710775604522,7147.959545266976,409.61198393989486,415.7099965158535,422.2391573581404,1381.3281353427192,1500.664307387937,5509.613659165103,3403.4703680950643,7182.829456043499,435.00957653520624,978.1724754207387,323.2846287543904,2395.7331496303864,1246.0832391779502,1316.468100667521,911.8815465711032,1051.5869948311017,5180.175915133046,1119.781514030751,2079.028472815793,5911.103163322376,643.7389398872092,1765.7776022332325,4845.330773970347,485.4763198405227,1707.3348346675104,2590.261599396103,1238.5130624889246,6512.488646512926,1719.1463315170472,1051.9073188290374,10592.93222474913,2131.3878306599468,1186.343605462562,2704.557087521764,1532.789750180618,1004.028249212203,1322.3758193615015,1271.645723417491,818.0355466451261,1460.28755542757,1772.624610712178,1359.7307773261634,1454.9897059748998,3119.382928881427,1313.2213733259555,3300.1976267660248,2078.2697808786247,2311.0527838725297,1150.5707419431274,987.6477753366825,1431.1376132639953,1315.8440554140016,1491.9557021411008,1571.9255103579812,506.8444129692767,1308.0792564778405,454.5499680795685,1844.2214383464554,2856.3508445636,2545.488309005025,1278.3863557810953,2302.920243072657,1327.476326139919,3482.5469663103886,986.3829305637503,2029.0376480395762,1333.3861900189702,1882.6523453265536,5972.722013885992,1745.3112880979145,1610.574600396879,584.3356672200006,2614.31809345726,2589.03377225108,1294.8704313853536,871.6919859792772,1865.2867486475927,2521.031164831423,635.263588033555,2254.7249371284147,1626.4316791203655,508.86331945672185,3397.9243301133088,5781.085623117968,3569.426368505362,5935.147893391525,1605.362141946899,1183.7347942775427,1918.970135568511,2325.294353169862,6123.785549633956,3471.1426124995974,569.5512011598547,4600.065493970824,1444.119505815185,2578.4492839091386,1481.4660251669031,5228.041885408949,1949.5240252909878,5264.744966946601,2222.0569571817714,835.0135978477022,2324.974309298581,729.4279625698738,576.4501709680195,6237.1787295551585,933.1745901315021,1250.9172456423646,2559.0439543178345,4609.997034432329,1252.4465599091575,1406.5522239583136,6252.832154575851,803.9957505157681,2219.9571471334084,1750.0112886874927,3269.9089213324064,1976.6991726992553,2465.742365844521,5522.371110027424,4604.206754065038,1677.0586697940887,4575.2163958680485,6281.5572548511645,2901.2710091375197,3173.2673151867293,6247.52425197869,2226.637319422845,316.3771751992804,608.4056109166482,690.5108877128984,450.54619696900596,6244.933389790242,1883.734225933011,6049.679919317105,939.8793559774887,1398.1907322776801,1954.7238725116863,880.2708355224995,637.1397298225662,1434.0373190894181,838.9170295910639,970.5693690016252,1648.7381746927442,1540.2133712775628,1828.3398042304639,1876.6897304307172,5554.719282685354,6445.371119025035,1396.0906009322675,5930.676947459171,6089.4991323311915,1812.587281908601,6035.343187391545,1731.1884482662526,6098.1182651349,6502.262610750175,6100.133709775424,5913.034147254593,422.35947581107416,6035.115374734897,817.8181262944357,6184.249008819538,461.79936030503967,1479.3237121328154,1411.55746371421,5977.949150693886,805.2025088770899,5701.491059460534,6070.864745388086,2404.117882517325,830.9481803374222,7109.0753893358215,2364.9780758995653,6047.264545953932,950.3097780716812,6142.778884335856,6184.837700813901,2331.775335059236,1464.014592798283,5835.1510670756725,6088.142550632306,5321.983767421125,6219.712266308344,809.1196477075342,5529.703161748018,4463.256918179051,806.6210604548637,5788.341354152828,6044.925583639886,5978.9140165455765,6186.881721878139,6216.325033283598,7161.7478737557485,2624.9157741095637,5711.570136625291,5535.066932635039,5565.568583836312,6041.778406468555,596.7699075048404,5808.118800748133,5776.782815224237,6014.840115698556,7224.6583164330905,6034.058067948302,6627.182155685121,2226.2877979053437,5292.737552025905,6025.636857115102,1676.3265453034512,7097.291770111165,4513.489489706415,5869.366922317359,1583.7476115002942,5543.066509572453,4347.91246999992,2486.404771760369,858.6082443915786,5841.977673303821,5721.530348100549,6019.3784654015735,5658.0650744709665,5313.1793968192105,4275.535161923008,6314.8701471370305,5818.2377769085415,6194.246782329987,6077.661411043413,6457.076367709299,6445.8330266807125,3464.018262363624,3477.690613013345,2159.173923423739,4380.741013207448,4619.725470583254,6066.680158451252,200.5572979600877,4348.652737411253,6210.9409672282045,3127.875274768753,4556.825887870907,2764.8287097226244,2470.3675099020606,5956.162346555011,5595.483957349805,6083.329822881186,5947.166770478946,5924.130268778487,5355.191457476581,5848.5961250797645,2538.687056638867,5201.317496180592,5423.259289918709,5683.2760350978015,4631.385639811409,3564.8524618582524,6099.490467414956,1355.6526575597395,5489.975741639152,5039.026502731541,5466.520014245844,6018.0870107183755,5485.050412597552,5950.814930901478,4494.6991652487295,5693.222196665119,1197.615509859464,5915.427505698349,5198.300421830547,345.40023822646276,6288.659705885318,5829.744308230711,1165.9007975605875,1174.7976650961248,817.6845455343547,1139.3242705689129,2781.59904150954,6149.234459751872,5381.214307962044,5223.249165258127,3419.910433965169,5421.199194736239,7739.296058841866,5808.921554367875,6281.5237045653475,5557.365570153033,2936.557579733304,5760.362747128493,3044.13019341707,4335.827351078856,4382.700657988687,6690.336383758809,1494.6749904674755,4373.779874024644,4585.259111395649,5956.129328677738,5683.851792046385,GA
13087,306.8101603663282,1268.6002270371102,2070.388206560359,3179.0260705611377,1196.198514997119,2880.949350893527,3687.33416769312,3528.609470713629,2589.9672505449525,588.9029242834614,417.63118503126867,1729.1757800720968,1755.8183414154275,1035.7520579128527,1437.5716863659393,1264.783604030517,1456.4931397187322,1461.7256797949453,688.1686771352807,1308.8087176612078,1169.4724961166069,2689.3292326430083,3075.912523316191,1121.3681366196222,704.3593575645309,1245.1248029219782,379.19658721128144,3655.853753949218,1178.1605779878066,614.5120677785011,1106.64277808147,1021.4057793884821,1254.8437091216392,7275.134471018046,1035.864729666505,3488.823909553854,552.8640179981868,3515.219961117476,773.2647837006697,1311.8285271779196,3464.109465694185,3131.019462561101,1341.7725867021534,994.7162900237832,1195.9372380681154,1138.2236292054035,556.2544693776482,908.2922347721603,1025.1480844077278,2326.316618780252,1373.3396891056454,7155.253813183903,1623.4214979686774,639.5451930585077,280.263730147204,3172.947151485827,2101.506811650521,5732.205097690428,1437.4643209160251,1538.5986153934616,3104.0843746413393,683.3447222036754,484.04479835419227,1310.3647018634751,993.8000177183967,3314.193185135061,1682.3529854725145,3110.456699019929,3156.234538588786,817.8119370393773,3354.3544264066118,1021.9213068653064,2496.4939870907383,7174.421478500887,1336.9425017145402,2068.6541613540217,7376.420490618316,1201.8044548107955,361.3868872418609,1628.8269687884424,398.8179398267691,1435.7290069896255,349.30221577755094,615.9451280964397,1491.5374498779572,498.04304582237364,1552.4786652669,378.1416692138325,550.7672252622467,1894.6065556839385,832.1340579168002,1426.3486309479379,252.96360239635857,3004.403214391971,722.5313758092146,1773.951563189483,2030.3406580534293,1003.6974316990877,1398.223663665376,1509.6520760410406,507.67777996251783,1494.4540661708795,1081.689876241366,3291.798847130226,190.88520984197467,2826.465852424164,434.7689263710031,1811.4892960502566,795.7246177960019,1674.222483133693,1253.0308630606407,7081.181964703686,1378.664150940173,465.2068015112014,470.4816696294101,540.8020679074987,3670.038680661727,5675.883495077759,1316.2033254283983,1771.6189483946598,1075.4941208712132,129.66463677097306,465.56093656224283,1647.7436801368333,3611.816556086928,543.8324877521624,730.5345756416348,1150.8433152978905,4827.409490896494,2650.4595837373395,756.1119809125952,3511.767734516625,2068.3496128980937,3084.7252567274763,2417.328782033448,1366.4928107336848,3307.6481921736,3416.650182164957,628.8130058487502,58.25211165567688,2695.784474511257,1362.5353649010244,1124.1640637048174,1664.6012775637832,388.541313750127,1213.871401947497,3747.256200224191,1345.8197178905646,1288.9357540409594,982.8829497363023,1526.8915183816814,1431.5421814311474,1298.2750073075547,1180.9188241880222,832.5509483533391,1544.1182537295208,2069.0797762730745,2181.799089018516,370.7406624402065,1376.3220509157788,891.4902142940114,350.1164484908378,2232.1581193805605,2222.546390327668,2245.094641137846,432.3401763452569,1407.4167991682864,1543.720832015857,3376.543104256309,701.3713184297462,2356.3467075550657,490.5935770209308,258.4952929742736,840.5510268552965,4563.892989562003,712.851759035782,3569.295675392418,877.0823547350118,2476.251213071037,653.8223771232076,1018.7417325322873,2239.656879877651,1507.4085579663479,3481.103056986589,1606.6652462428385,1136.1342859560204,2930.322113975886,2241.1504501526747,233.05025339176206,1322.9954582163205,2791.5283429080932,12794.703660627743,6370.403252093878,977.6579825284483,1004.556038075459,1265.4054839629225,785.0861950756253,1143.8546019302075,2393.121331236279,1556.7092197462405,1428.712177056457,1890.9131231248398,2285.6755078131,1262.16106438935,4832.293080335681,1407.5687264052967,2742.60119904234,1737.586227370669,1607.5845893495364,1192.488612639175,1812.5252095803726,1447.9367863513805,1123.3755904580942,2063.2964798280154,759.7383932188832,2925.276919014808,2177.807982547232,843.4527178204843,1320.6254703960685,1071.5984799591452,1371.339115236688,727.9224914913092,3232.2366004955343,2296.7593725867096,852.8850746986383,1478.7356839634513,3429.4614174371745,1559.6349667134775,1306.0567492220734,5794.863451653577,2960.126227775116,2312.6524055214745,1036.4716088293587,2349.367932681897,1489.472796830199,870.9271437524219,1438.0395223057087,2652.1881098260496,7205.724605806357,5857.4981032925925,6358.008045858412,5820.463711564442,6508.89491395544,1125.6945923811184,1098.0190447247066,2509.7546517894075,1696.4158812225312,3530.982539953382,1431.4063975036454,3696.3317147102175,2561.310532339954,3289.0787196792853,1172.553513184855,3534.463631653133,1665.1693641907943,6140.653828059649,831.7180480540068,1895.1404374595722,1204.2874469394174,3267.917768378653,4683.895601285441,1514.3442557159754,95.84202830935035,1710.6049325325105,852.6393561507106,3349.5995864494193,4639.832557280627,184.9487805364236,1036.9738839668055,1356.0192220326685,2941.376317484518,2808.460596309678,6098.103117197215,7174.998204699862,585.207541308422,125.36841248617417,472.99489567981317,1654.8460724005695,1820.9187845857557,5803.290288396516,3539.320484758192,7209.5732504891785,299.9056572276448,1148.4190696736964,81.7061898604056,2614.546379452377,1558.5394926210433,1348.9716890471382,930.0899545663581,1391.8134804800866,5480.188894215573,1473.7459423551377,2205.633128933689,6202.1506336831435,1016.051169723847,2033.9111537724814,5142.0670797897255,426.3885276893873,2048.7507943252804,2389.2158688351115,1633.586450318878,6778.473544643979,2015.3824689557775,910.4931847443837,10459.542740314346,2364.654064756962,1297.7188424091885,2928.949828723953,1671.9342616189313,972.8718841807944,1693.788405989893,1640.1215569359522,1161.3943146179975,1841.6367994050963,1770.3208475911927,1728.7209803228448,1751.4472107860015,3217.347665209984,1709.1037212797232,3361.32374071168,2359.3075314233984,2485.415309522181,1471.8425873349026,1340.9334153076604,1602.9918184946825,1667.2634423553366,1825.720589663375,1911.6722296290268,788.0453521468837,1688.8247776407907,798.5338537882366,2154.1134645871607,3002.3280086633417,2704.554362184837,1664.5897565823889,2502.8817819165224,1631.4728142058852,3680.523048185253,1374.0145271461522,2212.7759773583794,1632.5111465870827,2087.6648149612633,6290.63545415606,2102.704564624719,1965.873687856184,456.82427656841486,2715.200693464794,2391.9894939069736,1479.3799484528765,1171.44715488149,1995.0009225131798,2317.295098050482,971.7018129471443,2486.4224741509165,1837.3887085289084,865.4732559219002,3501.5047403972803,6102.981063573506,3739.1523234408223,6240.700012209597,1905.920857170484,1581.1933799663054,2258.521431848564,2449.0406377480413,6432.904843666994,3689.125156396159,865.4955305151988,4892.739211753572,1781.7947691035022,2627.647612271468,1783.548273959422,5531.665913539694,2268.4928047276567,5598.405607369915,2504.952100765005,540.2012998889712,2478.5883327948072,1068.2882958866433,841.5564988874753,6507.734322359098,1248.1389127479558,1568.454029072083,2771.8962372407977,4908.266619185205,1552.4256625259106,1708.506474476896,6560.1231048536765,1030.5894707439204,2318.856487373674,2069.721124339981,3363.5915011999186,2083.8533185048263,2248.3377982168204,5814.824214232345,4904.073059552155,1997.0244948748475,4865.926873663849,6588.998622178856,2924.9072154300343,3377.2830229612127,6549.373623226867,2232.6224972011028,514.3613940499891,787.126718187894,1062.0978313497972,661.3678760636756,6553.772290354094,2108.310341515812,6365.993160055466,1271.1167910959234,1739.7871850796537,2139.994438879633,1253.2426087272092,668.1530583692912,1804.0155649942346,993.5104563872063,1251.3307422778282,1976.1523267253265,1655.4513939377407,2041.480979406528,1867.9848143308661,5879.255404015756,6765.394857879608,1754.557107834863,6263.588719706436,6388.317527669585,2149.171912771921,6371.143555250152,1772.9391389576474,6367.897365213916,6823.254450842678,6436.916897753222,6244.160072706741,543.7525352620005,6356.920755047343,891.0053585549907,6524.064950919904,830.9232727134572,1696.081880279762,1778.1193387426085,6283.438962818274,1170.1456558574366,5995.957193610439,6392.498447404434,2679.7530602238003,1189.5681643766839,7126.206234790702,2405.229542228942,6349.0228175977245,1325.1893329766424,6452.200470237849,6497.625981916958,2611.381775243336,1603.5305727010987,6157.0412321613085,6410.5415853081595,5657.312573909211,6545.940513600206,817.6426538944502,5821.575403411816,4747.5210392252,1099.5130598902194,6120.8132783002575,6347.319704286444,6302.137579971291,6517.259510870187,6519.99952171009,7191.4641179386645,2889.8814734145312,6033.44707158158,5826.960829700284,5904.588402777947,6357.922305063207,983.5067309499617,6156.506734778211,6109.381447981914,6318.056422510181,7491.210050843082,6336.361557384945,6914.4434194908945,2499.5179797601736,5643.169600283889,6332.659769250116,1579.2361864721813,7121.019083649428,4800.874382481864,6189.217450489549,1776.6840273548105,5876.378691787574,4624.2424256881095,2635.6055185207997,1241.3477045930777,6135.08668605812,6034.067492443805,6364.609586294778,5986.645368350914,5654.0371792752085,4548.705197268328,6616.404456288436,6140.8544434917285,6506.254051602735,6379.054479804261,6723.7332278425465,6712.399983118115,3681.75896490972,3699.682073328781,2271.970183215072,4654.863857645066,4908.750509092323,6368.073252554916,220.0259806896117,4623.406433267582,6480.64812395102,3172.432115972122,4845.537459531426,2823.9625763243685,2559.2523999190303,6267.546814959434,5878.398451546058,6375.883146675364,6259.814004488328,6235.6398109492175,5686.971315648867,6141.178347834272,2610.306255935851,5536.018225600374,5752.786414501728,5960.489121059602,4921.951920382696,3715.424845441461,6391.58788275996,1209.8698930407186,5825.230253756068,5365.644016796454,5793.177166307815,6309.816171138779,5808.914516880565,6229.584389056692,4786.547210264875,5974.403825148015,1539.4911076477194,6205.2575032091445,5508.215732394721,386.0976881306983,6557.582723210456,6118.374873600256,1025.2117087414254,1054.709085618908,1206.0831712072718,1349.3021828241801,2991.010708332013,6491.174066414059,5683.092852704034,5552.108075413038,3517.3563166095455,5724.38440904236,8023.257938039806,6114.72663802403,6609.261401436424,5875.126050234009,2973.427401852981,6052.429831243936,3070.4559528556915,4611.176529762096,4655.349819070322,6953.126296909625,1843.2701199566907,4652.225568679239,4878.131701043957,6230.9296729853,5962.47094191847,GA
13089,23.86208327449424,967.4679339786638,1936.6363557244688,3141.52750670661,1193.3728039989799,2819.2888513813546,3511.019870389148,3447.790247697374,2565.721767773791,340.5026145929479,655.5739734433721,1455.6870384415918,1497.5957875794181,1130.018802335569,1175.5354344688026,941.7796052472456,1198.295673600725,1201.076160118077,941.682526334927,1047.8243698231286,903.7282077999333,2563.833050395117,3054.299101128507,856.248181830863,964.5029831955973,943.3624195490578,664.3113562305751,3496.3248243944977,1176.934391918539,344.12500989200856,835.2698609142593,780.5348899692,1327.6313323965041,7249.526572661171,1140.8872574002958,3410.8315533060213,707.484252472994,3433.36479281683,548.8519207102244,1119.381973188944,3372.038123179521,3097.265135492492,1426.5503593014216,686.3774119168269,874.6140986939714,826.688096104853,838.7029010091452,588.2320992832517,702.4001185247483,2485.5525316204635,1069.0739184713473,7135.875034898232,1358.6095103714115,882.141580277167,435.7115927004476,3132.477040833398,2053.924860508338,5487.216384547152,1125.9693986861676,1324.5120904916525,3066.0868346886737,546.0741915591049,400.7379110300021,1236.6404957227173,749.3270670012378,3213.0464417623525,1428.4424929504255,2961.1224025720253,3120.47834157229,508.1245746184732,3168.1622973834997,806.2325377049484,2492.725096506005,7162.5209593716545,1019.2601786170223,2077.997968654221,7343.524550228822,1095.4028603543056,234.88533157638787,1348.8431341306673,623.7110997426591,1196.5990502316236,336.1427197063446,490.02046745153086,1184.9780741133816,222.7614800401587,1255.1233925600884,668.164574314781,227.67380016936173,1628.0992886265074,742.6388698483245,1132.305569641407,460.5296277978408,2970.281252388987,468.69705555838095,1507.4123467999234,1913.8249404068927,681.8018670229026,1266.6350057190484,1254.8674058619185,791.4288530985823,1231.6830861399326,958.9510504087847,3220.8635739320507,424.84345695652837,2641.3490010687187,726.6974451786125,1522.9364723120905,475.61400692960297,1689.123406397314,973.6892093828827,7072.074491558181,1115.2925804649124,253.4087511597252,287.4867970952098,240.7633024556226,3524.6294340572376,5413.9613060716165,1067.3923545726434,1536.337401840003,914.3737297178847,407.22181282060035,166.7578662306626,1625.3598408038192,3482.8177443518925,568.791310323688,585.3371455478924,831.5037485387578,4590.060411812762,2456.140630389328,1052.1108600886787,3362.923063557277,1805.1570288810374,2896.8736098368995,2568.790004863642,1104.109356384845,3263.1204837078444,3245.8024316785204,744.3532694537023,375.3445999114116,2532.9049321061857,1090.177857782286,806.0147775290886,1607.882467228347,592.2379242499031,901.480108418754,3560.048153386131,1023.272743166956,1016.6455263825252,711.1250843549608,1223.227554209673,1589.7479462044494,1431.3633580231879,906.1291153442633,551.3690829537181,1237.5985436826595,1800.4368984699563,1982.335812951328,214.23606415584288,1539.1997894849007,905.7723131084241,509.77467835790185,2400.860253637847,2106.310978904081,2005.516098693356,589.8532454473976,1125.7477112640274,1225.4299846265849,3322.263247142553,508.95525238354134,2245.9517779077287,716.6970464180846,489.91937868333395,560.1719960629944,4341.463161984256,832.1034922873768,3479.134272051651,564.0693130412849,2632.290925414127,343.20977049142743,793.5824872065565,2157.9865989587784,1236.787470415912,3411.4053646079938,1334.1248957416076,853.4630822923355,2729.3971843738627,2118.6640286978272,259.88762718874983,1002.1309779823714,2633.477480496265,12632.550718451932,6126.4396257919,731.4149602770752,681.8155092124583,948.2228364658333,618.7378838919441,839.6553304108322,2144.6254027447726,1357.3010942728433,1131.9472687413283,1600.7658340430405,2183.004145200766,1310.6212207493124,4602.87422481218,1085.5875268748855,2668.187052107124,1498.135172393508,1309.6522636845787,869.8922991401047,1521.2017550166388,1134.898168162255,909.2479245718393,2005.1935338448066,825.6851152322803,2734.480998950747,1910.1585022586976,674.4417570368328,1028.9971190485746,784.3444987905917,1542.3461696583981,740.4573344323567,3176.87772015778,2162.913050625717,532.7038772326683,1182.8313204948047,3345.939537861353,1277.2325656673395,989.9585855901918,5552.888280522498,2807.566366809719,2480.88922267429,944.4476348426197,2179.9328019763707,1611.0588654740163,602.2556357763214,1446.367686789466,2533.493084750745,7183.18250184841,5629.526367397797,6088.8943567538345,5537.964182151421,6248.46819797549,1194.8638790685948,831.2739100198143,2273.0130008533497,1433.6440328948154,3359.7392428960484,1261.5165620753073,3581.559741099513,2512.833315388941,3109.931713421225,933.2508643103768,3355.2859284630713,1476.7696827523425,5855.90212888458,940.1624226249684,1879.4976070437292,1239.4545085737984,3092.022873807489,4453.94161419693,1546.4303430946045,295.5233288901533,1465.90833136583,658.7880856682358,3178.8519408442144,4411.217008000603,154.4460605549855,1052.8577601407396,1307.443435134984,2800.6203622639673,2658.657972615439,5865.016090484528,7154.622743475204,417.68283497084616,344.18085685372137,405.7866667336921,1430.3068157642474,1556.677158075509,5565.840684015443,3428.585141827149,7189.4498503931545,380.71598255794885,1002.8059083785864,248.553379673841,2435.739481961726,1299.7165018478624,1316.0867524009304,904.5922801309644,1114.1008809246514,5237.514890096529,1183.0372267726045,2100.26140075611,5966.9256817027335,710.6798568097156,1814.5997749584728,4901.9702880588675,451.02370939753257,1771.1567240738525,2546.998477678558,1313.026552855862,6563.7669702656885,1773.657595763242,1017.229774461328,10570.326551100175,2173.8438599817778,1200.5855847999346,2746.062267289185,1554.6700080812332,988.5823154388969,1392.1041702422197,1338.6868303162662,877.7603415547225,1532.1552934044034,1768.0105442524027,1426.9816695290265,1505.5157330909906,3136.92256025616,1387.8788310770724,3310.928638994464,2130.232227806904,2342.160002554825,1209.1474264787078,1050.451695299155,1459.1692242002011,1381.3077509317538,1553.9210390343399,1635.25161971048,550.8294983121137,1379.7544864618897,514.8034743160516,1901.7271601145835,2882.7842902337434,2574.0062390396483,1351.1735953668162,2339.056107161039,1379.3826799239791,3519.670451933549,1059.3439040890974,2061.416864358797,1384.1946966135522,1918.9334701139812,6033.551237193065,1812.4450831806976,1677.173713153109,542.7732043325437,2631.6783033733154,2546.462439194021,1324.8181890689598,924.2499911945863,1886.529642417348,2477.201281262889,692.1323650645047,2297.070321849695,1663.2001854318696,570.5436240876221,3416.8578152313567,5842.622377721546,3601.1914026183395,5993.676537350531,1660.5644332277263,1258.616012406507,1979.885332000289,2346.533640557311,6183.009558980999,3512.111405089169,618.4114391216481,4655.8687592370225,1504.04347316397,2585.836088168202,1533.3215990691665,5286.06878386843,2009.0062297437228,5328.383189656729,2274.574492826881,771.1270415217607,2352.0392014970816,790.4463878697435,617.5803630390817,6289.248315435651,989.5549012777087,1308.9479120013643,2598.105414654593,4666.8612218635635,1306.6832781664016,1458.2001573606644,6311.738866492037,839.1645595963942,2236.1401234233263,1806.2994336384827,3286.810170126195,1993.8515591445253,2419.480693400025,5578.37199790036,4661.371023554408,1733.2990084554365,4630.640648338854,6340.49661012083,2904.3467359809474,3211.2893388170182,6305.420987379052,2225.0375839329604,329.3122100277298,629.2358699505328,757.3845006351806,474.48556854441324,6304.125589716546,1923.9564814097039,6110.224957787946,997.012777260618,1458.9575468477335,1987.231656207998,947.9418785127604,626.5311780010371,1503.5470800630274,858.559692938057,1019.3844572950765,1706.615584604367,1557.3565187505708,1866.122429442399,1871.258370614337,5616.709680309063,6506.660524540383,1460.8427498385504,5994.271567068238,6146.80417767523,1875.5210973756089,6099.4828430631505,1734.8100619243273,6150.011022085099,6563.738223436911,6164.461821699813,5976.297146246089,422.36124208485535,6096.674431415717,819.9808097119875,6249.143121249968,526.9796068868109,1516.7767746159382,1478.2664348914484,6036.473959585172,870.5686142990463,5757.907638393599,6132.397380714536,2455.392905983125,894.7074452863303,7113.859575685664,2370.220801709697,6105.108356946702,1018.5941457485344,6202.062127107093,6244.75155499489,2383.7614582233045,1485.6493618233658,5896.69532910087,6149.819157817546,5385.940061319989,6282.1139326006605,798.2164661144244,5585.596981578767,4517.423663936344,853.4746502590508,5851.835712082491,6102.887162635739,6040.7269226483395,6250.043134913418,6274.554955669493,7168.9199594309775,2674.307030723692,5773.0923853495,5590.966022369631,5630.2414089414315,6102.290829040545,667.8534887134733,5874.5415605501685,5840.298977624267,6072.9490295699825,7276.188676857188,6092.000809909367,6682.440484094319,2276.876526054681,5359.47872420558,6084.454968298597,1653.6992313278079,7103.313216268424,4568.264491078532,5930.538660867802,1616.7002528775356,5606.6816846991915,4400.531477097858,2512.9024903456443,928.8874543741873,5898.170424312947,5781.31945546352,6085.245931946406,5720.82131001182,5378.157895222961,4327.525357996954,6372.720218029148,5879.913986891823,6254.017536992024,6135.442914836313,6508.467743886486,6497.205157632832,3504.9350823663635,3519.437087456363,2177.9106755619,4432.95260317165,4674.844402183485,6124.459653012273,131.3198906907005,4400.972273740286,6262.846249208198,3135.24233950614,4611.865992506348,2774.438191576049,2485.152971163957,6015.778194530607,5649.715626375071,6139.467900942642,6007.015449161783,5983.763852837978,5418.494648044269,5904.691960389839,2550.2865784148394,5265.1389754847805,5486.155077946031,5736.460823515918,4686.799676865459,3592.9405393007314,6155.5468527024495,1322.6509757148945,5553.942660392137,5101.315880469161,5528.889949831961,6074.058542800427,5546.904576932341,6004.3537588342715,4550.313896300647,5747.152593562487,1260.8209074702784,5971.0238016694675,5257.499060932157,319.77815534006334,6340.436210879607,5885.098463252009,1132.4198199356756,1145.0010889125613,889.5074435353343,1173.705555758525,2820.263607022528,6214.513579079054,5438.947963353836,5285.988383836027,3437.6957482631337,5479.185824721278,7794.135539184615,5867.473994562826,6344.211586184209,5618.097245550074,2942.196961126083,5816.343793531295,3047.924876073698,4388.255322323797,4434.632817679979,6741.058310493198,1557.21340555124,4426.810578737329,4641.0955619409115,6008.927541770201,5737.300103645902,GA
13091,202.59982775474492,1169.3415509415318,2109.274939826329,3275.410690087457,1303.0341031718199,2963.9248561220093,3700.009275574396,3601.720097232976,2692.195348823192,396.18639956195915,451.1460742511727,1660.7021154847964,1559.8805875381315,1184.7576067350915,1242.2124100324957,1117.8901666436361,1260.763391721726,1266.2028413498467,737.222626743238,1113.5169536368194,975.0643195324153,2734.651039998153,3180.3327079032433,927.0054286898219,760.5723464870413,1145.09054578733,469.16708740774015,3680.131054682733,1285.6103804093366,547.0400050653517,913.3809543798944,980.9510071053684,1396.8246079758808,7380.489398216318,1189.1988133139625,3563.5021175005922,717.8856534894859,3587.723013812156,576.9112824184747,1308.9776528429954,3530.642753255252,3229.2889198044068,1489.3362495448666,886.3653979924319,1034.9351343863068,962.5291312481684,639.919412262037,778.0357395074692,871.7244500869085,2296.448930303167,1269.5715683928465,7263.731274246625,1428.1561029747506,677.2346772632112,231.89531030148115,3267.762671162481,2190.3448208235804,5691.144011224648,1260.0911914025255,1520.8288699064906,3200.1003730077773,708.0850071336258,303.404656592133,1381.1441736314096,797.7589435376576,3375.201810270888,1486.2078474155192,3141.0588944687584,3253.4977272554115,708.5578642689443,3359.732189738433,826.052267119122,2608.743881277229,7286.654112972332,1210.0627703328,2186.105197538596,7478.050531387379,1253.0731501540865,370.33885913448614,1436.0357927188315,418.8040339280886,1397.9888143600658,184.0126875731593,429.2356171729167,1309.990275922852,316.3280373360392,1365.5396512706345,474.90547792876123,413.0692931453614,1699.308395253742,888.1745627649716,1335.686860563446,426.2936965190657,3102.291755818816,528.704836784376,1578.7466313017676,2079.7669245039833,866.1443021450139,1435.8052975240848,1313.6434971828785,593.5940504802556,1299.104448344118,1122.1226278097718,3370.224198332506,370.4204350803405,2832.169012717695,532.9915090824718,1620.6704860249836,666.6355066565852,1792.7903673904566,1060.966253341865,7194.761249565068,1319.7962369829504,434.3554467971241,274.11786292857363,368.45999733040003,3703.746022906876,5618.942199581917,1120.0252871351183,1737.6045589918713,1092.0471276219344,321.05305285946474,371.66256046311025,1747.9018830133653,3656.044967189553,650.9339133742552,542.0469692179789,985.3808777834531,4792.990535871517,2649.298926525057,856.4764247926157,3543.0807072536186,2009.961134467464,3088.692088576482,2382.07482622825,1171.264595746439,3400.498855295728,3432.9667693956517,780.1664832098178,226.57881697311907,2716.8375500421052,1168.7252269215335,997.2187490232973,1746.8570567566392,387.3925711382074,1098.0070500924696,3752.148258469009,1202.5975853418695,1221.5913264248265,790.265918604144,1423.645846140642,1606.4225254729054,1464.0886701140726,1111.1068575878712,643.5817622971638,1436.7073607553407,1873.9153682402887,2176.2588747258333,174.67052152628608,1552.4517064961233,1002.852361657877,509.45668117762017,2209.0377615736234,2272.651176317366,2207.947699991511,594.7162984782623,1215.4828286422535,1414.6536608310455,3464.249071232925,505.886818030452,2410.293703682833,511.68141943456015,287.33220024547785,765.1236178806344,4541.972298540241,867.5135502627182,3637.056886257377,705.5498271026115,2444.3119947604073,484.7010152794383,822.4660968806737,2310.12920046108,1313.0505985173331,3560.4481868833864,1539.1342525259054,1058.40749925692,2924.5114358358032,2287.4724794944195,304.93213424066494,1187.3843944961588,2815.960387649789,12819.86755448708,6330.313256507102,932.666580451532,851.282324162014,1139.968969632759,593.4651898839123,962.4050954696285,2348.319467795333,1549.8554232412023,1241.8823995937055,1804.4165634973028,2344.074162451773,1393.6268922858078,4804.639851758158,1267.1570592096625,2818.253611797236,1541.2651108244495,1511.8680439214002,1049.7783530481329,1622.6129214418586,1272.0301715629746,1103.9378167104594,2146.358058190541,892.6727352398148,2926.96347662428,2115.1395160708007,651.9818028790172,1232.9436783340034,989.0906985332167,1549.9276711318455,835.0955574986325,3319.172156157597,2336.119573220047,692.4398980286943,1291.364556429936,3500.9120841439753,1481.983211132342,1134.3987118958075,5756.5013106756005,2988.4261023337995,2289.302241480114,1094.2961701011052,2365.440645122503,1652.086071094511,678.3974681334099,1552.1732265206306,2701.656730200823,7312.617852684328,5831.226880049778,6293.854752055761,5741.927225059253,6453.428039167216,1265.0614092951034,1035.743030638609,2475.1794394955373,1500.8794470472394,3547.1107300469066,1444.5922980599946,3749.4997878815693,2650.8332167361336,3299.459351192289,976.1979183505321,3545.0041110179827,1666.5235080761854,6059.513506127017,983.9989182776144,1999.7739646535465,1329.2601398703694,3280.5810343918047,4655.764034421147,1640.0840380948832,236.0755842947757,1514.2339905658466,657.937760990649,3365.9319572059794,4612.814640446568,172.09034644360412,1151.1761333768234,1440.7968711014719,2977.377713017995,2838.393707483809,6067.524470861992,7282.979262670097,390.8046034407496,153.74414657292812,527.7089744797104,1629.283398445663,1625.4344976830587,5768.9090924964075,3594.8040483093628,7317.695497475926,188.66764728882495,1175.482578701469,120.1745506465705,2624.4961268192137,1362.7710137625215,1441.9252194943094,1022.2888593086716,1319.099776726492,5441.175450692064,1284.3509955066609,2262.231963206131,6169.74323256227,836.3761180605362,2013.0683549022,5105.293946215908,526.5254233842006,1976.0343524199786,2358.398037510142,1497.8572829237958,6763.229806660725,1976.2339513054205,1063.143631634551,10625.049438102571,2365.706023545174,1355.159800792019,2936.350967527584,1719.643916811207,1086.156390621142,1593.0049597713987,1454.9729882967872,970.8254122817101,1729.0606885166226,1881.048223450947,1543.5195588801728,1555.0800610790172,3290.313482079577,1570.8303360603068,3451.107305429504,2330.9959286291,2519.1286736690504,1413.6712086781886,1151.871255061444,1633.949334416725,1585.6867092058349,1758.9349421237469,1840.1987875196014,748.7571514115053,1577.181927516489,719.8069493545818,2105.730837728249,3051.7975365952216,2746.734501552616,1545.5188380445575,2523.020016836291,1435.26966259051,3703.91940667855,1253.3674493586627,2240.696447995197,1436.1924418448966,2103.723017529497,6238.3913942763575,2015.9436114285752,1881.0110704133053,589.0010847923835,2785.6356222054706,2358.822397462866,1502.8847161277633,1126.3870010976586,2049.1646726716835,2287.8956537043964,781.0312855277627,2488.690128973018,1849.1191127136292,681.4320083802153,3572.388761085928,6047.573620130113,3777.7635648861537,6197.835420791495,1863.5660152142414,1436.8227809377045,2064.7662605178352,2507.8994878179433,6387.419811866689,3701.3061928082025,819.1893786798877,4858.744555476592,1588.3125663302544,2720.8446399983513,1587.2427460728961,5490.040017805758,2213.645854432756,5533.331679310689,2475.6806742212234,566.1144966407633,2522.888612960558,995.4501542553868,812.6940852867838,6489.394385932128,1193.4497140237272,1513.2802035262082,2785.548360242821,4870.312611168218,1509.3526030393255,1512.219499663963,6516.034971121475,1026.6085898981787,2388.931514128406,1874.0244449415216,3438.8117922481592,2149.124019085377,2227.045060688063,5781.31141826544,4864.971668307909,1801.3889582999948,4833.294364857,6544.8040822997655,3029.6236454753343,3396.925487378054,6509.306385748609,2342.3486742672612,503.2690017848754,801.7968512257761,881.5812635269953,654.7435092318846,6508.522926810957,2113.5710967170367,6315.006102712571,1077.8528529989862,1547.0161966575934,2166.836524988841,1071.8691322959537,746.0446234301794,1704.7292258131217,1025.5511032726822,1218.8900792342295,1781.1579575775845,1714.4556092113614,2052.897153101469,1981.8232296935348,5821.704310179806,6711.575516416993,1565.6227922216215,6199.227954628058,6350.417088769587,2080.5125142329152,6304.352759040549,1865.56869122848,6350.023256599559,6768.678602375179,6369.292401090417,6181.287033443055,572.3370446463073,6301.627137286173,958.4030080080133,6453.823682685135,652.4710556789354,1703.8835534972525,1591.827002644735,6240.630354019841,985.8379601532539,5961.0728679097265,6337.346786371502,2655.509461885738,1002.8899416078874,7238.1979554155005,2501.5059382349,6308.975380331912,1144.347546254053,6406.49196382558,6449.373947328289,2584.4438852629505,1650.5609992170325,6101.6472040908375,6354.78472443202,5590.840596235991,6487.126872019824,910.9073690896507,5788.474062991341,4719.28118581017,903.4025124855084,6056.803319530876,6306.80659547978,6245.706182680888,6455.040996864454,6478.585546569741,7298.350731160284,2872.782346176887,5978.042236231266,5793.845914996957,5834.983137986051,6307.0648530884,813.7407508104718,6078.550513369126,6045.264120026652,6276.933214630008,7475.813887764036,6295.912230321274,6884.881086677011,2476.5235732615383,5563.290932782356,6288.722853390517,1723.8396799924735,7230.326752431642,4770.518909197447,6135.439168727778,1797.8004118343447,5811.634192204007,4601.286363664792,2682.574257600232,1065.8768809086168,6101.205039133629,5985.913035824342,6289.547095985821,5925.8355676086085,5582.806560436834,4527.800152903969,6576.582948071834,6084.880577021312,6458.599023005339,6339.280974460029,6708.031643852295,6696.753556648698,3694.0697253353997,3709.5701336863,2335.3946726368945,4633.388719779393,4877.308093544935,6328.2971037931,75.15411467039023,4601.496574998011,6462.859854214066,3268.969118979215,4814.285106036829,2913.4240085083648,2634.7345453782723,6220.317051681673,5851.5323955459835,6342.4614617770285,6211.622735487394,6188.308572624661,5623.479784977326,6107.6711697788205,2693.691239290837,5470.061046996795,5691.165314326515,5937.5199795157605,4889.443389233908,3763.837702824129,6358.492857594225,1367.6467618250654,5758.842145720683,5306.326807187327,5733.902738532603,6276.958791595629,5751.8890683780955,6205.6561703205225,4753.086600542958,5948.75321983807,1465.7661678486083,6173.705833729482,5461.918639880011,433.2319686224445,6540.337301199746,6087.636207071343,1179.3074318163278,1202.2757766744585,1035.676088727188,1358.2432520625086,3007.01587075911,6419.063183664037,5642.785213342226,5491.002671644941,3591.1163034799456,5683.133775874111,7996.2570733984085,6071.645148291982,6549.227005900258,5822.922066756853,3072.766165156542,6019.260814975384,3174.402297967227,4588.865174853478,4634.84764821144,6940.021046190212,1651.6697954769284,4627.871665969804,4843.991450299519,6209.672770538582,5938.554438505456,GA
13093,174.96670012063788,1150.8008881639535,2056.79513582186,3215.9414213036625,1242.3781487522995,2905.7061710479497,3652.962520182292,3544.752004604552,2632.1819844050087,431.04513940335664,478.36340910520994,1632.7739130871894,1600.4183117429427,1124.0861603990095,1281.1443871695415,1119.387964398639,1300.7145071547595,1305.5521651343,763.6253552083008,1152.3423000174394,1012.0816493981504,2681.4167793825377,3120.219923941779,963.965914931337,785.1223455129109,1126.775753505698,480.30332123637794,3630.82411737184,1224.9152346989854,514.648232476622,948.4761239567903,943.5756649245099,1335.7378863155507,7320.517735833505,1128.8449942671095,3506.335898473717,659.5440243631956,3530.828140716184,620.849038456948,1263.5186436136514,3474.5070983287287,3169.6551260165747,1428.4763621515426,870.4155219166925,1043.8768608301614,980.7921097506508,655.3141518121844,770.8193537088179,876.1708405378192,2344.910074971813,1252.891767797501,7203.528602163166,1466.788343454113,706.2771445879912,272.9575014966136,3208.429659253823,2131.352003206296,5657.043792132243,1279.7275028236509,1479.0725598623196,3140.653607012407,655.4071010323995,362.7439584609895,1323.6088552577764,839.1710671305624,3319.790995908807,1527.6510075906413,3090.4475665788914,3193.9508956247078,692.1609374646948,3314.0890872955897,873.3478081872563,2548.0815290597047,7226.203554301994,1202.4727981445747,2125.1532763733376,7418.3779326971635,1197.886250616696,316.717819216068,1470.2634999109598,448.9572348607258,1360.9699105182676,245.28442368661823,485.99935271832265,1332.8321185927355,338.7371852206211,1393.096338798887,483.9991493525602,407.0515586996518,1737.9459369423807,831.6268619935413,1314.4489672212612,371.32571705383805,3042.6739163767493,565.1100659367171,1617.1921241168109,2025.6024964818077,862.5829205560617,1382.9470212679166,1354.5463150790738,607.8054372125466,1337.9888369877535,1068.3110458870115,3312.5834996423464,318.00250654618867,2786.266505547872,542.5339437205046,1652.3208719763495,658.3963614227619,1731.748619495478,1094.2752103252478,7134.22656773445,1288.4535551167714,390.18993500086617,319.71290351600504,383.2267881314276,3652.7310392995173,5589.222950810658,1161.8175533164654,1700.1214791788752,1042.2306048642076,274.77622735252925,345.69132837573534,1687.8304836983655,3603.2372819481952,589.8156572929071,597.5619139069022,996.9110758890524,4756.999978465728,2604.770284635197,867.9910053331499,3492.452621093086,1979.4094615477266,3043.254398764415,2431.603789229668,1209.907473038041,3341.3604271597887,3385.12379211008,720.0210288457222,201.89697518526788,2667.831619834025,1204.5932810809902,989.2159764608394,1688.336074419279,422.2776648932396,1085.6309346965322,3706.7178753829253,1202.4162902235107,1192.5612886916315,824.4629434549202,1407.0343524181424,1548.9443576121923,1405.0000820246353,1082.5536715663632,673.2757808369215,1421.666787172545,1912.202394012252,2132.404299924629,219.14954303371732,1495.2974643218397,941.8534630507083,451.0920347311206,2256.1196093811745,2218.4846455137867,2171.718878091885,536.3718939427016,1248.578995708926,1408.3047230196694,3405.617017447841,554.8788983061783,2355.615800050983,543.2491128827836,310.46117157758067,736.9732864991568,4502.8019457098135,807.553834355002,3580.7772128811494,720.616248077481,2493.248790519578,497.5932401940631,868.0238301434758,2253.17886099263,1349.8301807206865,3502.731224980489,1510.7510292110119,1032.2046480316117,2881.127769932249,2233.8947935186125,243.882950601088,1183.6116694538334,2766.3609431266473,12771.312830365758,6296.041171566797,896.3205069621441,855.6035792094144,1131.6340904424464,646.8534263054372,985.0639526729553,2314.225101522631,1505.6599471676896,1269.329693088949,1782.413162376161,2288.729750792237,1332.345211796406,4766.932819565995,1265.7248105905321,2760.8280210388866,1585.9136026213323,1492.6738567928994,1049.103069357883,1653.223981336506,1290.6172941110754,1061.7199827899337,2087.9217790099437,831.4667506764873,2881.9473155105165,2085.9309989039366,705.3383201066936,1210.4829207079624,964.2345987662826,1493.4167999322055,774.1425594420581,3260.5982873025787,2283.686141574415,700.4303557966957,1319.33879557983,3444.1347351353875,1456.6723990283974,1150.0029948259526,5721.695801479557,2938.1799236663005,2336.4799431585293,1037.9674533519246,2317.2192434956746,1592.4800810066065,712.5484594531914,1491.2556111474287,2647.761978409449,7252.529682745971,5793.339028038015,6266.3308834403015,5718.741138914173,6423.399751978874,1203.9172410767492,1004.6777230274524,2438.464721259832,1540.1805075001434,3499.336357734863,1396.0926659690274,3695.305895405019,2591.8888067649523,3252.764060431587,1019.5865604879452,3498.348595829461,1620.7105886012796,6037.200870515346,923.698947090506,1939.467884355569,1268.008416304344,3233.4183944346,4618.148365370099,1578.8466397111458,180.71424715078564,1557.765134724937,707.9238835840034,3318.0664846951177,4574.9123773359615,113.7822562438865,1090.1413612142524,1381.8471826238886,2925.7684227620653,2787.800039695241,6030.750222121439,7222.8120351284915,442.1696925028377,160.50922996098956,469.7654542955816,1589.547092912804,1664.5602704103094,5733.067477902329,3540.2338723634657,7257.519198541815,242.6787128599412,1123.9670619772196,77.69958233246528,2577.626795481092,1402.8006631268076,1382.2641211165671,962.3548310254804,1291.9377965507335,5406.494653124456,1314.4137983445528,2207.1067557666274,6133.448363463239,857.5481204168317,1972.6037394915465,5069.9704514701725,465.43361307565874,1949.7545967183828,2407.076212491659,1494.5406687182824,6722.787204996382,1940.3352749736594,1002.8124547727307,10565.280303483118,2320.547348811307,1299.2579488626711,2890.1388107943512,1665.491827351376,1025.1282118089202,1575.727882361205,1480.8792967309464,1002.2682278547474,1716.341406522792,1820.3601843323352,1569.4803897667043,1598.4098324139018,3233.310120738231,1568.7417126471037,3392.266958723369,2292.6015075202235,2467.7386802244077,1382.303935489167,1181.5836160156707,1582.4292350672793,1561.7971378204284,1730.6131999825,1813.4005940173288,709.982150459071,1563.938252448694,692.4618786815669,2072.4338525150033,2998.011506867409,2694.011188580062,1535.1629652480572,2474.099326028987,1477.0441541930124,3654.7837503892592,1243.2395845781534,2190.185579635482,1478.8159524020236,2055.338954069707,6207.424846556122,1994.2270099290731,1858.541057937258,527.998587532591,2728.8362897533025,2407.947542693825,1452.5300037337383,1090.7043097205406,1994.2821824674652,2336.2615011605153,812.654594929984,2443.343973310729,1801.3775360285244,706.2086884181815,3515.694976519987,6017.476344211813,3725.9161542911766,6164.287364759333,1828.4068107432638,1437.473478285978,2100.3643351014407,2452.553938169144,6354.604434412989,3654.35937907666,782.6857842712317,4822.656782970929,1623.5447157459603,2661.5736300024464,1629.6828464785306,5456.060465912138,2182.2448563370613,5505.976854331365,2437.618330847269,597.1522211769183,2469.7363732511194,967.485533080712,771.632359023586,6449.655937085517,1160.6199505131826,1481.215889718791,2738.008199230083,4835.256716436454,1473.9323708110956,1554.5282237198553,6482.856629058399,980.7041442795636,2332.058373795714,1913.687136539975,3381.5599793908286,2092.766646765808,2273.770583867097,5745.247727487727,4830.216827490752,1840.8884246201935,4796.852092660412,6511.6579988162475,2969.474044983462,3348.4250644348485,6475.050393030697,2281.793259522001,455.61874948134164,751.3463075529945,903.4487425416639,607.6153611528551,6475.658399869625,2067.359487403394,6283.697574276121,1112.8782847224477,1581.1957939233898,2116.475143926213,1094.5052995967817,686.7851273555476,1687.0439440795096,972.855449237904,1180.1389003990955,1819.0851611155047,1658.6792047606698,2005.3886325384265,1921.0003267444185,5792.1895168824085,6681.110756884348,1595.179915572857,6171.753571978359,6315.5695027623415,2053.0744076169235,6277.616928539926,1806.1284829143508,6310.156781966654,6738.434725622779,6342.815335731263,6153.370342893243,518.1514189844441,6271.530557192948,900.667410533891,6428.150061165467,672.5314009188595,1656.7823423695886,1618.7827412444474,6207.072773804675,1010.9336902734404,5925.388024866257,6307.214331271497,2616.302680610975,1030.1804725288134,7177.761366817659,2441.927331837385,6274.68931306761,1166.580870740598,6373.739788613192,6417.323837167075,2545.8624049298955,1596.451920850311,6071.553305757137,6324.826834619616,5563.9121251394945,6458.06333941694,850.7686003812164,5752.305648604061,4681.704904927755,945.0184285385519,6029.206302721637,6272.643921873993,6215.927147938779,6426.9661318195285,6444.684246115243,7238.262653966847,2831.963590861931,5947.934833476455,5757.681742799289,5809.035767534367,6275.719164965747,827.7809409444063,6055.225715067572,6017.697392020899,6242.929177568471,7435.482355138589,6261.731222927156,6847.9486823368115,2436.912484224165,5540.50662869808,6255.475385844434,1662.797855881311,7170.065885512853,4733.485247521804,6104.891341948553,1748.2073841054819,5784.221757111002,4562.379997813834,2629.061062796983,1084.0486360998855,6065.2798860510575,5953.7760887522945,6265.340156201598,5897.279603583133,5557.319461279089,4488.380830148421,6542.269915477629,6054.9497898740965,6426.385775465749,6304.9261022091805,6667.690936453605,6656.398544285512,3647.094889508828,3663.091535753816,2279.358594136289,4594.1282975789145,4840.570122890227,6293.941550847383,61.938779622691975,4562.335422519714,6422.986412044648,3209.485976641828,4777.487195624234,2854.535047575826,2577.282985870057,6187.957028584387,5813.795390670372,6306.4487588831835,6179.525859589234,6155.972237029183,5595.668786985899,6071.65043998088,2635.3731049662038,5442.960258454391,5662.813591171323,5898.832366614711,4852.979677243163,3710.381405650316,6322.398196895225,1307.6106564644247,5731.912874263453,5277.244559335386,5704.873102357333,6240.79291810263,5722.213344435331,6167.2386537768,4716.841673666037,5910.727357955042,1439.1835757596273,6137.19288983622,5429.1964195990395,375.30067643295587,6500.343564336301,6050.905220782653,1119.0240146784613,1141.507464559774,1050.3807329487327,1310.4405079631388,2959.0975467529775,6393.957918899115,5608.477490315196,5462.470173513872,3534.0665051129035,5649.082922770227,7958.796305014052,6038.1388392073995,6520.525084600246,5791.888315590969,3013.026292650201,5983.14145600745,3114.32287134786,4549.799169736967,4595.352186934209,6899.0961403592355,1684.2712278246,4589.313054351402,4807.938485850326,6170.603266661652,5900.09925337088,GA
13095,234.862882412042,1206.5776605121464,2060.323388298663,3195.2115448132995,1215.6073856142507,2890.8108866049147,3667.5165042816693,3534.2947206346166,2608.6455169258443,509.02640030098894,443.89643273520795,1677.7931353742126,1677.3589835021885,1077.0768104627,1358.5465290751545,1189.9634762437129,1377.8134788113455,1382.837182961298,724.5229507452707,1229.7536615207468,1089.9139755712358,2682.5042540187223,3095.8543845293834,1041.800119171408,743.5964010449838,1182.8195632385346,427.31716506154567,3640.727455389834,1197.8324984356545,559.1569453707123,1026.6579935525476,978.0290264282097,1292.5707542399098,7296.287391501298,1079.6796581171093,3495.19516047505,602.7752589325362,3520.629491756513,696.1385707969348,1283.5081425136486,3466.854272894397,3148.0706515818492,1382.6886359584894,929.332943078824,1118.1176708653604,1058.1066734096974,604.5730601223743,836.8016260802726,948.6291709437413,2336.1544598032565,1310.1613288567266,7177.8737148528835,1544.296219739729,671.0238942533261,266.56913570250117,3188.397047474359,2113.5584518102696,5692.299277128211,1357.2387659254393,1505.0705619252674,3120.068076587624,662.9069359917376,420.50634125256437,1313.0115608857382,915.65426341233,3314.454397957044,1604.257858577797,3097.6949205444457,3172.82293964136,751.5025185105968,3331.488254878187,946.8138175600113,2519.9521881640053,7198.836187123457,1267.1721028021668,2094.4119724159227,7395.832935427537,1195.494481243426,328.3706323451192,1548.6298696913298,419.0540304619748,1394.5918670701026,291.66206971235835,549.1461691953957,1410.9363448225006,417.2515963209108,1471.6865722530988,428.9268870009042,475.9675249400676,1815.477138224852,826.3644113034586,1367.2697452564798,307.2437563858107,3021.2243567506594,642.9059327626005,1694.7642816682385,2024.720179715712,930.6644215044156,1386.5531928631347,1431.3311101510762,556.2955963041263,1415.412156933636,1070.2983044481412,3299.778668207797,249.74548444122846,2803.4513741473356,487.10001446344177,1730.9187963822849,724.1475106763803,1700.1978592236792,1172.7146850831748,7106.234465228183,1329.9456758171511,419.8715823322772,393.7799831509448,460.5429921821431,3658.809195137842,5630.246818027551,1238.2375367011746,1732.4350646241144,1054.1207105457943,199.85730220662631,400.28537410544703,1664.661303088157,3604.9812995853413,560.3579805809427,662.6384488267965,1072.19911024092,4789.768201762281,2624.624013714122,812.0460984063878,3499.4824256360357,2020.8173520471896,3061.1696846199256,2425.0276391931643,1287.378713063371,3322.234171483535,3398.1892004545984,670.476995405739,127.020820405834,2678.858173740315,1282.6854788248127,1054.0277166601309,1673.1297607044155,399.76627633360766,1146.9080278679455,3724.3573428276477,1271.9367379377545,1237.1331320931515,902.7513634208316,1464.1039239246936,1488.925080258529,1349.8143322161402,1128.0078051413345,751.9014106965675,1480.11092905003,1989.8373674480729,2153.8640167832878,293.40494165518805,1434.5151673932694,912.2912860786428,395.21837463930746,2244.6635116049665,2217.409109894947,2205.307124858193,480.0088475196226,1327.053826326534,1473.6104627667194,3388.7785761054065,627.0235673856438,2352.981881093119,513.3996769093549,276.29680811530807,784.4474958983091,4530.864144688129,756.7797254375631,3572.621178641737,797.3256382530908,2485.3640662260887,574.1023161233057,942.5674783580753,2243.461947052815,1427.7646792924131,3489.5692215232225,1555.4222367128145,1080.5041682511833,2902.8485521894163,2234.409115907276,223.20162805435902,1250.9465026387866,2776.045000022505,12781.387710570601,6330.9557434623275,932.4787990213198,928.0386551492895,1195.9146540662837,714.7888708151743,1063.217482867776,2350.684204864015,1527.3950209209988,1347.9201716511286,1833.7773086433524,2284.1871778013665,1294.2475130501007,4797.171669879288,1334.4239549992867,2749.0732536677287,1661.0756386158646,1547.205359769509,1118.5482138164102,1731.8585615776017,1367.88230969414,1088.105513163357,2072.647113107957,791.3928376497383,2900.7337485587127,2128.8959292959216,773.2964367114397,1262.2817601195109,1014.2384247537384,1431.204551091393,745.8479497125626,3244.064113916613,2287.1141431480105,774.7862676228128,1397.9507486817824,3434.3705497035107,1504.950276354942,1226.52393847846,5755.9584377861465,2946.3329191571715,2325.1398049210197,1032.482731950366,2330.1562422629277,1539.1929115130577,790.8122470878283,1461.5039587150518,2647.109758016953,7227.597849309254,5823.1000194132,6309.934812464491,5767.369031793588,6463.908086216379,1161.7996027338475,1047.365036810514,2471.1256949368426,1617.5078065755774,3512.4935790157756,1409.7426013434078,3693.343003669309,2574.0078244574083,3268.174648716771,1095.2916244619107,3513.730488106782,1639.2553580381445,6086.725836098014,874.5378271108575,1914.4806912466406,1232.8809498001135,3247.918387474956,4648.559871958985,1543.7858205962964,120.02361159205722,1633.4859916303437,779.3076269406772,3331.115397163217,4604.903127995689,129.22528516864924,1059.675816689108,1365.1965922845206,2930.7715037801945,2795.2536138561436,6062.132229101205,7197.384241761209,512.2685115930259,121.88544507196869,462.87962063275575,1618.602717771165,1741.9500373184753,5765.856158364582,3537.272221661595,7232.0298063824475,262.0888265929118,1131.6361004203752,1.4188267733529711,2593.0824340358413,1479.8881860103754,1361.9812190502628,941.5683265870643,1338.4534067745697,5440.988464675044,1393.0538787680375,2203.2901256275013,6165.515158735966,935.5131856979892,1999.9602638168149,5103.62471185273,437.7909002419052,1996.3020118483207,2398.718438244051,1561.815047396729,6748.4084856843165,1974.6354787019989,953.6957009073192,10511.868906129082,2339.466122874043,1294.3769502928974,2906.6709280181008,1665.1053193587115,994.9232338188617,1631.9561569568232,1559.3467321202163,1080.84888623796,1776.4235167496995,1792.5043634759304,1647.9467258417374,1674.2292514388225,3222.8469378193995,1636.74105692263,3374.509876221065,2322.8767302903984,2473.557552875831,1423.5572116797257,1260.2259241505276,1588.9567259468158,1611.4553368353727,1775.033689417316,1859.5012612183746,743.7818380239296,1623.7399134298144,741.1412009776699,2110.187896995329,2997.454497421394,2696.4064622545784,1597.3442113345711,2485.444640132014,1553.517309307995,3665.045744614972,1305.9862905094567,2198.2799429054207,1554.9392308659835,2068.1924922651033,6246.768842952118,2045.6786040143413,1909.339668773977,486.1941621070635,2719.321644647803,2400.528107234888,1462.0206248576758,1126.9904258973634,1991.3881908299368,2327.316843233067,891.204298740879,2461.8133246577604,1815.8639346780874,784.6909303063429,3506.1888795439263,6057.956783167979,3729.996492958925,6200.217758629781,1863.8862305455227,1507.2394209269935,2178.567460114698,2447.88229162523,6391.497378583623,3669.10992952594,819.2691075086482,4855.269748780515,1701.7813062662274,2642.0907331758413,1705.9001342859406,5491.518066690731,2222.3820279245433,5549.8974604327805,2468.279860253415,565.7776159268383,2471.182080967856,1014.0255672466903,801.4178149512629,6476.4450132790735,1200.5395822364367,1521.38482493455,2752.0228759180345,4869.339848961617,1509.60168936557,1630.7932956962784,6519.241994909251,1000.8580923566507,2322.548454059729,1990.9365750043162,3370.158499466836,2085.20291561964,2261.6009387562376,5777.714048342764,4864.724071328242,1918.1823554410805,4828.956393637728,6548.082875261206,2944.9300397884635,3360.152167623981,6509.960833163947,2254.6956787855693,477.3220951430475,763.4180376022572,981.5086799439057,628.0822411006725,6512.467845312865,2084.5375545870274,6322.588540585258,1191.0983086252506,1659.5750821258546,2124.980938905107,1172.6263275411447,671.2778648093142,1742.7614707761222,978.1936248752784,1211.6581101579716,1896.8035236044013,1653.505938135452,2020.088048551715,1891.7929563792013,5833.435460943523,6721.030667050854,1673.8226940576078,6215.429861160122,6349.677557952743,2098.184553997529,6322.1525557104105,1786.433975638928,6336.764039658192,6778.627678788152,6387.645146105431,6196.519152078064,523.2457993651699,6311.974257572608,890.6814360049989,6473.8990444888095,750.4162188753422,1672.7722610302444,1697.32680696534,6242.983639265757,1089.3768602579494,5958.369249542418,6347.607586350239,2645.08184542565,1108.777834103836,7150.500737369284,2420.98337411655,6309.587707889952,1244.6211050455345,6410.714670261787,6455.2256120442735,2575.655375779293,1596.2965997932015,6112.0298274121615,6365.4377728838,5608.327560586593,6499.7708815827,829.1306020959885,5784.619135166746,4712.16010970033,1021.4574762297436,6072.756700001391,6307.713577485865,6256.778462582617,6469.885914623177,6480.088945431276,7213.3327774705685,2858.0420912311592,5988.4131567168815,5790.000449512329,5854.556460631733,6314.5630830823975,904.0718473605752,6103.654882196773,6061.285682221988,6278.222388955887,7461.185050545223,6296.777159215951,6878.9748310665955,2465.18822174767,5589.5963067048715,6291.8005157642965,1618.7373980555174,7144.030609220738,4764.735958552538,6144.7869877413195,1758.8720829367533,5828.029269470078,4590.837544694658,2629.4470118968216,1161.2910328544765,6097.8929201969995,5991.633037040072,6312.768721321298,5939.691407521309,5603.4073700414365,4516.0570275228165,6577.091502918967,6095.634332929942,6464.0707112606,6339.724403042488,6693.484680350151,6682.170890559247,3661.7929788272163,3678.7529744061717,2272.6747755170527,4622.026660604521,4872.231955536133,6328.740558305687,139.37063903182604,4590.396816901488,6449.565104230603,3188.686410780773,4809.075311443408,2836.7735918675085,2565.538159436664,6225.482438701387,5843.780493528305,6338.897714182176,6217.400865007273,6193.533923076871,5639.029862443796,6104.124511046877,2620.2084737778932,5487.192407355042,5705.510933075036,5927.3537237731725,4885.040052879646,3710.406175889449,6354.726180375956,1256.4986224763375,5776.300662026133,5319.113902656648,5746.734238282517,6273.030240865601,5763.269698139273,6196.131082592372,4749.25136878859,5940.259213093001,1486.0679436589664,6168.941059504837,5466.364501893815,370.5343900459887,6526.718740973363,6082.3475755169775,1069.4540755872824,1095.2484533066047,1126.6893457748806,1325.7367711642794,2972.215790630073,6440.360134720112,5643.454341597212,5504.980861284552,3523.327382907829,5684.4078987244375,7988.893246443233,6074.145761038884,6562.669000692518,5831.2100623189135,2990.918391335227,6015.487193078178,3090.169914262008,4578.011976039556,4622.881490298083,6923.907739907823,1762.8109045579126,4618.3004135206675,4840.6050546609,6198.487556573651,5928.977951734267,GA
13097,32.052486236303096,960.4084504821756,1895.600311663588,3093.7786541552496,1143.332381339011,2772.833460099574,3476.14133127288,3402.888841155843,2517.157087566817,388.3241957013781,672.0359538710122,1438.842354686272,1539.4444570337932,1080.291730360268,1217.3033233376575,954.64169812504,1240.6278506888843,1243.0175898860073,957.5097750058052,1090.0497993367292,945.5731824261467,2522.452236873651,3005.762814409297,898.3606671329892,979.0475148368668,936.5806667560116,671.1516329637982,3459.2273344684254,1126.8461082347271,321.1068573584047,876.3393264015821,753.2947441494085,1277.2970792833933,7201.716393103529,1091.4831157936687,3365.7078997338613,662.3992754690087,3388.537232505468,597.1281837387651,1084.361783073978,3327.9943841713616,3049.312375574264,1376.3654691639651,682.8709518923295,894.7537684225142,855.2836383756697,847.382649351176,594.9041886474228,719.7872965258529,2519.8737865621656,1063.7258947260898,7087.749055825239,1399.58108461674,899.7795204853802,459.39931004115766,3084.88291000078,2006.2599999163012,5464.7839562190275,1153.8118302231944,1293.646415490434,3018.342664541126,500.94423403202455,448.062437925835,1189.6196616345408,794.7752087176002,3169.707617005924,1471.0349345295583,2922.556637437974,3072.633543886543,505.1758596111339,3134.555526260404,854.1861958810982,2443.344676409035,7114.05231141292,1023.0595749651947,2028.1093869193155,7296.1053227121165,1050.403479999245,184.5152458280654,1386.8551162706565,641.9503168734168,1170.4385168198155,375.75030400369286,540.0302115823449,1215.120515369054,269.13556756626963,1288.615294059032,673.768788440486,244.9597114132399,1668.4077803141558,695.1771792895995,1122.2782217455651,425.02143564625715,2922.310680135985,514.6220591494833,1547.865173356944,1871.059725926562,691.4445717009618,1224.3470346979761,1297.6070726749374,799.5149788065038,1273.2197563941609,914.9342163926867,3175.172873412353,394.1625036168815,2607.3047982907256,732.1892539725501,1558.6057665765927,482.50853604930563,1638.9806665635647,1012.6688646470476,7023.478044462088,1094.9280841652214,212.22489257709614,337.8906607354096,280.45632976764125,3485.847609340116,5395.4993016630215,1111.3411252836213,1509.9985269747951,874.2622136340541,383.9730915832747,153.87683893770316,1576.2489727345144,3442.226362586997,518.5789158384342,635.8418008264439,854.2775564670793,4565.838336896806,2423.362983884798,1057.605959269138,3324.478608189566,1785.7661048341456,2863.3806180593288,2604.145021212022,1145.9742983383078,3215.7853523874687,3210.071176412031,696.5207586682237,369.3048389295655,2495.748472518137,1130.2941840907695,810.2908467609725,1560.3629839422558,613.2979214589158,900.9003252077066,3526.750921128474,1034.1682983777996,998.6528955424941,752.6567043441403,1217.710143304206,1542.2063680284937,1382.6991535063146,888.6231220837828,591.9374650099355,1233.6029429208338,1840.1759658041715,1949.965025287222,262.2183565414893,1492.0004297706807,855.2867695189551,467.80312322007904,2433.8782231077107,2063.699415231385,1980.6506388587757,546.2789474298262,1163.808762062397,1229.835417439998,3275.515507466851,559.0230920543428,2202.915243182682,735.9162201202022,504.36078425777185,543.0765174771118,4314.25679446243,784.0524142547134,3434.970930009819,593.0443330251474,2667.1256632682616,375.9017193520377,840.8229659277357,2112.5467343198943,1276.9238386801594,3365.6885924965973,1316.8247303434605,838.4806572438522,2697.8449865848506,2076.6607152024203,217.337453037514,1009.6958476820903,2595.779721467239,12597.179612451624,6103.877383974612,705.1845328556713,699.2903172171897,951.5390866343877,669.1521205305445,871.7035643245184,2121.870692438802,1323.9909934747975,1165.8777861098058,1589.6860959359851,2139.2422182387736,1260.1002520289653,4577.060974260413,1095.0593292980116,2622.5221218248307,1542.5336977374868,1301.4956175671166,881.0786248527561,1556.1160081178318,1161.8423482242877,877.1171461570752,1958.0904177726745,775.6900279832444,2701.3409348693813,1892.0788011566144,724.7474434324222,1017.8202354337293,770.8649538382069,1495.6723252151444,689.9332043997505,3130.1529043311452,2122.101104981249,555.7280882643162,1216.930033453396,3301.210977909467,1263.020668006513,1015.1767621554525,5529.814801858468,2769.3024554099284,2514.0355486773065,897.9251973303335,2143.356409786545,1561.7655771472919,644.961061506252,1396.2518840929565,2491.425026690833,7135.2137211121635,5603.626399324831,6072.402685386266,5525.333893876145,6229.739040115473,1144.5423851291705,811.0296884382408,2247.7635536571693,1474.8475193199633,3324.1088394128333,1223.6540255371222,3539.5882035616505,2465.4586989069776,3075.2815596060773,978.6908958242368,3320.7470996928832,1441.9748112558282,5844.0308280500585,891.2677283121945,1830.2936417858648,1188.943717560621,3056.90981674486,4428.199430255519,1495.9963626832764,272.10761262724486,1509.704332616133,708.387693096156,3143.0778163695927,4385.203565618596,132.52402203261198,1002.4248626550864,1259.1449546763527,2760.990941266701,2619.9811178540563,5840.155960346604,7106.546038890475,468.1956823314348,353.4059707986776,355.4842554322442,1401.612587490766,1597.4668787475355,5541.819289076098,3386.183021188265,7141.3634891744005,411.5678801517784,961.2419329713533,246.4821606424501,2400.649855654615,1341.767284936783,1267.1045679604,854.780601733169,1098.0463624763015,5214.539609210523,1218.6796348740252,2056.6658280991933,5942.510736034113,742.7708965333516,1785.4775934548488,4878.3855361043625,401.47514331801534,1755.904886221939,2581.5516354882866,1320.0642564647294,6535.568428985085,1749.0235640165727,968.0942652280943,10519.993344416589,2140.301585901313,1155.1103519091541,2711.75675885569,1511.5313340337161,938.1218812616122,1385.7410309867155,1370.6203085356676,916.0608668565072,1530.0047734508496,1718.3164826669058,1458.671409679422,1549.1026610161346,3091.88716698342,1395.877023259824,3263.9442997203932,2103.3039309036785,2302.5167460304324,1188.7990139564265,1086.4620954554923,1418.5637216804853,1368.474833793508,1536.6887121029406,1619.5091654676633,521.0827983284788,1377.2956668138015,498.6826212412452,1879.6847021761985,2840.9903508469542,2533.148042420141,1351.5163750916306,2301.880606902953,1422.3074720826858,3482.748161349289,1060.533917305403,2022.4672721996023,1427.6311611625918,1882.0036147377107,6013.975858162011,1801.5594509631567,1665.614495557683,494.9296085410666,2586.658924196952,2581.4295849287923,1285.1791145386985,899.1384628806169,1843.0083709031742,2511.4304585886457,732.1677669042982,2263.41153280219,1626.6747199416284,607.3094023226216,3372.2390200937793,5823.825889407161,3561.599588568505,5971.766834578484,1636.6099468719613,1269.4540618166307,2017.4603509828664,2302.874797730784,6161.769804339778,3477.330520974154,591.6401179927736,4631.561773284857,1542.3127401553388,2538.1290121821053,1576.2985626139498,5263.737391780804,1988.8227031733893,5312.045663855141,2248.0218831986053,790.0520889786927,2310.6233030954645,773.5686695923465,585.5748426727902,6261.6831504768115,967.5538740903688,1287.9318620567085,2562.4312548223393,4643.507742813332,1282.2596213565548,1501.262657036968,6290.174781885807,802.8745614912016,2190.830907099822,1846.9557250745554,3241.5579466121367,1948.9082944013321,2452.186831366255,5554.147591721863,4638.294569638472,1773.9762233341337,4606.00362518498,6318.9625936108505,2855.725357920273,3174.901569927359,6282.88023654696,2175.700334039749,286.193461277052,587.0226771493531,789.5435304779351,434.3906120013589,6282.844997809154,1889.201543470401,6090.343191500121,1037.0255847366666,1496.6096338909326,1948.374214346535,979.1812496732215,576.5193248909084,1496.6896071073127,815.2976862239638,991.174626784687,1746.28467374013,1512.5745776670694,1830.024874316733,1821.4545109160235,5598.434148386948,6487.543680809865,1495.1455925036005,5977.824322415225,6123.7193130392125,1859.1463347976683,6083.69255425571,1686.4479367063534,6122.317550164666,6544.819968905149,6148.9008877859105,5959.455310342012,374.54019380406896,6077.882058181631,771.7684913321052,6234.293694054378,560.8268413032075,1480.7279651885501,1510.5651083400378,6014.557142210633,904.2682716090884,5734.040206475074,6113.5732897728585,2427.793065350552,929.8875440007312,7065.407465752104,2322.0779037464004,6082.532567793108,1049.0823053891534,6180.880081008262,6224.204556565805,2356.7427405553963,1442.4601690098543,5877.902637070835,6131.151896161178,5369.983882165071,6264.248602871349,748.0798911958202,5561.276878225108,4491.724153130669,898.3604830223574,5835.279505075472,6080.423424263089,6022.218787873267,6233.060156817448,6252.334862643922,7120.950231129021,2645.2200471504,5754.285793564034,5566.650121780508,5615.158019265496,6082.375425564344,694.4502378365526,5861.777338700216,5823.769848212787,6050.628258471789,7248.138530982564,6069.5199893180825,6657.478892126639,2248.8216148863603,5347.210787768263,6062.820977931775,1603.2876488131524,7055.10556283905,4543.07390891105,5911.338272608989,1578.254477170855,5590.291275243327,4373.578961251356,2471.2117422702354,956.6400418919237,5874.090337352243,5760.68173392783,6071.696895300109,5703.407276083453,5363.488852770253,4300.0839325606075,6350.1302277578725,5861.267652443558,6233.323624672844,6112.8057846245165,6480.3598449145875,6469.083227465967,3470.125052925325,3485.113646358822,2133.4327338743437,4405.672230045356,4649.937008232272,6101.821468186795,152.71371210252332,4373.781288721848,6235.154270731393,3087.475656981734,4586.897865279339,2727.229661906043,2439.374605983732,5994.945303898541,5623.956212579206,6115.319962623683,5986.420135212233,5962.951477275862,5401.747958810798,5880.524735987644,2503.612025205733,5249.029465168842,5468.923442039942,5709.829322678264,4662.147233276871,3551.7240914280696,6131.324803027193,1273.2939603496166,5537.98439666681,5083.424822367292,5511.049760175721,6049.767258789458,5528.4834480317,5977.990055882686,4525.853237721746,5721.133212730571,1245.3347494675556,5946.409283257067,5236.313138610673,269.2671310675015,6312.638195351086,5860.279190312739,1083.103856031716,1095.147807336686,914.6118892923128,1136.3830993881304,2784.3107036380725,6200.167759365652,5416.3238897900865,5268.5936947322525,3392.7042783362263,5456.798082877679,7768.743694570149,5845.597619238085,6326.6695330630955,5598.452821086815,2894.075494737357,5792.081547831994,2999.427611953113,4361.152012796948,4407.1324127314865,6712.424656834307,1593.4832018238733,4400.1860722873025,4616.819649115917,5981.9619611440685,5710.883572398638,GA
13099,261.03171957056634,1213.896953174382,2017.3762578526275,3136.7422422199097,1155.1868774936902,2835.588790667746,3631.9070056055016,3481.4645220807124,2548.9160675711178,567.7190778506044,473.1569283174706,1671.7264477746746,1738.1677115880225,1008.802456098671,1418.358811573013,1218.535397479058,1438.328560652287,1442.9294869640692,745.7101306442288,1289.5729696065491,1148.5942909081575,2637.413161365241,3035.5856532207094,1100.4949876870458,762.1813801577299,1190.5404412379562,437.29616314051043,3601.5642890217027,1137.2811312125127,558.309448209436,1084.0645955522964,963.3562585165623,1225.30221747855,7235.637485377179,1010.8625572201421,3441.968947504427,532.8503882522572,3467.957400824385,759.6484997234569,1254.634111338904,3415.746085015641,3089.1741760209625,1314.606802243052,941.6486534195692,1154.0194644550627,1102.3936425616782,614.3387386595234,859.2147091009979,981.3082441844231,2378.660950563358,1319.0449192832805,7116.566690842553,1603.799198043562,696.3977197452881,320.65035135082206,3130.2915788431123,2057.0586795224617,5674.148708244059,1401.8781811017843,1480.8510533431022,3061.691843818976,627.1598950931077,490.55052802233206,1261.5770325085864,977.4416830574983,3264.845525354613,1665.7206347264307,3056.775340777084,3114.154021703169,765.4261711191533,3298.2715172460553,1012.1435674904857,2458.0574519544657,7136.754070639724,1286.1902714080466,2031.492080218612,7335.985318248245,1149.7181340203365,303.3270395337076,1604.868942402407,452.8293238501128,1377.6289506730445,361.5642782318957,618.6670147374731,1458.198972987861,469.39943603569463,1522.7536611925175,436.20224884997117,505.81951869744796,1874.8755096060581,779.9563185421276,1370.5983558349824,237.20543768274712,2962.428412085203,701.9911939161507,1754.067169025605,1978.7320453692168,955.8484419826063,1344.584830523737,1492.480593896584,565.7628257822298,1475.1593740424328,1027.9911362467196,3245.629863753585,180.5896127639,2770.32532102538,492.7202294150858,1785.024820132823,746.8986268018234,1637.1078158858973,1228.6273458880894,7043.881492654104,1320.9358978446512,407.50591836481715,458.51761325559335,506.9686471760791,3616.832042693002,5617.842250931586,1300.0708369775373,1713.5530244620031,1019.3902224629393,136.88595888738618,413.5676711483885,1605.5974833127316,3559.970697272652,500.532730278396,731.8237833574768,1110.6250944190513,4769.449191234443,2593.79576143948,813.4577702799379,3458.2470315117407,2010.4633632820926,3028.4956137314553,2469.001255929233,1347.031417773917,3264.573262423127,3361.520480381401,601.8762361114652,115.97401078328035,2640.9749493406325,1340.3576608795195,1073.8175141066322,1618.4290198093613,439.84385669008697,1161.4628987979038,3691.1834235374154,1298.5037403770375,1231.615445336356,959.7361357701967,1472.3835549274595,1418.7988299784286,1279.9022888295524,1123.8076858825889,806.1539974444258,1490.1088972035213,2048.921465317801,2124.770076870759,357.93299681689,1364.4147236340727,851.0234048231827,325.62494909772096,2285.2949370283577,2171.132780211054,2187.020715906649,410.21884964508627,1382.6270282704081,1493.1020502935016,3332.3332794896132,693.2876387875808,2305.5662989183675,545.5074975361587,311.011346850149,784.2807720017332,4506.302397491166,687.7888038704153,3521.174106912504,840.2410460458361,2528.386538642557,617.4005763105403,1006.8891313132292,2191.591100853432,1485.9902278237976,3435.164443975201,1549.2108464000669,1079.5848455500966,2873.408846778597,2189.2058390741945,177.58545555107787,1273.99121154847,2737.090050481604,12741.10389389454,6312.364948539355,919.7012425462157,960.7399074337636,1214.506213446777,783.1559476969237,1111.1037479737095,2335.022717247676,1499.42328531075,1399.0662339781063,1834.5377579503968,2235.5611740192317,1228.7420877266936,4774.509283107852,1359.4908813531356,2695.7225861495185,1724.6799347970102,1552.1881248026648,1145.3451747309289,1785.1351406770582,1411.5933826323285,1065.4504041925047,2017.58867185526,725.7176940567365,2868.8553242899293,2120.035537485781,841.6764920657553,1264.696953816837,1015.5045022552632,1361.204711384315,685.7104077918065,3187.821901648634,2243.907683504443,811.9423402543356,1449.449252289224,3381.982418717496,1502.7686906957113,1267.9907539438316,5736.845200421937,2906.148890168789,2365.794630209762,985.064802005291,2293.9874351647463,1469.4944032885903,848.0167310892207,1399.3869704662766,2600.850427270784,7166.6227537042505,5799.787578763082,6300.099239122503,5763.121277647567,6450.828822146821,1094.9524632542443,1040.5774350850747,2451.722041227901,1677.4591213831518,3475.852123412233,1375.3597797843154,3645.8085224692045,2517.2410960248744,3233.3951612440974,1158.2251885807589,3478.8287310124215,1608.397561645717,6083.441267240407,805.8383674394087,1854.3292850465477,1168.6073825274118,3212.4297226682206,4626.092608322642,1479.3077925897662,51.55618198764825,1696.3587740037829,846.0896427190272,3294.4608587566936,4582.062801886234,132.59487468751348,997.6894260917288,1310.0277239587724,2888.3047260310436,2754.6315231779986,6040.262347810824,7136.180757543118,579.6252706809345,166.634754879438,418.8673821893706,1596.906223126492,1801.7290674791307,5745.348258575309,3489.126693183529,7170.795957920642,326.9742779592984,1093.3474851430499,71.54765727081094,2558.7022359392427,1540.411580669494,1304.7677210166426,884.8897404022717,1334.7294890357887,5422.157006867076,1446.2160645868812,2155.194889945799,6144.262403240971,982.6397215519504,1976.1622010846008,5084.066906893305,380.15275286085785,1991.4271376436136,2441.463443965925,1584.1921457412966,6721.2660969589515,1957.2883891486115,884.9552147407993,10442.00688054981,2308.0808365988205,1246.6821034331394,2872.961034159749,1619.849290041127,933.1724905473624,1638.870920033532,1608.9536569801953,1135.5150305745356,1788.086343767343,1731.0390940731274,1697.496991832747,1736.95968136008,3170.1001117012,1660.177377722414,3317.568564236117,2301.384710982969,2431.934072356996,1414.0609573410336,1313.2890664078873,1548.7632194718044,1610.6143831665374,1768.1691164019414,1854.3185711571,730.0714255957425,1635.255213326054,742.6408767455415,2096.040875568918,2951.09461229846,2652.2146124137685,1612.1303389402344,2447.930520218426,1615.222933289292,3626.143351594732,1322.1252786061634,2158.5351036152397,1617.2212339376538,2032.1959764182932,6232.544617439525,2046.2743579835012,1909.3439251990274,420.77623546342835,2667.329253939671,2443.931150867137,1424.2845002385363,1113.4288957392137,1944.073808365756,2369.6954377610136,946.3951925148816,2429.960727476965,1781.4479777796375,835.2484899591827,3453.9370887379187,6044.917104146465,3686.574547139323,6182.628216430879,1847.8215420324047,1533.8196085530865,2235.5510647813835,2399.071347720785,6374.814305302132,3633.654104687303,807.6366321376836,4834.789250528962,1758.6882346446826,2584.436003252048,1768.0219245489263,5473.60150984373,2210.506449256672,5540.5349483527625,2447.0182332852,595.8343966041473,2426.4600617565948,1011.4716506772714,783.4565312366612,6450.365498894349,1190.3217055946966,1510.5611048971414,2716.404707030462,4850.243332063329,1494.3385753604432,1692.8429400922628,6502.0424496572805,973.1473852954599,2270.7570015357364,2051.0307407224577,3316.811427894899,2034.779822532,2301.695788736489,5756.9022298777245,4846.032920651969,1978.1772604909272,4808.007204633832,6530.917274818215,2884.6103435631926,3322.470160057088,6491.337212974237,2193.3679828159993,456.2662989677349,730.4371177393126,1029.0201702097806,603.4653616049458,6495.68354489234,2051.9672334688867,6307.896545864197,1248.2478777315387,1715.702821644462,2085.6081333073853,1220.2025302304296,618.9797759636614,1748.8674659761239,938.7155792562007,1193.2409007518734,1955.6504867845485,1605.039926812237,1985.5952209977547,1829.6473668847464,5821.220800901593,6707.312427985049,1726.2983892059485,6205.686739873248,6330.313704567723,2091.6340302251488,6313.307480136682,1729.1127594628965,6310.546463142062,6765.177940463183,6379.1051456944315,6186.221849114781,487.370573947856,6298.853833647038,840.791526038336,6466.33942234189,797.5916803711611,1639.7705501091928,1747.65287790673,6225.367966260516,1139.1427099148298,5938.0071281341625,6334.429835645506,2621.968866230301,1160.22475777541,7088.468626553405,2362.643160434217,6290.984918218321,1291.6976889407222,6394.108798711002,6439.526293065886,2553.5137186803536,1551.296454172378,6098.976740098009,6352.479296455699,5599.4812276482,6487.918702170606,772.3297563953798,5763.663350559144,4689.716688973976,1083.2951540695562,6062.9046623714585,6289.2754408228475,6244.0840191677635,6459.3026769144735,6461.945233588847,7152.359406871678,2832.382149709999,5975.383592186275,5769.0485426035775,5846.854165871894,6299.8252841874255,945.4879873413678,6099.123427005245,6051.475758630239,6260.00412289163,7434.015234780876,6278.318049747402,6856.647590232897,2441.7567399552922,5585.905200539999,6274.57918433769,1551.0665981342088,7082.551227277895,4743.010923941441,6131.137486511575,1721.5472974127738,5818.493578122145,4566.6141387161515,2583.9030789772173,1205.1669286634185,6077.161280079021,5975.967598265148,6307.082392562304,5928.666087135013,5596.36961864304,4491.15482788368,6558.37217041941,6082.796618297078,6448.155362064163,6321.020750068101,6666.500507769233,6655.169744948398,3626.298518127706,3644.012372980688,2222.678895607926,4597.294782770074,4850.861141871401,6310.039383683131,192.9190142140959,4565.818711725627,6423.304706062427,3130.182693048643,4787.651438906759,2779.978218615568,2512.271839332008,6209.448773636862,5820.668120904453,6317.972423685032,6201.714216770991,6177.541466276242,5629.05715089033,6083.261876695706,2564.9338337020345,5478.1741959584115,5694.82747301927,5902.903896409569,4864.036457795738,3664.193190265704,6333.685413189398,1187.2090847023906,5767.3928056704435,5307.644844165534,5735.171443020071,6251.918317791979,5750.873106428146,6171.968789343041,4728.606749173106,5916.717988414269,1482.390305444425,6147.39182527319,5450.118835919412,330.3230856426347,6500.2678336311155,6060.5299762224295,1000.5485304172638,1027.1693261841983,1167.6927046314465,1292.8733641793754,2935.778215473399,6433.519566026685,5625.0452926003345,5494.141253791855,3470.332130860743,5666.325754280493,7965.566162523849,6056.652068048461,6551.259808485087,5817.036569880345,2931.7952219836266,5994.520065045312,3030.0059673770097,4553.572542675362,4597.820679115801,6896.0388311056295,1817.6466786878116,4594.546637665266,4820.1783122768575,6173.422286331085,5904.848867912295,GA
13101,358.39837645245717,1331.8313103269024,2219.8154714843868,3345.0610146229706,1362.8324133120693,3044.438606714341,3826.4765998408175,3689.97147801484,2756.681714434317,530.9628196163252,293.31215230231123,1817.6292616562107,1668.7795204739587,1202.0785514819838,1356.7148267131388,1280.008972565827,1372.642093698862,1379.5476124322406,578.6374573905516,1229.1101194649384,1095.8659743469102,2841.6818261579106,3242.9743840097412,1048.358036044364,600.4813654811866,1307.6582427554567,305.3130930678668,3800.258396732897,1344.8554212131055,699.717102358263,1038.7598353017934,1127.4721463067144,1422.0253147084265,7442.56106390823,1201.2655179585493,3650.5697027136207,716.5568206963845,3676.422518865437,686.8330660162931,1440.7445960493394,3623.685371486389,3297.320200728525,1508.0036428299213,1049.605859573354,1193.129102235973,1112.8307621868885,475.7785867323211,942.2699800095853,1032.8406382764827,2176.548071120168,1432.7251595044504,7322.922589864062,1542.4205320326473,521.2842690317566,112.45884050062212,3338.7384278644995,2265.872370906633,5841.544286967446,1407.870846194933,1659.8958288769836,3270.048266012674,822.3500929198807,359.27636214811537,1469.506902438418,910.1290991613783,3472.0980349542574,1593.015768053676,3257.306466897465,3322.395429306625,871.5616448135727,3489.8056525373077,920.8770638647503,2664.1716062096616,7342.309526623552,1374.269408811807,2236.570098848919,7543.485574734921,1354.3823398210327,486.5205332251109,1560.0923850872312,264.5989685024998,1544.7949975828965,221.21867844458092,494.258394751776,1453.589562297667,469.1489747237784,1502.0173463433791,311.6619278778461,577.3260932916004,1812.506567400099,984.9602474637537,1497.029649330694,417.2170190492624,3170.6245704706703,657.0195328621597,1692.8391426218573,2183.6506344561644,1029.9346883975893,1546.101847155528,1422.770209934478,429.34534826474993,1413.4000294827704,1229.7888411553927,3454.3927966347283,354.04815798016364,2961.789292392971,369.41098981717107,1749.1939365082724,830.8912895888327,1842.1303733049813,1188.7402441894803,7249.125923110585,1473.51545153083,571.5172499001741,393.73105806498495,526.2108204320989,3818.399798884795,5774.28980637161,1228.0715423932706,1883.6277355311536,1213.2306957417995,286.10093734874766,529.426711756728,1813.8057058675704,3764.2004093982396,708.9159771051449,608.9575450093001,1141.7952278588316,4940.863441978142,2782.171423256825,692.2651197377652,3659.092862273191,2164.478165924117,3219.3333450585546,2265.5206050899924,1286.8987761980454,3473.14709963486,3557.3835219791026,795.5983762741603,149.1298238333582,2838.273486697798,1290.6334174957706,1161.4617558316029,1827.2259499461552,241.32296661856915,1262.0480943889074,3882.632012832053,1365.2851991634946,1377.5245256971216,918.6322669137417,1586.851825354223,1586.374260438899,1458.7887384012972,1267.4438868559566,781.4684517529013,1600.3285471771326,1987.441751627724,2310.794583267915,307.12751654652783,1530.3384289433607,1058.312306619046,516.8949428200914,2085.110782853588,2376.273549946903,2355.6754043705523,597.7731188058023,1342.7825215352348,1578.723036690516,3541.1334895723885,602.6428106448287,2511.4975782634383,359.13437860183546,125.56297733052048,921.7126882752797,4684.927662693057,878.7343260959638,3729.2465146400823,860.1317853559051,2325.7797073232878,642.4546443701528,922.90922549344,2399.768585097267,1432.1756424151824,3643.9606969873967,1695.6631744654605,1216.6060707013846,3059.7667934616693,2393.5429547899757,380.90406880414963,1351.0770742615632,2935.5729586411494,12940.959402584143,6480.480131721616,1080.6176454284732,1012.4947269531848,1304.2147817357545,669.5071632721289,1107.57858345533,2498.848909016838,1684.0893812842319,1378.9851523548016,1965.4427258120825,2442.2332061797283,1430.1503608610424,4949.955154900496,1430.217438515716,2904.335322930738,1638.5350363895184,1674.1800731102192,1212.7303255312606,1753.0644845589356,1420.9895012561747,1242.556373901001,2226.424781221954,927.7940979551872,3058.6376523886793,2270.954186190561,726.4306584882492,1393.6111544924206,1148.2113710206313,1523.3241915058707,893.7901866979006,3396.6436335832454,2446.585085184231,852.1271234071447,1427.4314705699244,3590.3656051368034,1640.9102444783637,1286.8529446977118,5905.977453554768,3105.932064444327,2165.5830876325635,1190.8232997724533,2489.31477140208,1651.0780818462606,808.2562499135164,1605.6033087503156,2806.0008014095347,7373.277121347525,5976.208715989085,6451.219058625427,5902.4411297354445,6608.468301812509,1293.254343197775,1189.7463412037175,2622.1795997556533,1613.1831568503687,3671.6784492813267,1568.6627384202538,3851.868158305844,2726.0134251673035,3426.950799080813,1081.1293332274015,3672.5240139678463,1797.0614186481437,6220.543079337876,997.7830949578399,2061.9392501898715,1372.3200103649522,3406.8709352816463,4801.229746544445,1682.4017132803135,258.1834702200261,1615.0109027654519,746.4904742949857,3490.3096766648323,4757.83455368757,282.930333635592,1204.2881801428239,1518.8556484439307,3090.326452864726,2954.863559170674,6214.210860572139,7342.632213592181,484.4488556998318,42.831123473682496,621.8140960588062,1771.8190813158703,1737.6844343899668,5916.960452858157,3695.566302060505,7377.218367728259,144.21831043228138,1291.190539994151,158.66576929283244,2751.8069665484923,1473.8874103789335,1513.5263352397415,1093.73226122129,1476.6182403312725,5590.824723083553,1416.9259190234516,2361.546318824744,6317.132677475673,984.0462291760568,2154.2048242300148,5254.08664299423,589.0032264519349,2134.307200884538,2239.1200375197573,1661.3542088504462,6903.8110604351505,2124.45357435014,1076.301904912483,10617.067444195081,2497.276503370535,1452.680903324464,3065.1769613686793,1824.1868752597666,1140.0255306933504,1756.0331492789828,1593.7616016643674,1102.6602463008837,1893.1262754711302,1937.7210160460238,1681.9884739191157,1656.2626518190866,3378.5790842930787,1733.974135629591,3526.298508263772,2475.485464043101,2633.153783634465,1567.3626567465567,1285.6481154216353,1748.567201311863,1745.5767965614068,1915.531536737416,1998.0605945043592,893.5145272133624,1741.162473634659,877.0140053489927,2257.245643488522,3156.330807512736,2855.7527673706445,1709.7626620400824,2644.818255633857,1541.4186374636874,3824.552623669507,1417.6097777603352,2357.8704260073905,1539.973727068753,2227.34170923763,6392.459650385523,2177.1476275709742,2041.7891142537976,624.6728827937147,2875.568638935989,2240.967395359349,1621.4935713814002,1275.1096868170794,2149.9139897439595,2167.707794320092,914.1682902797313,2619.7705344862243,1974.701731369823,825.8448951598455,3662.280859040485,6202.544509236756,3889.471170469987,6348.924694179387,2012.7903242016364,1599.0691792270825,2184.081374630584,2605.8587293768305,6539.399506597168,3828.033684716679,967.0117020693014,5006.476456414277,1709.7030683786968,2793.033516353073,1690.8489791963586,5640.598246232072,2367.2832184889226,5690.833223260932,2620.66277328288,412.70677271644684,2630.426227197551,1152.2606249969501,953.7843183323835,6631.253445340622,1345.5857619256872,1666.229646755826,2911.035645288168,5019.476221923797,1658.3020679701356,1616.5235383617846,6667.575439053628,1157.890827765994,2478.9110022123705,1984.1147296320603,3525.4361782186897,2242.3672014651443,2102.097527356394,5929.046148769757,5014.53785223647,1912.110884166776,4980.516009502196,6696.383502505593,3091.9778319557977,3519.517160445449,6659.491057672437,2400.056362493761,633.013528784424,922.3480176222477,1028.1646854651976,784.5988379550728,6660.4425913383975,2242.804118175719,6468.705363831741,1202.1019540220022,1670.7658577022125,2284.554147680135,1216.5738201162887,827.0273141382434,1867.6381148074915,1137.803868457328,1363.22796234678,1895.81868117137,1811.563798173406,2178.9113347303282,2035.6617183612427,5977.25211831349,6866.169921794878,1698.1206132699158,6356.633691787085,6499.824127865692,2237.874779190877,6462.3701708154085,1937.824280031044,6491.66339747477,6923.500075057893,6527.516921339386,6338.311457436228,682.7758227440032,6456.598596921031,1047.9196755229618,6612.665923523108,802.6573773421543,1831.264121053544,1728.6135121108166,6391.707154064022,1127.6298610078925,6109.339853836432,6492.281935518297,2798.6225102300377,1141.3696733072754,7294.081976145776,2571.048504637046,6459.1244761347525,1289.2908183672396,6558.546717755955,6602.2457179699795,2728.588494026745,1755.4283446182208,6256.621475404554,6509.895690176058,5748.6955025089665,6643.108749846105,981.173060334142,5936.058063635413,4864.804480410414,1013.93150132895,6214.103563376377,6457.115446567462,6400.995227410133,6611.927724981869,6629.226315184612,7359.015689775158,3013.05471082659,6133.002936619898,5941.4358635525905,5993.612921615564,6460.723619902821,968.6776465713583,6238.9845358814855,6202.590172263557,6427.446234299458,7616.563051744083,6446.197609790521,7031.304684012975,2618.9961796053985,5724.041882984006,6440.181731269135,1745.8072176037244,7288.742793902379,4916.868001778958,6289.948505982116,1918.2678474375039,5969.089503826644,4744.68007670674,2788.521107463869,1215.8968957256247,6249.128421662304,6138.689325109083,6449.419939002988,6082.287185005345,5741.776801244803,4670.3333435606455,6726.692326817834,6240.018659769583,6611.283806173065,6489.3399732795315,6848.801770392235,6837.4982253662365,3820.7262703358724,3837.495309319892,2430.078146079813,4776.1847808533785,5024.0935720994485,6478.355412284466,233.6690740817836,4744.463062184447,6604.481855843564,3338.4886539390645,4960.984523297849,2988.74108748022,2720.8610439968083,6372.8342181671815,5996.751566960415,6490.253271591054,6364.442974112962,6340.853498074076,5780.592664121954,6255.457913596115,2773.7841784101465,5627.773494549675,5847.800894143767,6081.200529581476,5036.6314270686025,3869.342900543239,6506.166574952896,1373.7113324593342,5916.697966250894,5462.287491612177,5889.914442064769,6424.532094783226,5907.2795862616385,6349.769266050068,4900.597390605562,6093.510379977255,1623.7572255750797,6320.7761457699635,5614.019649803875,529.9558016309769,6681.741412399386,6234.386437033262,1190.4449788575478,1221.266813110169,1189.2559807986058,1484.3025564955747,3131.384941353229,6578.319400836966,5792.918873015695,5647.4735870874765,3678.879954631397,5833.597398690268,8141.837448201883,6222.788129640326,6705.547062581848,5976.920133173469,3139.8462463914884,6166.908528738225,3237.46476170309,4731.992809655256,4777.241941047928,7079.69786975606,1778.2693415040244,4771.837196625599,4991.7735888269945,6352.700487191228,6082.617705750432,GA
13103,320.6710822619492,1215.9124233041248,2247.2269841197553,3436.2744035274372,1469.5599701131393,3120.151637364947,3819.3745611794093,3753.258787062089,2855.4143772334746,319.217652159927,437.2666608933638,1728.931528364783,1436.898597311731,1356.6788290872034,1125.6018247782001,1109.5953493916772,1141.1223568110754,1148.2262811366093,708.9307085028993,998.3455490610228,866.8154672220018,2874.250081250944,3343.871204177881,819.6482589200058,737.2686205232322,1191.3690269834979,500.9494404659164,3806.5433066720216,1452.3240609195489,644.4126592362467,811.7949224245802,1081.1922455085426,1568.5718426612266,7543.022550084031,1360.9910663842286,3715.750409884957,887.7965966744548,3739.0103631423463,456.2419301989744,1428.6170885461459,3679.326821805659,3390.8224829921637,1661.2549367687366,930.8133180260055,1007.0806327889323,909.4030105835519,648.9951433372395,801.7114255856525,860.2614205419769,2179.186021648617,1309.763377937319,7427.308620001715,1311.1357050838792,642.8452763580916,210.22993208186563,3428.089582381122,2349.756798050172,5769.882901750774,1198.4010098552126,1628.8545385361028,3360.8920713686553,852.0793831091651,135.82502904013356,1536.295276867679,679.2606905860298,3521.4989455933587,1361.0685210138272,3271.9894641378496,3414.6760040085383,759.2216672676367,3475.0975109349984,689.2628761009182,2774.8846181855847,7451.397022912574,1225.7851639906878,2353.8267656773364,7639.284551068569,1401.1553760250579,521.962126539031,1331.3221833357386,398.716936326475,1493.3862155360055,29.22489170759349,268.64388763862326,1238.620648016172,293.18725328527785,1280.2344195936325,511.7062930079345,454.4966648748859,1580.9573625269102,1041.6294465163337,1387.7871057272653,592.7970575157964,3263.7894853435027,435.3328577847141,1461.4525450402289,2223.0439043685988,877.2069234242896,1576.3374338890808,1190.9589690082946,608.4314665142233,1182.2056413796674,1266.5719165996882,3524.222501118849,534.2123802261566,2948.9422583934147,564.4179582597817,1522.0511033331472,697.1706226595413,1961.1111567659161,962.4026253533528,7359.920394363145,1400.0132672612147,563.5172336166671,176.60166976341378,359.1476507319758,3835.535730576244,5684.752276922634,996.2546396380353,1832.443944228169,1225.2301863734622,477.7879395865062,464.5793514321187,1911.7009370226106,3793.6176618581767,820.2238058802907,383.7287250885883,951.1304167727117,4877.989473334807,2762.208863256401,868.8944118126683,3673.7503819351855,2083.8939399687933,3203.7307639860114,2260.921705420406,1056.0724438787602,3560.0353212785103,3555.017822529131,951.8574630767523,359.4899300372753,2843.221750956001,1061.5229905722051,1017.5663563306643,1904.87854925126,354.8471576974567,1128.6388146645775,3866.498487281756,1197.73246368886,1296.3641952119901,693.9317929763984,1462.04719787392,1774.5783744174191,1634.5992810059452,1185.8405356112867,565.8648966245614,1470.6123177020295,1755.8815986482464,2288.0979831143727,126.23110954104212,1720.1139992127505,1171.2142278803772,679.6616561224045,2096.736588324747,2415.697141072566,2297.470719366512,764.7722738822779,1115.774916955145,1424.5200443281033,3621.840737621198,370.69352645987465,2554.8389151150504,478.29575696322854,309.96271290135826,844.9027974985048,4636.688344623082,1039.0536428764326,3786.1927475074153,669.1416547460275,2325.107693276453,467.68762562344233,690.9566518338568,2462.271206623142,1202.0047798533435,3714.6571374243654,1609.4217479956385,1127.4581105860275,3033.5713535837945,2428.627726412117,474.54450425450426,1192.7833098152016,2944.057783081298,12940.954322865928,6409.193209626999,1030.8091781827181,840.7305237912835,1158.7679832870733,441.1963112389882,896.5218896238063,2431.2721992663887,1664.7063505646124,1158.0838743284273,1855.1460498916363,2490.849378854145,1564.4584695202884,4894.762584558774,1264.935898845755,2971.71999937459,1407.1123082786291,1556.6996862140836,1048.7519336794987,1526.8850920562359,1213.18987382479,1215.9998991836494,2303.7737766490145,1064.1562713304995,3040.9302409134084,2184.8363107186815,498.98412962208425,1289.521067033412,1055.5661474690764,1716.5356335646827,1003.3495481723082,3476.5864530017684,2473.610493783523,676.9598142604433,1205.5555529950532,3651.8215689423055,1544.1095713834648,1085.8825011840922,5837.30408842982,3118.3533023082427,2176.4824942516243,1246.3278966311234,2489.9366708666957,1823.187072607205,585.4814835704614,1719.8568454518668,2843.4061779276594,7475.6732546806725,5921.239031050273,6352.769118391662,5788.546335243725,6519.625765288746,1436.7055664880056,1118.2765242214778,2565.3988434439184,1381.598765976768,3668.851698877256,1572.2819892025727,3891.561320947229,2809.8558376517744,3418.10261031537,849.2033860899312,3663.2944216158307,1785.5809039758676,6103.371738457187,1155.7693994845833,2164.4423794596,1499.2737363112699,3400.677096061722,4745.726068458897,1809.8879295135944,404.7322240499793,1383.2314217091055,515.4094710363387,3488.112486974085,4703.668743368366,337.8413517703518,1319.655001646199,1600.6361816546964,3111.595302954281,2969.5559724621844,6154.051468758127,7446.393713658737,252.54980624561463,253.7816512483464,687.1989238307166,1731.0380727847662,1506.0511025318326,5852.804192182459,3738.186829026202,7481.149523742084,123.16142211468248,1313.0463807554115,284.2506270399052,2744.4905371262157,1242.230143646399,1604.338147468933,1186.1852282712853,1387.7571542241885,5521.805653804045,1192.6517073436835,2408.374190075905,6254.773347959414,777.7537474131324,2115.445947472814,5188.071125942662,695.8244828903547,2037.9769968672965,2240.254818963689,1498.4394025512572,6860.551093493376,2065.574433003792,1234.9282314760546,10796.190375669283,2481.0024903693275,1505.1706538240242,3053.9268447425707,1863.4522892739126,1254.6299883202244,1631.849630454342,1373.5994189078056,879.0611330765448,1754.1814901210041,2047.4788716133248,1461.33523718807,1424.4634141067445,3442.0931130875347,1567.3363733429255,3609.488258395365,2426.4611254816573,2653.132328230397,1493.1954140271814,1062.585839605562,1769.920963416392,1643.0793907255686,1827.7141221693619,1904.2537460068884,856.338483374295,1604.8687920510956,798.6992516156063,2187.1479616944407,3192.923288743724,2884.692748334706,1565.3866904932468,2649.4007959716964,1309.4633869874085,3829.7778170957545,1275.5830753222529,2372.3698855524403,1308.032665912248,2229.1922401722163,6307.489780365877,2064.7929311549165,1932.6427589443922,760.8421272732928,2936.9510909053038,2239.1235984100013,1635.7786077394742,1220.3730919497334,2194.76807723894,2170.9815753753774,692.7431575726414,2604.319472507647,1973.2668045565802,617.1828511217071,3722.9808310285616,6114.217273561991,3912.1692041041583,6274.62713954949,1951.233853017056,1426.860121080981,1953.4417632217667,2654.5333304018122,6461.922632254908,3820.3617991372453,919.5696103367039,4943.98311222868,1479.8859975811292,2881.083679887032,1458.927983210966,5568.54901213418,2289.262402584676,5592.259839239416,2569.8274950390473,530.8241850607438,2662.431037964287,1070.2051729968384,925.0699690904173,6584.686700594211,1278.943281182316,1594.044601878667,2907.357996094543,4952.467346157552,1599.5530512594562,1384.576639693363,6591.549433679934,1149.4292718382335,2540.75279718709,1752.2539572388314,3591.4058725049126,2299.4164904902955,2115.9217086847093,5865.86492466315,4946.2351170611655,1680.3013583610673,4919.610639236879,6620.2070037706535,3193.3488289655297,3521.0448638292432,6588.042872169698,2508.032580913795,638.1851679195996,938.958870293749,819.7685704388914,785.2469672620642,6583.106087158496,2232.530282865155,6385.073081808988,974.0823009553387,1441.750476401987,2298.174520713961,1004.1227291133883,908.2405957868996,1743.9352666443745,1167.2445721157108,1320.4383468102258,1664.4346564842438,1863.3878650569986,2175.853907009437,2148.893385610101,5886.774978508476,6778.92078882578,1473.1869788796246,6258.05575723459,6431.008188778896,2145.3024167076646,6360.948737093433,2026.838657142538,6445.770248937127,6835.338934072093,6425.090010447227,6241.424983270449,721.7283240208803,6368.114920663979,1115.1676904870067,6507.217420933966,603.6306664802146,1826.5712873721511,1506.5232689976597,6317.426394142092,912.4073887912093,6044.386726767983,6403.919612410521,2752.62745328199,922.7554622029719,7402.875391130371,2663.017687416626,6387.9087177715855,1076.6940617995733,6480.79609818551,6521.566156663916,2679.870468312964,1794.371053694007,6168.247446152207,6420.831503285397,5648.478809690789,6550.456778666257,1075.7231604578785,5873.337478362141,4809.0762446453,782.5517519779182,6116.081622130966,6385.372326481643,6311.289330626929,6515.477689247749,6556.277868112494,7461.406476965608,2974.273773227655,6044.759367194262,5878.693466835683,5889.579266235854,6377.246569861794,776.55007979856,6125.335587670252,6104.460992073194,6355.041433039601,7572.50628516126,6374.538696693722,6971.477997985829,2575.199904000366,5608.87818380658,6364.5675364827575,1895.6446225832035,7394.173965403437,4858.650635547077,6203.3600813122275,1927.5844072531195,5870.533969025904,4695.162893501142,2823.1135833123253,1011.0920581725052,6185.1616252337635,6058.631776818551,6338.7610946596415,5988.015882781857,5636.240065857193,4623.2762483494735,6655.455097820423,6151.009607888268,6531.27106398467,6418.403595105327,6805.065002758961,6793.835534928316,3813.217712293649,3827.175379801088,2484.453037653663,4728.305995151478,4964.475187699502,6407.427697658945,219.29047386243624,4696.1391884196755,6558.5757808001745,3429.8895050979827,4901.678591480241,3072.1441431017506,2788.387612346809,6293.559553961887,5941.078211165494,6426.552319534731,6284.088514362785,6261.499183339875,5683.679350309076,6191.911169977478,2850.389914078012,5528.292578635823,5752.903826413502,6029.89188588696,4975.781589874232,3903.46532598809,6442.821778398778,1539.1968645984525,5816.363029782896,5370.49024869314,5797.6041744371305,6361.544298538796,5817.480335272274,6297.071962177231,4838.87539856849,6039.117925618767,1531.5632046771846,6259.389653157358,5536.7111476862365,593.5500053272274,6636.384902132498,6174.022156058725,1351.0564203294596,1374.205426429162,991.3695822795556,1484.2974662504403,3129.718592704633,6470.816829329059,5722.173011723971,5553.4144059788805,3742.945386789255,5761.730596930984,8083.983256199233,6148.38474706147,6611.455083662334,5892.474962693041,3234.764949496488,6103.845611618182,3337.7984466325993,4683.231222547758,4730.471701636478,7038.746145549746,1550.2323067338652,4720.6829464190505,4929.137345137722,6303.063439933564,6030.222390083573,GA
13105,155.83294014342832,979.4213169722203,2035.3606565530367,3260.680253890819,1322.0728979500718,2934.1114254457043,3590.255475618333,3557.3018146948193,2687.976691147916,211.77912634671762,648.907306066822,1489.3594644332638,1379.3215372037046,1263.3422880953515,1058.015167715313,901.3379052372817,1079.3933248495944,1083.0880347035652,931.1594441821793,929.5334200549834,786.8535359474453,2662.9060642330546,3176.331938359116,738.909654466241,957.2521787090552,954.9072375511598,683.4773862160016,3582.0315919661875,1305.8685851995206,414.1898073086047,720.6718348343829,847.3598719413943,1460.7966781510556,7368.403347368257,1274.0324859564612,3521.073350711853,835.5641711189734,3542.643658808286,417.96377099496397,1203.5434271760778,3478.8405305850742,3217.154969986365,1559.871284156361,694.1711954888592,815.5522856919649,745.3787228996578,849.2989063652216,572.1379727731401,653.8961155940586,2413.119765430721,1075.329242977745,7255.932723130914,1242.5977301921605,867.378525376796,417.12817196196403,3251.0863507439244,2173.176670311007,5530.116716840573,1043.9615403314099,1396.4074412117832,3185.241879344256,661.1174232777385,292.88987402223853,1354.515769270163,624.2493379696573,3317.703507292494,1308.5589748139819,3051.513341292322,3239.976970147244,520.6248557146658,3244.001369719214,675.6021372815043,2618.162791535309,7283.879790508384,1001.9366552612953,2205.7180017197065,7460.971242070849,1207.4225211956427,366.3272781698043,1239.9724453646827,612.92852153949,1256.6077456047349,268.73725743930913,364.42321464575065,1096.6272977786136,103.75802879135165,1157.8453311705534,690.4298714990698,215.59816825622826,1513.215794899421,863.0124136265595,1150.2448556831273,575.0881157644639,3090.2661662971223,343.96528202685755,1392.367514280144,2017.7090145231805,654.8496858243329,1370.3213176994411,1134.9098635935927,804.4562629011048,1114.5873549001178,1068.5744135566763,3333.0160465253493,531.9964581888946,2718.966018663065,747.8456584785629,1419.386398197406,463.907263856546,1818.162639355609,863.709112277092,7193.933699941719,1160.5866665507135,365.55630006118247,159.94002741786372,149.07793037114584,3615.2911023186025,5445.938766311111,944.99477571431,1595.0639320509888,1013.4426175614607,501.7467104415909,239.136897223896,1750.0159507694113,3578.9216337860717,702.0899083401185,454.5349716763984,765.9296150737185,4638.404630928662,2530.4052298513298,1068.1977950933135,3452.679401984695,1844.1375070977679,2972.641024361353,2493.0445698743065,986.53196715922,3380.7920473097115,3327.697472051379,876.0439683717025,437.2580539354327,2619.576549774916,976.8928086768492,790.6334553598267,1726.9462614886636,574.2673278610042,897.3201885169807,3634.6942600860884,987.0764053905364,1056.646314846575,596.1162729909688,1228.4787017727738,1720.7650737445929,1563.8108751023371,946.1600414388414,440.7228650260951,1238.7161761157315,1686.6629098489364,2056.2775048438525,116.06309138326996,1669.7456997258787,1037.2213136705125,633.9722644229993,2332.557791979653,2209.512015418334,2058.7239687626347,716.0402584194559,1017.4419967424041,1204.4691068685515,3437.903672690692,375.5795890242808,2350.301946620469,700.5691821575141,495.1229499266228,606.2999267200958,4398.305470873979,963.9983271144882,3586.2748122285384,486.6877506244035,2558.074077506943,265.22694998936544,664.3917030592128,2269.8647872716488,1123.0328552057301,3523.5807158511857,1369.7160839159353,887.6960485264333,2799.8479671160303,2220.0269352864307,387.2315505826165,975.0307240584708,2721.614377421518,12710.742441083392,6169.428354206964,796.416799275227,633.5593299244183,933.0868842484427,485.8447582769725,748.8613037509816,2191.7393755012054,1435.6866391833253,1034.0979496718667,1618.3727673494311,2289.6277554165945,1442.9286293216587,4655.654613946899,1052.5027513153998,2780.481999891792,1374.1622574472394,1321.2088243941914,834.9666078885741,1419.5171823005026,1055.1848195557823,987.2323220113564,2122.575621961925,959.0608586298056,2809.418906884849,1945.266081836081,541.2537886452319,1051.0116324670842,815.8469932477893,1672.1174046859576,872.6216306794203,3292.482203325977,2260.6858868974696,473.4792654629925,1084.3139215476574,3454.931937802569,1305.0263577379155,915.9545542423268,5597.541017418564,2897.195348665993,2412.068639284009,1061.3936777585816,2265.387917615397,1744.1005033534866,485.0268447352028,1575.3343228956617,2634.66144626758,7302.650142274957,5682.052369886364,6115.166445493893,5554.00581223423,6280.805569065691,1328.0495084941815,879.4302529887308,2326.6649145661604,1316.958543333998,3441.258254984851,1352.7802765290435,3681.8208785745983,2630.878203790537,3188.814353304194,807.7258923178033,3433.6519358848986,1558.7855949007958,5869.740342162163,1072.9101103265573,2004.400503237953,1371.1573995676704,3172.253654676481,4506.610064705772,1677.2807982535776,395.09745721062467,1343.281086198899,525.6609046352652,3260.922625207314,4464.670446674935,263.854747629452,1183.8024889086626,1429.416362263959,2894.278845083854,2749.630501470427,5914.52647496323,7274.494581927406,287.00652644771236,373.0761768572356,536.4693248119697,1495.8491585304675,1440.7712100096355,5613.130370909088,3530.239439662928,7309.35556893593,342.8054317871763,1105.3846660713396,313.57461533324744,2516.5908053640296,1181.279683626792,1440.4606224036945,1032.4947617810465,1148.0662854459924,5282.04232487339,1080.596537835328,2206.4522268986043,6015.148343231153,621.3929215130935,1879.9657033510125,4948.364911092614,584.3116678281822,1799.1605094857891,2473.763676188113,1284.4541284816162,6622.451395970798,1826.9038341802172,1150.1791773418126,10703.485374721817,2250.7020944216997,1313.7682139983197,2824.306552008159,1660.1987315849344,1119.770082129062,1398.3641488207834,1245.0413424427038,770.0532314921178,1526.4651546198156,1894.9459944050068,1333.636869579913,1383.309569088025,3246.98014578378,1356.2800710387849,3427.3783047966213,2188.793758675189,2436.287646468884,1253.662492587703,947.6731571454936,1557.5333156762158,1404.7582568526154,1588.131654942171,1665.11654273806,628.1319759620968,1375.7792736334995,560.1235979720552,1947.5518768330487,2982.8719587678247,2671.50608440934,1339.994388408875,2426.0120399451644,1258.809380451204,3604.8491703534364,1048.4614225549883,2153.876200098214,1262.4598749240906,2005.830966596818,6068.30701448675,1828.644940278858,1695.709576262127,674.6429076437582,2741.919460143433,2471.9490815330028,1420.8146568630705,983.8076825769832,1992.7238501694903,2405.0644657615944,581.2716370449318,2374.056974084332,1749.5013587644364,470.48871716641713,3525.472781548427,5875.3170427147925,3694.2286160555327,6034.9051519537925,1712.364386284544,1220.416481211449,1870.9785119875423,2452.7036140331743,6222.3034875941385,3591.0638664764056,686.891713523634,4704.411229158834,1394.2019361646558,2705.004171920877,1412.443533399924,5328.784146961969,2049.493351924073,5354.593650925957,2331.804899190707,754.6572670537503,2451.405658778505,830.5927131105307,698.9954543861388,6346.225522986001,1040.3154471776234,1354.5642696796638,2680.432525126093,4712.744310690581,1361.3868459157493,1337.2152113924549,6351.881663059677,928.6416617608684,2347.5473416554355,1690.39799861373,3397.511422585174,2104.3011868663307,2352.0996892952867,5626.223294149221,4706.488046049624,1617.4293447765615,4680.1177937284365,6380.544909431294,3026.730196225511,3295.1168379381197,6348.28051437515,2350.361476478527,442.8404491228292,736.0055941091824,667.252192964386,578.1000105015572,6343.485087596626,2004.6944768280825,6145.7936323232125,884.3260304624245,1350.703854600983,2079.5361426651334,858.3004387422548,755.5846782210238,1510.4556054502752,966.5173135266575,1086.1276708771823,1593.1213665153018,1667.8116522012085,1950.7629845406095,1998.6425910945568,5648.077350253524,6539.962975811706,1360.8334654042496,6020.463461328565,6191.2405373046995,1906.1622175539112,6123.836489239984,1856.6695182372814,6207.4008558432115,6596.4720022675265,6188.162512823355,6003.575023074994,545.4199979109852,6129.248233690318,942.4321375474699,6270.8711647115515,436.4595233606249,1602.1428363271448,1383.2218524043826,6077.7048218619675,775.0504512606578,5804.684805863022,6165.043498052669,2515.190965115453,795.062093151294,7235.157551678779,2491.004295654512,6148.143228225966,930.3858619631551,6241.188576956521,6282.103248764223,2442.0745974396327,1591.4537721657275,5929.355703345726,6182.026827793848,5411.081350649789,6312.0651248822205,927.618105466162,5633.712598285012,4569.935025442643,729.4065017876587,5878.3887605886375,6145.611170039157,6072.543139755435,6277.590319667909,6316.5342083757705,7288.39207339779,2737.912759714845,5805.84594653327,5639.0675548188865,5652.885216621083,6137.955581292852,594.6429946386551,5890.781935954718,5866.78332643967,6115.287415955663,7334.2334354305385,6134.77666857226,6731.934411838439,2338.2475680255875,5374.634737935775,6124.881483234126,1786.6967487166125,7223.680394251291,4619.323130669666,5964.305652854389,1708.5347105460157,5632.896885034403,4456.624950040149,2612.9492835980163,848.7102829984623,5945.483878237703,5819.115469172604,6103.514847436178,5749.779713417082,5399.8026984168455,4385.037103747056,6415.691400585029,5912.179535003159,6291.771922870706,6178.636514373045,6566.912324475603,6555.6933257348,3583.976725468604,3597.063667790374,2286.7513518047963,4489.948555100868,4725.050916935724,6167.66051783661,175.14286008617788,4457.735668767426,6320.1922574136215,3254.459814367669,4662.278023897221,2891.817218184429,2597.908973417293,6054.013620350674,5701.838112368281,6186.87606977898,6044.597514240375,6021.955878012054,5445.775294700414,5952.2464139177755,2665.9507526423513,5290.761167190573,5514.726921868386,5791.003139650272,4736.287792343922,3690.887045013768,6203.156265387246,1455.753665245942,5579.005173896857,5131.891847917495,5559.1063312170945,6121.893070276278,5578.704932815184,6058.036778939565,4599.346344340576,5799.966185204572,1292.1019914466567,6019.803717931441,5297.056068076221,452.44176092788615,6398.056455269946,5934.486267882454,1265.502283114216,1278.363335192524,816.8689679700453,1263.8479061774071,2903.1617629429356,6234.887725145687,5482.403036814273,5315.107691729543,3547.501189302754,5521.96577869945,7844.4956152219565,5908.662748636066,6373.251226057396,5653.226782105463,3062.7314958505513,5864.199994436528,3169.8133756496386,4444.779821847635,4492.246987436032,6800.926087063411,1452.1148847473319,4481.9674685254295,4689.5599670030215,6064.3079743724875,5791.236038684056,GA
13107,229.77729126092828,1154.6201068200326,2156.1601792945207,3343.125959743469,1377.671168767283,3026.8914452536796,3733.0856300762434,3660.2804396343895,2762.557028181609,317.140723822752,472.3858343022326,1659.5387586267102,1471.7178775973,1271.7897271026627,1155.4839617598225,1073.8591124456004,1173.2346948302186,1179.1271959489231,754.2346340035982,1027.0179640311405,890.2926176192882,2782.9537725323717,3251.0507287770824,842.3836667815559,780.3701858636493,1130.1420014908122,513.7233087207425,3718.333145194731,1360.5094051666822,561.9181059618319,830.4720633403311,999.3338031792224,1481.6405889293521,7450.0021591557825,1277.2573718581532,3622.710076117487,809.2920034927046,3646.054814295762,487.57187684897735,1341.5112133630346,3586.649821170947,3297.7340976598466,1575.4870405270788,869.5333059584505,981.3440545907043,897.594327496489,675.33131728927,749.0544834696257,825.1960874830679,2263.760783749437,1251.4494992445038,7334.437220750068,1341.4998720352396,690.5509961949323,240.28169054496303,3334.9030019323436,2256.536910666514,5697.684691374471,1192.4720483283036,1545.2528331500498,3267.739186634602,759.5214006931368,214.03907345848685,1443.0374933677078,709.7459071180067,3429.130807915755,1397.4489176929758,3182.596849611912,3321.554080858888,694.4515570459056,3389.9247513834275,734.1936473161522,2682.7081082590757,7358.746288073303,1178.4877636488009,2262.294245399411,7546.133471204423,1308.3586211339193,428.6897157306354,1353.0510337400442,436.1333786188974,1413.734798495296,115.26132692648652,336.43069848234825,1238.628573463943,256.36524374650344,1289.0476544435787,521.9817689246306,390.3341031706978,1612.4762822990353,948.3904655640686,1324.5042353182719,519.4968788913211,3170.700044199603,446.32008514547096,1492.1314873019974,2131.028946536463,830.9254822585422,1484.6408203054416,1225.3725415476515,631.4187583198217,1212.3590429548385,1174.174380397273,3431.0561395971918,464.00805271692604,2863.2591937990346,578.2499944752175,1539.848433252819,640.6780809257614,1869.930524886645,979.3792049973317,7267.366090173407,1325.6174253595118,472.69085556384726,185.7365963259614,316.9572108451292,3745.9971980679657,5617.682169175921,1031.281659431645,1753.2920086177792,1134.7455491792148,414.14496744545465,381.83684359714783,1819.0036629752633,3702.799176426422,730.148423889724,448.69374025418523,928.7042525250348,4803.302995747165,2677.627008264425,894.9979026455999,3584.4633650060327,2012.5767074615799,3118.6081144440527,2346.7242284054396,1084.8412269353869,3466.80493748991,3467.942810231655,868.8742563224703,312.0035625208801,2754.8878193506907,1084.625511690114,967.4544261657892,1811.6187194084714,397.3725378312058,1074.14406772374,3781.6869810253306,1160.4934466340528,1223.8369212025855,708.5968467320661,1404.8109146536442,1698.5852022377392,1554.5985962731274,1113.1093484735643,567.3982733718742,1415.3979745360625,1787.2665553824884,2203.692187207584,92.07653307769421,1644.8385966346186,1080.267978528419,600.8365887396218,2179.6783829887504,2323.743610446954,2220.468555895808,686.1180709904451,1133.8118643671214,1380.4690282979318,3528.5678632981817,413.5657457455528,2462.6646644858247,523.7008373458523,322.59241425383294,769.2882160780557,4558.435833473986,956.6021917148661,3693.4654227452106,646.4223860053899,2410.3351485001635,432.0055379958871,731.5697685861787,2369.2031453416407,1227.9938583994874,3621.481449509455,1539.084348915971,1056.7654700593982,2950.2415325343013,2336.99540582923,385.52019095686455,1150.4015264234965,2855.309037844341,12854.650598451963,6337.006565304161,949.5137980681897,805.0929008352339,1109.8340996111624,499.8499867466898,892.3054588030212,2356.7343577297697,1579.1016060216875,1165.7304242280472,1793.073127429041,2398.3518800574398,1475.5126721010618,4818.189994740255,1226.5267088577534,2878.5755745648135,1450.4622565001396,1496.795219361953,1009.1317075178642,1542.7682933922256,1205.5979871932414,1130.7779183586028,2210.5018300328206,976.634297348562,2956.095279516634,2115.2460738837704,558.3655590999797,1224.185762231607,985.682867360724,1642.6870155597178,912.4356743136816,3383.3135921812645,2382.6722524555794,642.8507271787688,1214.5743761989822,3558.899938312113,1476.9349315828158,1071.9584678456129,5764.319857027416,3029.181546053407,2259.6271104863645,1153.1774038471415,2402.016764704107,1741.764391146313,597.2816904868743,1628.3936466451917,2751.7160648151225,7382.7220994170375,5844.820437093055,6288.631627771015,5729.607377799622,6452.492065469723,1349.4447421924554,1042.515959598968,2488.269721807448,1413.6596247210073,3581.876874454621,1483.2340727204382,3799.890130733579,2716.612505668681,3331.964505768485,886.5029120277215,3577.293322661359,1698.8661452332358,6045.686485791673,1072.2560418601968,2071.9073847743807,1409.4101156053966,3314.124007634969,4669.192246776727,1719.755857768102,328.9863487899426,1424.1007403733258,565.0261514448105,3400.992922795011,4626.8057915100235,247.4822408282634,1228.7151569155126,1507.4694403325036,3021.4301495657664,2880.0693741115974,6078.939228715689,7353.4961903338235,297.67213777976576,221.4255700179092,594.1947362176404,1649.4988217612552,1538.2722726302825,5778.647453106198,3646.2807015700696,7388.257944421198,167.7066345677561,1221.7668516725446,213.66391328342758,2657.8454914796607,1275.1014009819569,1511.440155062056,1093.6305165936858,1317.7450829372983,5448.85210510003,1205.4751228071816,2315.9549339319524,6180.229728138038,768.6457212798755,2033.9437861749295,5114.260402944262,605.9284805039919,1971.3949727907627,2325.126526149755,1459.0889501341285,6781.5975575665225,1988.5064323366007,1151.2949436196668,10714.30164100201,2395.6325597217137,1412.2046672810445,2968.0325844407344,1771.2985759051642,1163.7120538200165,1574.675129495911,1380.0459968476218,891.2675964679249,1703.3884781598686,1955.459494661635,1468.4059433557752,1465.0548390879333,3349.0860665060936,1530.1418060756002,3516.222694912681,2347.4294723171993,2562.952488087012,1419.186432921328,1073.5955564218086,1679.1316846943625,1577.9719296666447,1758.2032278938575,1836.7008976554557,771.7056577277542,1552.6928729681115,723.1983071436888,2113.050086196965,3101.3740937246807,2793.715747497147,1516.7907388341882,2561.030808675085,1346.3113846903127,3741.7141552964868,1225.341623322227,2282.661394303029,1346.6680113063067,2140.952164810531,6239.1570060194945,2003.7156039437164,1870.2618223911566,674.9280895100577,2843.969839859737,2324.4763811926973,1545.5804984232584,1140.8210201631925,2102.4013755231867,2255.443292808945,701.9731382150229,2518.8874359682563,1885.2803463593991,610.5491594227748,3630.0926076560772,6046.8581524185165,3822.037303669497,6203.238245424148,1874.688432671698,1392.7253111033856,1980.1753769852166,2562.067630755253,6391.45021276979,3734.161446325321,837.2833718669758,4869.216027533079,1504.3134757642833,2787.899803013511,1497.7689651794324,5496.416617455382,2217.4264727840728,5528.0240547751855,2491.31223621304,577.8453418783786,2571.121541173703,997.1879064102301,839.2565781954597,6506.426909660182,1202.437902505939,1519.6980954443484,2820.245743661864,4878.861464070599,1521.8059387752128,1422.8645082315925,6520.691543314668,1061.2320771305065,2447.7131982333426,1786.3489149171771,3498.335578913555,2206.4999492798447,2198.4811056092453,5791.4618616420385,4872.967015904931,1713.8626190737702,4844.439255102562,6549.395652832032,3100.565773337095,3433.404870235969,6515.928650313508,2415.7349211037313,546.6067355461581,847.4778650296997,812.7778327164499,694.7782442688338,6512.613808943725,2146.032400167515,6316.358556893974,994.6485005495433,1463.9666809552677,2208.5267071376197,1001.3825211003624,815.4693330191293,1686.7436170861256,1075.197677601062,1238.553330774431,1694.8311531146146,1770.5718770194535,2088.2500710964446,2057.100828475777,5820.031841124871,6711.34576556418,1486.8549235447667,6193.943900279648,6358.164798953011,2077.645606149053,6297.788667930335,1933.767029081888,6367.3385171486325,6768.048214274026,6362.2753090583265,6176.762934380563,628.599686569284,6300.84702511716,1021.903476372148,6445.435921742204,587.5714251876921,1738.9026407578212,1515.625235614466,6246.040105366967,912.9052834589296,5970.468939068711,6336.620854381282,2673.1493132895826,927.5162304461743,7310.210944313195,2569.9446536415594,6315.699386461469,1074.087054727128,6410.403917023114,6452.015336283868,2600.9508678681045,1702.2040490505044,6100.912028158533,6353.7491030062065,5584.792162098578,6484.503365910914,983.4270976976414,5798.8188875303385,4732.611638853457,815.0467785399236,6051.764553241054,6313.304930233797,6244.384687686663,6450.721169404455,6484.5656751453225,7368.455470972254,2893.38164023284,5977.362485329079,5804.181374551991,5827.211507310808,6308.485150783352,754.965195516807,6066.367509768832,6040.176662265073,6283.148365332479,7493.823122105306,6302.446741110368,6896.411169165492,2495.128762839973,5550.366367603828,6293.5579740959765,1808.894206870712,7301.348375397512,4782.80083755699,6135.492067371112,1838.1940780910395,5806.345865429531,4617.215512223614,2731.637409532355,1000.6010627848146,6111.015021217957,5988.823479994139,6278.761002761353,5922.475164917157,5574.3349618775155,4544.754092140628,6583.29462773254,6083.864352970487,6461.530287357955,6346.124083019262,6726.208274254858,6714.960923323835,3726.9900456252576,3741.394447346381,2391.6765136263284,4649.994418772198,4888.994648767569,6335.144052858126,126.85776708957262,4617.920467364397,6480.164021386744,3336.745663310412,4826.106270272538,2978.888926367785,2695.2276062916862,6223.568379454053,5864.831889224161,6352.377792753431,6214.40471180666,6191.525259426295,5618.924149950783,6117.65844611482,2757.120585772492,5464.340367997284,5687.517477750545,5952.628204396164,4900.609440147749,3812.244967039465,6368.559052682937,1456.4782850989927,5752.747519053361,5304.053069343708,5731.412395113488,6287.177577209071,5750.515907890547,6220.177515653502,4763.889129517611,5962.582006655684,1462.8972611801162,6184.601732754413,5466.023528832566,500.7285245249452,6557.8621175870985,6098.964298989408,1267.560739549811,1288.9176145534193,974.745832958942,1395.5919190870084,3042.402964778778,6409.7348332891415,5649.719222701601,5487.723585020047,3649.941021813944,5689.586371244353,8008.5793829943,6077.003297320243,6545.9637615251895,5823.913211697416,3141.7293161589805,6029.454682059034,3244.954193683573,4605.108663506996,4651.91147618671,6959.315940750109,1569.9433983778495,4643.118538077997,4854.402873630771,6225.458051245942,5953.212720818566,GA
13109,288.6952595062589,1214.7673601544832,2213.321135392532,3391.581338868688,1421.3387615443376,3077.9123403750273,3793.4781226360496,3713.3974594649294,2809.3434531898133,351.2873404257882,417.7965322765661,1721.1569739282465,1486.2491171768631,1302.7190992798155,1173.173758880009,1125.9832571430459,1189.4527394078145,1196.1578547698368,697.0033980910891,1045.4024902695746,911.8641563128227,2839.767352044493,3297.630390532861,864.3573143138162,723.8452845565448,1190.2673905621173,468.6304274328749,3777.7840373424488,1403.977212742559,623.6735731656845,854.9331257113535,1061.068125126842,1515.5560831212244,7497.456124646367,1306.5814329597035,3675.541165491228,832.1668000604727,3699.2697589652826,503.21442924962514,1401.7263033385211,3640.823914593197,3345.75061886122,1607.6201677969614,929.5629305797453,1029.261715033719,938.9406876391133,624.7098629740185,806.7281307520284,876.8152916155461,2202.979611224519,1310.9391502575681,7381.114757070222,1358.9794237011515,632.5405684448527,185.47406808170535,3383.6940615541416,2305.7834061648164,5759.632507878359,1231.1535594288848,1606.5958146452397,3316.235748813823,814.6213841115567,192.20277052678364,1494.3479729701858,726.5409374219925,3484.094432714801,1410.8735340246906,3241.277018625778,3369.8057525046447,755.1107059226393,3450.7345531711503,741.0479440868886,2726.993776358649,7404.47939698989,1234.8056702628935,2304.835056579577,7594.474165995041,1362.4647991132406,480.4184757013443,1376.0992049102126,380.59776033952204,1475.6768960459867,64.84142865262328,324.4028891883702,1274.2196111595215,306.47872138569994,1319.7862696928453,478.135064338476,450.4858767538639,1629.2974836636404,1000.2364339199679,1385.105800538942,536.6187534092011,3218.732303911503,474.2318240085839,1509.4694815765124,2186.8072828667982,886.6627123794133,1541.0613890477005,1240.065818408451,582.0923727929743,1229.9064654970825,1229.4035902205385,3483.1370693041686,477.8623772825457,2923.9125953762327,532.8916370091326,1565.414385019666,699.3245649254072,1911.6663582376925,1005.0596753601469,7312.7359934865235,1387.6333344257828,530.8889943382362,211.15590617136462,369.81677948095404,3804.5395216037623,5679.103263600206,1045.4260309303204,1815.258877556955,1192.7524090050454,421.4382229718463,443.66219174024366,1865.220603702016,3760.140653068218,769.956759673891,439.33109484446237,975.098667350438,4865.355716120575,2738.643926790296,844.8400271935167,3643.2051866367988,2074.4137330246467,3179.442784203218,2286.3720950115617,1103.2108349272137,3516.0787269243133,3528.000426510672,897.3286576981767,304.6615545878685,2814.3080720424823,1106.6309332029643,1024.5398777286184,1861.5762964351532,340.04153795937486,1132.5736064575865,3842.601122629937,1213.2543766259655,1285.7327215545247,735.2511151177355,1464.0771552331985,1718.455189033561,1579.104314350755,1175.0114820614228,601.1225743874566,1474.145015183625,1804.2315112297727,2264.782208776152,135.48682397432094,1663.9241929149937,1121.6927834278931,624.2054881019901,2118.45252538274,2379.6078174536397,2282.523677461211,709.227441633177,1158.9930083062775,1435.797628008142,3578.9254285144484,421.08453641052466,2518.106114523041,466.0060971378985,276.2845854283527,831.3224877361447,4620.42929478386,984.3160322086453,3747.484705256569,692.482582136584,2349.7635371145225,482.9375076677694,741.5143854677146,2421.98954338505,1248.2672968684028,3673.478802576371,1600.8008438502136,1118.4691568739568,3011.57172144367,2393.3767793064358,423.9360684753249,1205.0413528532736,2914.462617552348,12914.92434117935,6398.956134152983,1011.3305827215187,856.9117088863718,1166.6382985359307,495.8225835828937,929.7921372423933,2418.773957440017,1639.8740075595251,1197.0452419777318,1853.5070632085885,2453.092030981444,1512.7922514496302,4880.246235301325,1279.7672510957589,2930.85351309228,1458.9444392896073,1556.7177186970655,1062.6782555987306,1569.4943768749506,1245.1401184009492,1191.7476074497395,2260.8441262000047,1011.6630353610367,3017.026088004325,2176.91288261518,553.8421439808052,1285.1477301089897,1047.2793874073304,1660.2380008064788,953.8854551516728,3433.756164721536,2439.961355422033,693.7903764305539,1245.144025586163,3612.2570290952417,1538.2363052000794,1114.5303874331662,5826.313249775177,3088.0336929182813,2198.445450549173,1205.7403865675979,2461.698154325142,1768.0001757896775,625.3350697679666,1670.8665418410324,2807.9720275754235,7429.795279442009,5906.8781947188245,6349.606672685227,5789.546681583588,6513.929549880474,1383.913068310004,1104.567713817404,2550.320502830219,1430.0399025778754,3641.97730241326,1542.3304755609793,3856.1139952968238,2766.1316912834104,3392.4295222484748,898.9532672614544,3637.8037600083644,1759.1985982954404,6105.345498159185,1101.3396376716553,2117.458789391959,1448.4286597570087,3374.420193585608,4731.249376735909,1759.2360272826627,349.0612826449887,1434.3704452948873,568.1431695276699,3461.0318902385698,4688.8561307331265,289.2577323256771,1270.059851978311,1556.321412741507,3079.4705789956115,2938.6936963723583,6141.000130600555,7400.299009986638,302.8354305111826,201.3550905363676,642.5506979402287,1711.2163313974704,1554.595024504441,5840.688399986197,3702.131631761321,7435.031166858322,107.19468747099323,1278.848477204025,228.23132871975787,2718.130947894211,1290.8685487295145,1558.6180142990954,1139.5272306264428,1379.4056661336926,5510.842853448689,1233.8299761471567,2370.890496937531,6242.281318578136,808.4461847994867,2095.6472349899555,5176.28827632814,645.5283375016155,2032.6520473308447,2264.437938575221,1512.7850942811265,6843.533959650506,2050.5617193492226,1180.5161407028356,10740.938727210649,2456.41715742477,1465.6513350188156,3028.6044003985,1826.8734466614312,1205.0336707405495,1633.964250201207,1412.1835542912775,919.6738586416867,1760.962355734364,1999.3655362425839,1500.2386666554487,1475.5384038332545,3402.092096514721,1583.062850467051,3566.1552330389845,2409.3914858115477,2621.0103758858845,1481.1877720714385,1102.9014008635943,1736.6812588715716,1638.951075388835,1819.8421230733718,1898.0913857388755,832.9461308263757,1610.634633981328,785.2241928274898,2175.0711589865523,3157.816532732101,2850.9255285370227,1573.6498159512635,2620.441519540643,1359.389166034294,3801.2493815585103,1282.604770558315,2341.1534547532283,1358.4949218508675,2200.4732865221763,6300.746676058198,2063.966837632323,1930.7666471277566,707.6587549765151,2897.127410377017,2263.955607959508,1603.7490386150926,1202.7864028811666,2157.4825903713268,2194.627147245922,731.7752348368516,2579.6444662083404,1944.9720007272688,648.7278644870099,3683.574054680147,6108.322490228213,3880.0705436358858,6265.131187835214,1936.7512166743688,1444.4102421265302,2000.2615886121307,2616.868364493314,6453.267396263465,3794.589503251928,898.98398435636,4931.270483555216,1525.7307092460485,2836.7062717165795,1509.5093236502694,5558.35928036538,2279.3132294880565,5589.006433466322,2553.3058238019844,519.8262864076697,2627.934641690926,1059.1000592861947,900.1195533584115,6568.41312058334,1264.5015535589764,1581.7179227500656,2880.312820273785,4940.880616379162,1583.8493496951098,1434.9673265270346,6582.543130381273,1120.966798888423,2500.636911724453,1801.4776802742733,3551.0188739522937,2259.9900212932275,2137.16668705474,5853.509605092384,4934.971225434735,1729.3354384593902,4906.499919871034,6611.243424605464,3146.990531229234,3493.1831758159265,6577.874206527781,2460.429524850122,603.7725817284834,904.4724584049665,851.5792270682564,753.0520751908891,6574.43341742978,2206.41268082348,6377.993870412788,1018.152805522189,1486.7651253937952,2267.075127335365,1038.2278043566916,862.4162416748419,1746.0581329099332,1131.175029758014,1300.2528919336726,1712.4293635449758,1824.4947795300907,2148.1249076589224,2100.353165031293,5881.409401278779,6772.843999874275,1514.8775193443118,6254.913464891888,6420.1527147879615,2139.066421346282,6358.591603830079,1981.8178610223426,6429.314240476034,6829.5093979601415,6423.015786691074,6237.824898235798,681.7250488749299,6362.301359823116,1072.2441406370551,6505.981003398057,630.3677534997147,1798.7818404394432,1546.32357132637,6307.9330423476085,947.9174855822192,6032.502620048116,6398.079631134738,2735.0705025851653,960.212623983228,7355.998825050818,2617.919135253801,6377.650321006028,1110.935877890063,6472.213891742728,6513.743273200316,2662.916876010465,1757.766269944431,6162.373679372257,6415.178761260378,5645.680011671894,6545.772252579678,1028.4949754363442,5860.869420956095,4794.669826305476,830.6769191039857,6112.767382844991,6375.246688703339,6305.78889943247,6511.801657875828,6546.483749772907,7415.528146277658,2955.1454037346307,6038.831231397408,5866.23176589558,5887.861055512056,6370.125809213015,800.7309287824891,6126.319123868642,6101.173808670931,6345.078294974732,7555.778059773706,6364.3900688183985,6958.472032399682,2556.9970835982085,5610.206352432113,6355.421139015151,1842.4695092097681,7347.814700063642,4844.864555322974,6197.0233971989965,1896.985825791205,5867.323757336491,4679.225341294496,2788.2100732021863,1041.417521754256,6173.0562478604015,6050.574818734728,6338.940306501205,5983.675262245232,5634.891659184964,4606.730949405101,6645.243397623597,6145.300203019523,6523.277742791059,6408.079535302279,6788.152486767785,6776.903785396822,3787.4073909908916,3801.9830346195104,2445.638232628029,4711.983976119277,4951.057893599365,6397.0997235250525,175.67478764632972,4679.915623374798,6542.140707786122,3385.1644979287908,4888.1698774071865,3028.599932028301,2747.410503945792,6285.339315226225,5926.892111900366,6414.420225801226,6276.144870191007,6253.29431463195,5679.994832997217,6179.702722852795,2807.8867433805067,5525.273034425678,5748.690729517962,6014.663883071764,4962.670162498075,3869.099878994353,6430.6039813293155,1484.4129593831344,5813.62509320664,5365.3811007684635,5792.709244282428,6349.225119590245,5811.923750935224,6282.224434004069,4825.947240379473,6024.637576135307,1524.4072139941488,6246.658131437424,5527.854606685546,548.3462222522862,6619.8311671247775,6161.024587970177,1296.5652378583422,1320.4134877374593,1018.5120729009449,1454.9331451357311,3102.361803864072,6470.140404742784,5711.682739406129,5548.941909679355,3702.942331878059,5751.530658889341,8070.642997373542,6138.895082852975,6607.162603102284,5885.526954764623,3189.4211935182093,6091.502472608822,3291.642495861691,4667.109287348415,4713.885291598756,7021.210270153164,1594.3480424440336,4705.145842559926,4916.4566635797355,6287.479468633985,6015.256736772284,GA
13111,137.12914859604658,849.7568257500287,1877.9279915664392,3114.1450136248704,1193.6220828987887,2783.858823613569,3431.8519861606537,3403.4762453974176,2545.350098214357,309.05584616533014,770.2226435139796,1346.3390124564712,1422.8132065754492,1167.4480459630286,1101.1268019114277,821.1011510222162,1125.8902315788637,1127.2257499888126,1056.0582083666727,975.4787282013472,830.55387487093,2505.406984269015,3033.1424039380663,784.3087345289348,1079.8870594549007,825.4993799988209,784.6830804104567,3423.1723534954053,1178.1171438674596,255.4170683148698,759.6537628882144,690.1605250098189,1353.835165358413,7220.81197529705,1181.9421517628489,3367.6490961137843,777.2492824665902,3388.699936571962,513.7601922480754,1044.6669352551046,3323.7349366940057,3071.416809481829,1455.7780348360604,566.9882488642637,758.6480046909613,721.1826251599382,958.0253389416133,466.09016043108966,584.163983958891,2569.7633013615273,950.1383179180444,7109.555557977146,1281.0505163378712,995.0354990220103,544.8722543567918,3104.006803502354,2027.396877689683,5383.376151311427,1019.0634600208065,1238.7277468347686,3038.7397357139057,516.0727490530127,451.3217030079914,1208.515705441677,692.9105290304851,3161.7658386606463,1356.5008897634875,2892.7356493695424,3093.810418663244,389.01732146982476,3086.0378573584035,764.9067665293477,2480.4142572620635,7138.956184188024,897.2085522430302,2072.9229758948914,7312.0492497016685,1056.7932704158493,266.6524837335244,1262.4052996404773,736.9605582544208,1101.7553274363763,419.7074262400826,512.3867458300039,1081.7042061597274,191.4414918609991,1158.0833825736145,788.9728065273648,108.83065359178649,1548.0022270384875,722.0014545885097,1016.5992755817869,557.3816317631215,2944.687616499094,419.302924716922,1427.926219068278,1861.861093454836,560.0117766795544,1214.8778309173113,1183.8634367095067,911.0961288644687,1156.3163441084673,916.7125619097447,3180.7694770830017,529.388056091104,2560.69913840774,847.4757153132902,1430.4226352697603,353.47185441911364,1689.2671112785001,890.7828026226179,7049.622326565725,1011.2674542494188,225.97760639945386,310.97146341218195,173.25677163660475,3456.5122220912044,5304.963058173297,1001.9210702364917,1440.9021938369906,856.8734961508001,520.048119751313,82.91882860830218,1611.9710762858774,3420.730255339119,604.2172377283665,590.9401678685748,718.166527569606,4489.058233299651,2372.620187731917,1172.6286228847234,3293.85877912909,1698.5504757400965,2814.6639449955524,2650.413986487815,1030.2525184674807,3232.768611835268,3169.025022737287,800.2368094998717,497.0277526311218,2460.70000597819,1010.4283617202465,683.9519605420318,1581.4829553742554,702.9019623205992,780.4618733200331,3476.9593060644875,901.9146025289982,909.6816195160092,637.9542767876652,1104.2515782994517,1644.022459051205,1478.1332584703039,798.9446826833818,476.30205284829736,1117.7956675956166,1718.4153264954275,1898.4621790464914,273.12580243091844,1595.6279994899771,919.8222785645233,591.6617486910528,2488.129011976461,2053.335451706067,1906.807586256983,666.0833550120752,1039.8245131794356,1103.3143948479685,3288.1145087728337,495.7996548422874,2194.491848476394,828.6067445444638,606.827191844189,454.9763061130901,4245.511035404936,885.9184689798657,3431.297796753905,459.7261973890024,2715.1414445335754,248.5080103422116,747.3007319170697,2117.869454067756,1156.756564266559,3371.29909659654,1225.5155847121014,743.386854313835,2642.8462041904213,2063.249566080596,344.08547546507384,880.0917459168553,2562.7546170004434,12552.691585,6022.69494231688,639.5255740835997,563.6330064839618,826.2395741465939,611.7795502828669,740.2882586685745,2042.4287149414358,1277.1252928344475,1035.9694986260263,1485.4441772527887,2134.7798913361808,1328.0994999411205,4504.4425700336105,963.8731814612544,2628.508621405452,1433.4541986857446,1192.3016899703427,748.5789049976892,1426.9743671216115,1026.6866007821602,828.5484242507182,1974.975780690814,861.4374536651637,2651.557386669853,1801.7921253744885,663.0795854906088,914.4690234401301,672.86818383744,1601.6920501178909,760.5421681238445,3142.710684976692,2102.9753742133266,419.7625247565893,1087.1502465612123,3300.860082486073,1165.2233253104507,879.4843371690323,5449.9673168051695,2738.383134237781,2567.8004944923714,915.3811435494373,2106.516647659368,1651.7443091951513,534.7185159617843,1446.7939922125797,2477.715829899965,7155.653810654696,5531.031225142395,5977.618282179835,5423.048441852022,6139.692405908252,1221.9661787330635,728.295264522273,2174.6817543847133,1356.7330239435519,3282.620602898416,1194.2768318998378,3524.473221524597,2483.543269278768,3030.4285744564586,875.4548202641348,3275.344535763025,1399.9851069867693,5740.332134389703,987.0214530707373,1866.371896386138,1253.1805233364435,3013.720778663292,4355.427597548021,1554.5814611479814,408.0965355697519,1398.6860060134052,635.2185887474723,3102.2341826127367,4313.170423788144,267.5809943377038,1063.2856582971353,1288.0333207945034,2735.797570884678,2590.9034719471483,5764.783751712721,7127.918968057176,427.52673294318686,464.54085591900116,423.66439795592123,1339.6154221291533,1478.2091876310894,5464.343054882121,3373.284473665064,7162.811700382009,481.0837834936115,949.8844500423693,370.56823301636183,2357.958484538075,1226.0293460862586,1302.6315086701607,903.4586827070647,1004.455068582543,5134.500641636953,1090.8369467566774,2051.4498733313976,5865.975406722605,611.7146221545142,1723.9675566175636,4799.924468370534,497.9804398234822,1659.6759424088775,2630.6021269177113,1190.961429414873,6469.162413428277,1674.8564040099047,1061.526841946851,10591.37745720295,2092.479315955566,1163.748597983306,2665.970035214792,1505.2429038885334,1000.639452657196,1273.5094581386022,1238.5081155238706,793.1945061798483,1411.4173819488171,1760.8897420618455,1326.2935765467266,1437.3493442785664,3093.520032596547,1265.933120986557,3278.258842699707,2034.9763372555167,2277.911875151813,1104.832551113963,959.358317761257,1400.2150602968154,1267.774480843037,1444.9019253671813,1524.428887984068,469.28887873060273,1259.1889504654046,408.86312930879365,1798.705093916344,2825.568678143829,2513.661836045003,1229.6829028766685,2267.137595567311,1308.8127496618408,3446.004623361101,937.7238049191117,1995.3333920245602,1315.6529276021954,1846.9614914704007,5925.827512101269,1696.8221886725366,1562.2055640474555,600.8318690320216,2588.716794713609,2629.06485877228,1263.0340301630113,828.7367571162885,1837.8324709565309,2561.6368626284752,613.8793494995349,2215.8341439812853,1590.6293540157349,483.3747056214945,3371.197319916617,5733.970614632195,3535.6331147530436,5889.028272789239,1560.8172882640686,1137.2874117160886,1891.7114739407184,2297.5914580075555,6077.421244198023,3432.6936200062623,529.0602190854527,4554.984716079968,1418.111075329607,2558.7509439949367,1462.6675673544046,5182.115990736078,1903.2570876579548,5217.020820164768,2178.497647729762,883.1200003456703,2294.019818002228,683.004913279294,540.1273930070197,6193.532157290656,888.4584637961412,1205.351779265234,2521.699889729819,4564.514467384327,1208.4427383157629,1388.0134948711413,6206.574792328485,770.1625022092218,2195.210666544997,1727.1140350977773,3244.3744329484443,1951.528626330964,2507.416581759413,5477.18572592818,4558.612946051421,1654.2553060883222,4530.2826940892155,6235.2880981280505,2884.072355538698,3136.320774933506,6201.622619953894,2212.652789564638,300.93295843453154,583.8518211304759,658.4260127254795,425.4823935058049,6198.577870175108,1846.0253277338145,6002.875970793343,917.2086612438658,1371.417108569982,1920.986554842486,846.8488509501486,632.306226915231,1385.1892852947672,813.9696687189585,929.2690594168351,1624.473880542202,1515.4060340280248,1791.8984103016155,1865.3818492563032,5507.468279813656,6398.32409755033,1365.328376083623,5882.957238388941,6043.814587113991,1765.1833097839385,5987.476132696916,1714.328954227603,6054.549035413554,6455.156833511421,6052.2169445794325,5865.406581908376,413.0362157112012,5987.989857333591,803.7231620923134,6136.1887704674655,432.72952642998945,1443.2663741807455,1378.6880561950325,5931.830038111208,774.5465198862108,5656.144175584176,6023.746924999191,2361.061111761095,801.9709803355807,7090.1681948698415,2346.6809725037892,6001.38588345432,916.0596533634584,6096.393991529367,6138.239308203985,2288.424062246393,1436.6802353151684,5788.032944311322,6040.980032087537,5274.172680169748,6172.329375392875,803.4684340855084,5484.55826396069,4418.822547432035,793.4019690257851,5740.650750662805,5999.004771735821,5931.711156588449,6139.279775756371,6170.305344045408,7141.40183694674,2582.651159909611,5664.460659980218,5489.919882662765,5517.568654402248,5994.9851811279295,559.4879337486611,5759.714419992285,5729.086318710924,5968.867338447141,7181.207375483326,5988.144215646719,6582.253280559688,2183.5629886213405,5244.271949947433,5979.41435643281,1676.5473788786817,7077.640195617552,4468.8118232848965,5822.364932643431,1549.9973629247133,5495.345385805008,4304.111960125615,2455.7014903075,821.9701535896611,5796.711431677123,5674.981628615045,5971.091654499292,5610.585175268855,5265.105838402435,4231.999527947904,6268.983925941061,5771.079095475856,6147.69606040901,6031.804513731529,6413.70457386981,6402.469600868629,3425.5955320234816,3438.8632326620286,2132.9808131177983,4337.107558561062,4574.908764037895,6020.824208408527,249.4661587853548,4304.976103170221,6167.363066373805,3107.993791323812,4512.042443288209,2743.721946762829,2446.3185860508547,5909.667764936097,5550.982603420688,6038.07838042291,5900.594093030793,5877.63026458473,5307.55919989092,5803.366295367672,2516.484821482697,5153.544153646732,5375.7420720031405,5639.190966488623,4586.45375720384,3533.0179179694114,6054.269476052225,1363.4880361151147,5442.1599325910165,4991.693238656842,5419.156211940045,5972.900057261494,5437.841969624339,5906.579070888528,4449.694936176546,5648.837494355578,1150.219108651057,5870.385953589791,5151.963161889536,354.38547889235616,6245.132784010141,5784.797930926104,1174.4144976350713,1180.7094175396467,778.9261430178856,1105.2562589246272,2744.403560659246,6101.0816159824235,5335.390216221801,5175.780093669344,3393.8336086350514,5375.283046812177,7694.505568028086,5762.796097764018,6234.056261020566,5510.509175523892,2917.7813522699016,5715.178597732878,3026.442813430299,4292.106427490744,4339.1835658752925,6647.238494382646,1466.090789888984,4329.808915200631,4540.16615352271,5912.192646708107,5639.660375333182,GA
13113,25.64786410745621,998.019935603536,1932.6008676931524,3124.293679202552,1168.4182621310767,2805.202397973935,3515.5514498188063,3436.912433826435,2546.234684802117,382.1956084087352,631.8441363024583,1478.7875394634784,1543.0295362166648,1094.0612231877783,1221.0426525435785,983.5731225751871,1243.5625309810275,1246.5092832972693,917.4658890155948,1093.165789901882,949.2600599368454,2559.1983849786748,3034.8573512854045,901.6851099201256,939.2077145798427,974.1005166378807,632.9501031332908,3497.942393752604,1151.7118904324605,361.5354235623598,881.1024257985539,793.9067968808891,1294.4541707694846,7232.0007618925065,1103.9546749469703,3399.5162700816377,664.654648237832,3422.6320204590947,589.4524158888739,1123.8773805195779,3362.79539281858,3079.4897069172443,1392.3923155580665,719.1993320619362,919.1046683609692,873.1632967649953,808.760447084609,626.9015372712447,745.8879248031185,2480.4607805708342,1100.827714748181,7117.489784305687,1404.386815098502,859.4927754127561,418.7844480128714,3115.645837357497,2037.0154662083855,5505.357767759128,1172.3648295818252,1333.9353092498434,3048.870331460413,535.5554419721386,418.46105666420266,1221.5170084446706,792.8784401734509,3205.086001166512,1473.5577690124292,2960.7124967722243,3102.991847747896,541.1542985731893,3174.287441939261,847.0758695577199,2470.480363408473,7143.144270902448,1056.6189835705964,2053.6072227839136,7327.007318022965,1084.6626335435956,210.1018482488758,1395.3707779680255,601.5536293483807,1211.0645677833106,339.30932228642865,516.5799210734403,1231.6802857631924,266.47526408974164,1302.0115585336216,635.9308220546599,270.3732399270943,1674.067246933024,726.7625740099996,1160.7627630914208,413.93264055711467,2952.466318394885,512.1153117333084,1553.3450691493535,1906.9633426121152,722.0173607371685,1260.6961970545046,1299.9372265838015,761.0313067618837,1277.2717913606468,950.1291872213901,3208.40243245664,377.95923963814073,2646.949116346921,694.4174046816728,1569.7456182273654,514.273105386044,1663.3968524222926,1020.0638306287781,7052.312191236718,1135.2950155656677,250.45147914238683,317.66798017235755,287.3308157603864,3523.8900527598234,5435.738450558783,1111.8516480963922,1550.617913696992,911.976007143555,361.18190148465135,191.8440377103141,1604.242247304102,3479.380175968339,535.4809715479314,616.0451918907411,876.7523182792967,4606.4652882903665,2463.287548310345,1019.9473036147843,3362.671688739425,1826.0668988347848,2903.144149709263,2565.0234070238885,1149.589855018178,3246.9347919838374,3249.243725272029,704.5637008539019,335.63146481600256,2534.4763052968538,1136.2548116619466,843.5542345739212,1591.4274634051847,572.7063392901723,936.2484014726073,3566.543655402532,1064.220676156998,1038.7245365573908,756.8362553103818,1254.8997666597475,1549.1681234112286,1392.6417866763047,928.606753887188,597.4615649771796,1270.2901741039364,1846.5576763181127,1989.9833727464813,234.87594376117863,1498.1809629102572,877.2208767543292,465.1141591229923,2394.149847903466,2099.688881581243,2021.2808528656894,546.0225831271639,1172.2830685425472,1263.1740319584426,3307.4793199405913,545.1837248855651,2238.5868050907284,695.4521358571524,464.3817208653734,582.8891567858898,4354.828424642517,792.5779692694972,3469.6647245818235,610.5417368439225,2627.848506278357,390.01260359187796,835.3712515847202,2146.1285464093,1282.8404344390685,3398.879622274646,1356.8296011476511,878.0218085107675,2737.980451781321,2113.056088102057,216.30064553306286,1041.4740879806343,2634.3018371681296,12636.372019341174,6144.458314068022,745.8149779507222,725.3241546782947,985.289486482083,652.6249758158989,886.4902015836026,2162.4452167889663,1363.8695745222196,1178.8346709056898,1628.495401903297,2174.359637161694,1280.0181516215312,4617.68209673143,1125.8883398417797,2655.816424894333,1542.230434006742,1339.5004485899472,910.9207770289563,1568.057507963614,1181.141949735662,917.2693891852628,1989.6914781499268,790.9408540409164,2741.184324269192,1932.2244931682894,709.1303953205733,1056.5737862145495,810.0812735545668,1500.7053523119969,710.7445907915396,3162.1551802256463,2159.205820165193,577.8891973539331,1229.7164836039813,3335.403317887657,1302.4851299363595,1035.8389325368753,5570.415212153864,2807.591489404035,2474.3332382320527,930.6138440052652,2182.303338853215,1573.6842009250745,647.545500113184,1420.8742316083728,2527.7439736167057,7165.2308164706565,5644.244555706203,6112.3776112975065,5564.598294046321,6270.01318432935,1161.6466317007366,851.3531081070403,2288.394281173473,1479.3320643967234,3363.3087647538,1262.242108251051,3575.916637913854,2496.6064485936513,3114.7615081604395,976.721829106394,3360.250181653043,1481.4997431030326,5883.131747210206,902.1166699123617,1857.9954227006353,1210.116553930818,3096.2655573351317,4468.822121352047,1518.3334535197596,249.2943181169392,1510.3842899200765,696.4559706342392,3182.239186605418,4425.8203922847,107.9704160464142,1024.9784366627207,1288.980206071309,2798.668916028221,2658.102753017551,5880.7869263504235,7136.374579429624,449.0125674464917,314.2656287616085,380.23194992917587,1442.1195464840584,1602.4974409825666,5582.443996842337,3422.2311162681767,7171.1742165305,371.80040965392374,998.1318915875264,210.61548123242713,2440.033915724729,1345.0896967646822,1295.5036575938195,880.9903566053968,1137.8293665240105,5255.135981560771,1229.8577027290567,2091.9254562978035,5983.1403178105575,757.5084774170648,1825.9371687971168,4919.000537961648,415.3513665697208,1795.604794207751,2542.1989921555405,1352.1769090248913,6576.070228250716,1789.6511490484042,979.6793241377603,10536.67211809,2180.077763948779,1188.8548066639978,2751.3343808413,1547.2206317048142,960.3779441770444,1423.2249589781552,1385.5324670724985,924.2812397236156,1566.084629830255,1744.586928605502,1473.8159661535308,1550.107340640011,3125.796991410675,1427.5253085911722,3295.5911453314093,2143.899504803665,2340.214469297547,1229.1711708628156,1097.2496436002416,1455.8697078712241,1407.6650883812576,1576.6990652576605,1659.286744788531,561.5909270371055,1413.466137202773,538.2973241400521,1920.2170001875213,2877.46353800646,2570.1965811641157,1386.6143485081418,2340.6115651501204,1424.3434443416752,3521.52490711435,1095.2245781233278,2060.5076290673887,1428.8867868734746,1920.8487783534824,6054.33979674525,1840.3384247178344,1704.5444985594131,503.27752179299836,2620.6181129980687,2542.193726995043,1322.9985791515273,939.7656199030396,1878.352749291245,2471.993383971395,738.3143682805957,2303.156899313124,1665.6781955661768,617.3203869230578,3406.529786534894,5864.106017872518,3599.2648504542594,6012.31432114461,1677.2237310587982,1299.5929589606594,2026.46005383807,2338.059412347493,6202.275275615041,3516.766835595341,632.2681479123739,4672.189790066765,1550.515598341564,2568.7549870190633,1578.2368975001557,5304.305871387495,2029.2107793878006,5351.992332642107,2288.6297892962184,749.6206196076653,2347.363509280409,813.4291046005036,625.8179564086413,6302.229579810873,1008.0510927540222,1328.3709931406818,2601.6416487015476,4684.115948249434,1322.8805847614635,1503.0808376745504,6330.70211739277,842.1072974757512,2224.5381267602797,1852.1463466141167,3275.243697224721,1983.0062557940125,2412.3898458388376,5594.775152488588,4678.893602319517,1779.1436416301756,4646.634188367324,6359.488076932091,2884.656218075896,3213.868321862513,6323.460487143669,2202.989400598739,322.97649284375194,623.7634272131023,804.2205625116629,472.4742692560141,6323.35358522752,1928.700920199348,6130.737119081256,1043.1324805549427,1505.5389797576763,1986.4615043448998,994.728943119655,602.2482827339115,1534.339158223519,851.1376009780088,1031.732161039924,1752.7601877289335,1546.8986586660635,1869.1466717497672,1847.3133729778708,5638.651744503809,6527.8618096940645,1507.7215434466214,6017.791953212463,6164.320906525225,1899.0415354058953,6123.556872514445,1716.0449457815714,6162.856159386391,6585.116614873986,6188.727673487466,5999.481882547613,406.1942303700753,6118.162788659747,802.0451659224533,6273.998046873026,573.8637071370149,1519.8972051580492,1525.1306952574241,6055.105124509087,917.4566094674702,5774.662343040561,6153.857752249678,2468.3534497360674,941.5654213173593,7094.533146746468,2351.9844764553986,6123.114065934919,1065.3207357195283,6221.381555607035,6264.657612769052,2397.332534265726,1478.1259499439398,5918.182567647353,6171.418526476489,5409.87063632252,6304.417697675932,772.9735095841435,5601.905490686722,4532.347565647546,897.394340220587,5875.262893933669,6120.999831173429,6062.466355549552,6273.108631673289,6292.899683951257,7150.965946151229,2685.6669010087376,5794.566763992886,5607.278694345108,5654.8997003503,6122.772486724493,713.9472214988266,5901.072873232848,5863.749072009309,6091.197769636536,7288.649941585728,6110.097169359938,6698.109490900033,2289.356003711913,5386.395344082229,6103.352201736794,1621.0883643056366,7084.698120723531,4583.70369983674,5951.663168794549,1616.5559432907694,5630.247908951621,4414.162767208236,2507.772275330793,975.2459115247276,5914.7161467757005,5801.140795054149,6111.154819653919,5743.513566210879,5403.154771560489,4340.6428611250985,6390.712765138475,5901.5307133933975,6273.7885882229675,6153.39001208388,6520.8686737671605,6509.591029585667,3509.553727126231,3524.6680709279212,2167.9401499160435,4446.239699898404,4690.567982503613,6142.405724149189,112.2739795025514,4414.353529363151,6275.692725711464,3117.961993542177,4627.52872793677,2758.5975015395425,2472.56095103012,6035.42048625677,5664.577445725464,6155.946833981436,6026.876447276888,6003.424981402223,5441.757275219802,5921.151746065148,2535.726084372001,5288.939917440725,5509.003131898316,5750.424180060821,4702.777873120458,3588.518899268543,6171.952593207439,1285.5208342792398,5577.872611533922,5123.591155689257,5551.211923885442,6090.395769131188,5568.718366182367,6018.594446394344,4566.482676028398,5761.74828093533,1285.0365003776171,5987.03999326439,5276.812235631979,290.449058885513,6353.169468280043,5900.910198311291,1095.2574074973732,1109.4802818483265,935.3441999284925,1175.1868461808085,2823.4283511637354,6239.780033111158,5456.906370878188,5308.694849189278,3426.64129177406,5497.369734106052,7809.370082603687,5886.142917432248,6366.796292763142,5638.822027295533,2923.9681471466606,5832.709649744908,3028.6012075936287,4401.7286934893955,4447.687575932474,6752.890072644834,1603.9689362192455,4440.7836062695305,4657.447300699414,6022.54174729814,5751.48648196177,GA
13115,100.57177980800593,889.0435532687783,1830.8173076356327,3042.758587000752,1105.1815330179131,2718.005403296061,3405.3494163832597,3344.397929753798,2469.310140312416,403.7138260115362,747.0628395977266,1364.0872134069048,1528.7783120850825,1065.0964465406662,1207.1022667719928,898.6044108022238,1231.8472856362293,1233.2003857270074,1032.4273379119893,1081.420081361532,936.496514339369,2458.106326897873,2957.707467499225,890.1981159324812,1053.7966119824566,865.3774513761923,744.225520003561,3390.171814465114,1089.1946141550309,246.00017279090056,865.6279619156151,678.7972019905097,1254.8670956272372,7150.6625269310425,1078.7689868426326,3307.684804666606,671.5109994082011,3329.8955369604637,611.6068804568171,1013.5828457310091,3267.83535113852,2999.0057748469185,1355.9332125377932,613.9523490321652,847.3663951436934,820.1779565723617,920.8721102034316,534.3058091562494,669.8355659341412,2590.9435169999474,993.1353103544051,7037.810471590788,1386.9447394252386,974.8511698543159,534.0707446780592,3033.3489088265624,1955.1574003780645,5389.719257782158,1116.4002723310148,1220.4925121920924,2967.3162325015264,444.1415062934742,502.61950452285913,1136.8334530053273,796.9059414628289,3108.310889988289,1462.4621313380906,2854.884284786295,3021.944846840434,437.33674757539916,3062.928550209524,865.5287692743018,2399.527245319467,7065.4280874352635,958.5586604544467,1987.8920798067893,7243.78233683057,992.5409442223303,161.89921647083892,1367.4012330467003,717.0624719605568,1095.7759056594903,442.3751677351052,583.1400629898284,1181.2324761085815,283.03268850170775,1260.3844408465484,746.4132319285778,204.55802081739225,1653.6991700049978,644.4609034643507,1049.4915304182966,460.3583536848676,2872.08510329214,520.8347387244381,1533.6890220156765,1808.8020149061608,633.1409178920927,1161.431432551452,1289.7890605213126,872.8591559455061,1262.283561743964,855.1326574045703,3118.4212640707037,438.04731827361746,2535.939813102468,804.7172500679777,1533.9952922428238,423.0463493516378,1601.3458466522973,996.4103819748008,6975.3823344686325,1019.8360290254292,149.0637815299085,378.67207183800537,276.3098247512831,3418.39600944565,5320.471055908742,1107.4549290804848,1435.401731133747,808.3905197369576,437.69017208265257,85.79387370873536,1531.3060180527912,3376.831807164959,501.30422747799605,671.6751498578897,810.5531853337441,4490.943138948665,2351.235169288794,1129.8510969600875,3256.6836875415197,1710.7053145829557,2791.6792187121587,2674.515439275045,1136.2248510208376,3163.4131658071924,3139.897490949337,694.5389600120636,437.5521382457836,2426.7374065374734,1116.2564044951073,746.6529464637433,1508.9353218487927,688.3384279927888,833.4044041679505,3454.945221362036,975.9296802735777,923.786035718416,743.8436680082922,1146.9107144554232,1538.835912341546,1374.0133731751719,813.8518836583502,582.181721917245,1163.6099311565931,1823.8971955451093,1877.596456635235,316.1783137425185,1490.1928602443734,824.6894518893557,488.3188157585845,2505.7296632130137,2001.1803346793906,1905.809973378944,561.2722349637173,1145.0092391654018,1165.5144340811971,3221.42354321775,585.0160885730152,2141.0692636310423,811.0340848517695,579.2626463102359,468.5603276410199,4239.938883790903,780.4593827460537,3375.0290388293956,560.5361373251077,2737.8596932514565,353.8293497843897,849.1988232812192,2055.337084886922,1262.5316592282545,3308.9837982889776,1242.012478680698,764.2501050758475,2625.089114461477,2013.2166121762784,244.29456294927223,948.3847687096683,2527.261246080036,12526.78169684486,6028.822825870714,630.4547739234263,649.5715773686218,886.7912760266387,698.8746660501863,842.3152323806662,2046.8072968302645,1252.1088719291722,1138.7763276761818,1516.3558907059644,2078.6514222098767,1232.2153170797678,4502.427477424531,1035.3244097620823,2565.7606534687225,1539.0427087235282,1229.3924837227328,823.5432821086438,1530.037760511016,1123.0333259469623,804.5048160144562,1905.2197816296343,759.0962357126407,2629.427097074038,1817.1286743824328,752.417248541219,944.6597651955876,697.1000744294914,1496.0033450827564,662.7034460602675,3076.011367405345,2057.014954439251,514.5718878773268,1190.0027321614798,3242.3732352221837,1188.8371956597207,974.254477821279,5454.798517743855,2701.3278693320663,2585.816918772925,843.9574891765664,2073.841449441496,1548.9419175948847,640.080255412062,1358.5433761367965,2428.0537822483216,7084.709329520065,5529.017734658228,5997.588653206212,5451.310336902029,6154.688332971975,1122.5797343050501,735.9634944011397,2172.991986697308,1462.645751658422,3253.8600966180925,1155.2812833034902,3476.043251938595,2413.311181149067,3004.326420382347,979.922865589888,3249.72042077396,1371.0657775279892,5770.20951680566,882.5658360577628,1785.7082748709845,1158.7059600703715,2986.277591796271,4353.550692399483,1462.781565524549,327.9484699612677,1504.4588028019737,729.5122058582718,3072.936043928045,4310.60882797767,195.964165333603,969.932630830062,1210.7285361172908,2694.4612147998146,2552.4229229658717,5765.360706419517,7056.4275080159005,504.75215605092865,427.68043850718817,324.78766447380013,1327.6371666195066,1584.0321474084608,5466.903600854328,3323.278796739524,7091.278706086689,484.0818465091996,897.3056955737535,317.92536902840425,2329.988248732824,1332.004529249373,1221.73900406582,815.204721577524,1023.4849234205564,5139.5138365376815,1194.719736967758,1995.786996714852,5867.6491682084725,714.2384425170926,1711.6760332797155,4803.416213712925,392.68750323793296,1681.4096245298088,2652.471940014524,1257.8054867974424,6461.549391130812,1674.1413090597555,957.5915125471304,10495.442650793992,2068.6090855031907,1098.2621426027172,2640.563840471064,1449.9371077487467,906.4866514090576,1314.4236788635533,1339.4220961756682,898.7081695242942,1460.8931919205606,1676.793337637635,1426.8821518154966,1543.1826955025558,3033.694638783911,1334.368342061954,3210.520407847807,2028.8716435825918,2236.0084476050465,1113.7041883678266,1063.6293477922713,1353.250674150044,1294.6419973638606,1461.8657689397596,1544.9297075120944,447.24990703771437,1308.0895662361654,424.4568375264401,1804.5826812698097,2777.209403571167,2468.108538828437,1284.1037771037088,2232.8843475843955,1414.736306688195,3413.54101458045,994.0160347486833,1955.1978422847174,1421.490167275947,1812.785276211869,5938.880055114495,1728.2535365055567,1592.1099231297228,494.8951363194187,2528.4734586458794,2652.071289072828,1218.6954401649339,824.2607952652028,1782.0236825387829,2582.558922469916,719.8503374033452,2191.7946958527973,1557.1047163385615,588.9286456954668,3313.177802476765,5748.7718498926115,3495.0212230148827,5896.675241612261,1561.6393443028405,1210.7299190677998,1996.1748010675376,2242.084479304559,6086.65709859722,3406.47091751166,516.980003490692,4556.6783181441715,1523.1305798356216,2487.049880983885,1568.6051171534054,5188.666017834221,1913.7198233146921,5237.259909229894,2173.506803102456,865.1690037848978,2246.333325834716,698.9469835681227,512.7932428470103,6187.47746524933,892.4383106837221,1212.8163184471566,2492.2044387346978,4568.513713763572,1207.3265251713472,1493.9309489063517,6215.070536555605,733.0558838053205,2133.317769189099,1832.8588950302387,3183.8188926982375,1890.6424190139526,2524.211058817481,5479.258123183124,4563.2750982919015,1760.0189831174612,4531.166808299261,6243.857442412756,2808.0546610159254,3105.2448126758836,6207.8246284737415,2131.71652030952,226.02895983705062,524.2928679309061,760.8181524587476,368.69426200215827,6207.733222630393,1818.2879109263674,6015.2368265282,1023.0579238334207,1476.1729370563971,1881.007630883988,947.8965082170081,539.8200383358517,1425.0897521890586,754.1588300823662,916.9937084473092,1729.959037431094,1454.0623481127716,1760.1107939369012,1780.675110269317,5523.4202651809765,6412.468545363531,1468.0060676923401,5903.017298284134,6048.7059227172995,1784.4335851107214,6008.9859600527025,1638.0253870757547,6048.1468961516175,6469.756203176181,6074.232283301462,5884.594200961739,326.7761892919546,6002.827539578741,723.6676880367447,6159.754245645543,537.2555329870722,1410.7619681404983,1479.748995848218,5939.465934481157,877.709154739644,5659.106594598548,6038.516587435187,2353.545885604795,906.0260987078917,7016.718614518008,2272.593795403572,6007.478892162461,1016.2618349624732,6105.766310104363,6149.086829689652,2282.3415015390697,1380.9645801819959,5802.848685838117,6056.105766228819,5295.256569981067,6189.269138155962,711.8571969220379,5486.400352061471,4417.06769881034,898.1398826013611,5760.458011438971,6005.3622289775585,5947.184647642586,6158.179255183606,6177.259300140892,7070.449655977028,2571.442398193245,5679.231297152056,5491.7730469415665,5540.5802492623325,6007.268123046876,657.2321077523128,5787.713571338717,5748.952253155906,5975.558100079505,7174.078649102682,5994.45988367151,6582.703848655786,2174.698284355412,5273.287610802676,5987.718757322076,1578.9559469183034,7005.470489539945,4468.325172657847,5836.259942347133,1510.4629035082526,5515.495402103008,4299.197285477363,2407.297752676101,919.7430972609476,5799.183511066265,5685.563732529668,5997.437260033579,5628.477925374503,5288.994518325503,4225.828113647855,6275.078175280426,5786.223858551908,6158.205534324024,6037.756499809185,6406.312838042828,6395.040399371787,3399.2854900524158,3413.9460816841543,2074.1917818381553,4331.37462639108,4575.142177902865,6026.772231525858,227.07086337241446,4299.4600315407815,6160.983932326838,3036.516896012503,4512.112353495043,2674.529402480524,2382.900174268443,5919.8275352604505,5549.319613158099,6040.422893269397,5911.302236898109,5887.833612446051,5326.903401710416,5805.629200016007,2449.4073173198167,5174.279015774286,5394.016689156806,5635.381237291453,4587.313096637722,3487.132617389846,6056.437578953308,1260.496507508671,5463.255200969444,5008.448643085982,5436.076269703764,5974.889023605253,5453.457897950081,5903.482396965762,4450.990318163917,5646.549793489406,1170.859300829781,5871.5766905470055,5161.198759932444,250.1922650464395,6238.498627329611,5785.477570000296,1071.0349564165856,1078.801159943001,873.9071863181513,1067.4974228238102,2714.3023182903953,6125.730102477489,5341.271815371296,5193.669189049756,3334.4008969986103,5381.730588068863,7694.047807322788,5770.504372577345,6251.722855586162,5523.355062275907,2844.40432675245,5717.198245662191,2951.211253144298,4286.808109012426,4332.8937854842425,6638.544789758038,1570.0171930766458,4325.725756111703,4541.931921278914,5907.59656372076,5636.386072457202,GA
13117,71.06038531765587,922.7015645994957,1922.9402889704681,3142.041128832325,1204.4890815654487,2816.250575869184,3487.982500426825,3440.954554861824,2569.091620843034,310.57779662243803,697.7537488606085,1416.4225868187684,1456.5276155187162,1155.815867209844,1134.3865153187808,890.7060125530535,1157.7952999718125,1160.1220354564246,983.7391432121448,1007.2074729864204,862.6810136915625,2550.458811281564,3057.4545337431173,815.5149765505521,1007.2920904875467,898.4800423878323,711.2811035463693,3476.201420647853,1188.4109112216793,313.5873441253038,793.3738615395167,750.9528445455618,1349.290291936687,7249.8486290609435,1168.0851088583177,3404.4931457008533,744.6655773820298,3426.370735351128,519.5652777149446,1097.7432488244797,3363.408083838268,3098.428341483401,1449.476056103039,640.2691882104901,823.3322653454826,776.9517125923671,884.6509739573029,538.5297219174147,651.054444622908,2510.464587762424,1023.369422770394,7137.223503488703,1316.602116793098,923.14786219461,473.9068650977577,3132.5210291770177,2054.492616770169,5451.390103416209,1076.0592217297,1297.7079426864536,3066.600813720192,542.7314252488288,406.35396255900025,1235.944425469952,713.3972410102459,3203.0506021157203,1388.2419674015896,2943.1948361749237,3121.2947159711744,462.2067122697357,3143.6330237693687,775.6725394596375,2499.463750293404,7165.051947938506,970.0451568519957,2087.586957230783,7342.655046707905,1090.003147629812,253.17571355514139,1304.172396388829,664.873166442432,1165.1699067514223,358.46726839882126,483.3104298475347,1135.8544950565845,190.0069111862164,1207.5201653795593,715.6122340671793,176.56873588358658,1585.4323008138708,744.1434746303474,1088.9816091203038,506.50294201913766,2971.527323262404,433.92173954288376,1464.8845940422818,1903.1767092883374,631.3181364590934,1255.6529232300065,1214.8562171265155,837.6967820201895,1190.276811576676,951.7484398553518,3215.860132269993,473.1243097368383,2617.474399630199,774.1082816349553,1476.6183540681347,426.0268626605703,1700.6477578546958,929.79399591507,7075.075779734272,1078.9592467959696,247.1013447046089,278.8272902843801,197.48690469621602,3506.9058763644452,5375.109075378022,1029.0017921979652,1504.750450048585,900.3450086257354,457.6553357408956,133.44340824762662,1631.2482318495422,3467.9127077974604,592.4488334054122,572.0604212500721,780.4689053039316,4555.802627186402,2430.8188995535465,1099.2289204003298,3344.7321282396947,1767.55068380832,2872.268786016821,2592.395650601953,1063.0727636440197,3262.376866076644,3223.9015777649934,776.4990334688279,426.2145398660704,2513.09032692667,1047.3210826270663,756.7853885888212,1608.2599966854896,631.6005625929657,853.8508318735898,3535.0798488998885,972.4459305028728,978.6308383292636,669.7409201383286,1177.497826476126,1622.2477782253166,1460.9865838811504,867.9323088421735,508.96086919563874,1191.1636271155685,1757.238832131173,1956.735252254664,221.32575772069023,1572.4576401446789,922.0043055824536,550.7857170949176,2427.339883487073,2095.283168649714,1972.314874564782,629.080577984778,1081.1023225654853,1175.9609850850454,3319.882385601755,487.65242703091315,2235.65469841484,756.9726853573683,533.7695882665529,522.6938461964908,4309.936807717828,863.6598886719516,3470.729536975019,514.3542973272492,2656.530045141052,294.8289115541538,761.2369401477721,2152.7033572685355,1193.951982238116,3406.428072259505,1295.2701066617801,813.5796227600731,2702.6051588641176,2106.536475337398,300.32022640979284,951.9382788733452,2614.387232446723,12609.522788603024,6090.680766863086,701.0073910259171,630.4691453699671,899.1926086231423,600.5161159343054,791.2682313575692,2109.5489345848064,1333.249610952489,1084.564502930866,1557.752935595342,2174.1374880540993,1328.8219256343505,4570.025418741788,1034.9854259182218,2663.2517563771507,1460.3452645062423,1265.1846806422184,819.057779931797,1474.418673725359,1084.736549761356,884.5278048737946,2004.1550520156572,850.3229091003113,2709.5001115707573,1871.5409069176644,654.7167777990036,986.4393136720081,743.5965525178068,1576.6631567744926,758.6810157477986,3174.4632251990124,2148.7353679113958,481.62665751357287,1135.547859550155,3338.7472714138416,1236.3235217816416,939.365942326118,5517.584584639742,2789.2370559801475,2507.1953117351222,942.9005656788723,2159.458302414656,1638.5101443643778,562.2982737771766,1457.8246392549938,2521.321862367833,7184.0129019140695,5596.675489312214,6048.643713031745,5495.319165166255,6209.762880331956,1216.733712384388,795.3268017054829,2240.055281713751,1391.87722113662,3337.685827423447,1243.498373079481,3568.974809741955,2512.377678000751,3086.6858265420146,897.2278517551961,3331.8532097312536,1454.4162806042511,5812.804435988292,969.2888030615936,1885.6501844734876,1256.081227967331,3069.3615660056566,4421.042426089965,1561.1048613481028,345.7594159451899,1427.2599228736542,634.2873553340736,3157.0203578703004,4378.569335407503,204.4037722542579,1067.9052195321044,1310.5282073781082,2784.337271980557,2640.9744102075224,5831.219505590171,7155.806906069725,404.94904861181016,391.1559475878726,421.2112467658531,1401.1095680194744,1514.4837507269638,5531.335441531756,3416.7966872864613,7190.66408809857,413.1461170114237,990.9731605179346,299.1370502169338,2413.2263887337444,1258.8833386367305,1321.6808792901822,914.6536593348219,1074.5776860310816,5202.151079453975,1136.6743414916812,2091.102403228144,5932.734177410006,662.2730611359435,1785.5666876288467,4867.141593574218,478.55920784289634,1730.6437998396634,2571.6091682240963,1262.870669101564,6533.030614178416,1740.3613155222235,1045.5016219516292,10591.255185287502,2149.52661960463,1196.0942288593435,2722.4777095318013,1544.9633226768667,1004.1762158662249,1346.6895015827577,1290.3296790478971,833.28655365684,1484.8217689604169,1776.597377594908,1378.523734680048,1466.5795858087963,3130.4408750041493,1337.503316595794,3309.1890803476194,2098.881949783337,2326.043381869065,1172.6933259907576,1004.3128300875328,1445.1063586634502,1339.45455808673,1514.8686854191074,1595.1277578786205,524.8659114139061,1332.5990566659227,476.83951336708975,1866.1588553023998,2870.031789448831,2559.752781154289,1302.9561355573567,2319.3348480047753,1339.5941253330125,3499.30310777791,1010.9532786880528,2044.3631919094596,1345.0659940582734,1899.0648112500892,5995.474699396506,1769.2392575056724,1634.4059935503585,575.1088844316453,2625.2850419121505,2570.5618776126125,1309.361947212293,892.2782302668854,1877.3332167921208,2502.2274382433247,649.1891416170522,2272.84369968904,1642.9445649802694,524.8279719238038,3409.4173918498645,5803.986339045758,3584.6810860727037,5957.398254061545,1626.7350758648136,1207.7593067256169,1934.9035554915424,2337.39855351743,6146.191511834243,3488.9516634886827,588.9936482952553,4621.678540764082,1459.5834477484811,2586.3491397887124,1493.5903794764574,5250.173846567625,1971.9187353607647,5288.068914966927,2242.815714150973,811.4816710219109,2338.797146365376,752.0273574219569,593.7473958745176,6257.91295953791,954.7337286321256,1272.9257914882965,2576.289105359037,4631.857115097414,1273.5419292227125,1418.5809854619647,6275.168839407696,819.7832214953181,2230.52764597342,1763.972686019441,3280.7830775379357,1987.5315868868454,2446.311394212053,5544.04032498691,4626.135860761187,1690.9929573219158,4596.739956301559,6303.901360446273,2907.844039866625,3190.259075120697,6269.634848281749,2231.6541507879683,324.39410230502375,619.7311135887992,709.0252330262063,462.52334400662255,6267.333129517562,1901.2406130345726,6072.372430314325,954.0555424394936,1414.0147171609694,1970.0772629316073,899.2209540117447,638.5329935034779,1458.324333553465,850.1235812335738,990.2155312285904,1663.3527425457144,1550.9611776903091,1845.1650838849162,1880.417410111668,5577.7128875074095,6468.223716417101,1413.7007495838325,5953.9957368820715,6111.474197625697,1835.7200424848245,6058.76824636459,1737.787286816707,6118.80772804095,6525.154510441375,6123.595107246612,5936.287444968637,426.70565295627813,6058.0222103267115,823.5585113332538,6207.817368494436,479.381724985354,1496.0024677400722,1430.0914219094839,6000.198961176203,823.0150691381592,5723.258573531495,6093.766263649101,2424.5764219546645,848.0140812919813,7116.333821994665,2372.1843618756297,6069.361742256321,969.578548912378,6165.198013609015,6207.394946508475,2352.40790187241,1476.0981492514434,5858.053670340732,6111.0741737101125,5345.370049542144,6242.793868653415,810.6224994526441,5551.3474381720225,4484.4796445042775,816.55361055403,5811.6397619882055,6067.0493757416125,6001.873345306772,6210.116142978019,6238.510459581089,7169.754164848296,2644.9084448891863,5734.467403890246,5556.712490949884,5589.092962984855,6064.463884238568,617.4969479856753,5831.959978711172,5800.085457127107,6036.996905191451,7245.2687092895385,6056.177527640646,6648.68655243918,2246.5638612177386,5316.631233360245,6047.952351870662,1674.2971880338505,7104.937716002032,4534.8583456972465,5892.191530434605,1599.1721774298867,5566.38742534568,4368.758220892246,2500.0767073352786,878.9165906715198,5863.694427534311,5744.057430068048,6043.123278805319,5681.215650221996,5336.759786646269,4296.225253965433,6336.970666988525,5841.1677973793785,6216.772969355717,6099.744728099075,6477.645755384284,6466.397554513038,3481.812986685753,3495.7099402434137,2170.5093922379856,4401.487357753848,4641.177421901745,6088.762940018178,176.06489431575386,4369.425084021184,6231.634612395289,3135.8122975603774,4578.258330387955,2773.4362584288187,2480.539745986731,5978.653201811742,5616.735744128227,6105.035859333327,5969.708342327401,5946.6247876070875,5378.449813880407,5870.290382458893,2547.8894870456284,5224.67692283168,5446.4366602824875,5704.276657169409,4652.907507380608,3579.051886712931,6121.1776193680835,1349.9504046422076,5513.364947277084,5062.0783295291385,5489.591052290676,6039.7537211712515,5508.015400152348,5971.903784740711,4516.266560027129,5714.402763780131,1220.767434649954,5937.005576914912,5220.693954583526,341.00020357390486,6309.322436234957,5851.264720974128,1159.965704911512,1170.154169182856,838.8737323226627,1155.0459398837006,2798.7483723029864,6172.873710601725,5403.28121933364,5246.3937807324655,3431.059514981039,5443.323742905436,7760.709457040591,5831.1763098532165,6304.663660308703,5580.094834288863,2943.940706930405,5782.029483345899,3050.9408057869427,4356.626101160493,4403.378229409933,6710.742034482398,1511.2896373113028,4394.726545403088,4606.879756522206,5977.03883028243,5704.91617389141,GA
13119,137.73874181996152,938.3898586369189,1991.1539597319918,3220.8962375233564,1287.9554148862815,2892.945389044156,3544.6193827742045,3514.750276338576,2649.535290118393,228.03628768047918,685.713621089079,1445.8354800175234,1384.63441460493,1239.0542753598215,1062.6822013931064,871.5433749822452,1085.1336641080989,1088.1187541730494,969.3522103841652,934.7519856485637,790.9232800334962,2618.6713375928007,3137.729881394569,743.3069247701918,994.8653066714496,913.907983619916,714.6609586453417,3536.614997915298,1271.9598531759889,368.73089198783,723.019723314623,801.6741225528023,1433.3757081645776,7328.323507246334,1250.8852292036222,3478.6856142286306,821.3331136841791,3500.043023631769,436.9871151133416,1158.218900819505,3435.74667059037,3177.654826227391,1533.3892564944574,653.2904096754396,791.3795239383019,729.5909638389743,882.9709629593661,535.2870494459485,625.8292703449926,2458.750694342541,1035.3280409594513,7216.299415306051,1246.2006747800633,906.2430795244408,455.09571962093287,3211.105221638498,2133.585327317935,5486.051648363174,1028.9574398490254,1350.7211522367745,3145.46618949822,621.2049107845384,337.6599591433543,1314.707906210977,635.4508539560649,3274.2378958299396,1315.1237169937856,3006.39723543757,3200.3245493059057,478.49870542095323,3198.321378932004,693.8481590684653,2581.376464433374,7244.775859415498,966.4633988662783,2170.5106787040568,7420.393987621657,1165.9505523664347,337.26146841920485,1238.8161157021373,650.4183865679589,1211.1049733804255,312.94446894837006,403.6803411326818,1084.5006299141342,108.9759039818218,1150.1185188531626,720.8701675743472,174.09251445027522,1516.080323443203,824.5956187499639,1108.4992588265939,571.0832637240927,3050.816288294199,354.87052879780015,1395.3188435002774,1974.258435839959,620.8304684090588,1327.0133559203525,1141.5060903104015,837.4653424179393,1118.9514782397805,1026.619767740845,3291.0954458518586,531.974963730501,2673.311379450898,778.7513528226303,1415.1740487671868,425.568126979839,1784.120047806456,863.0351378866486,7155.049114016018,1115.8642024945746,326.30450428400525,199.98198571332108,133.34694547091254,3570.173180486252,5403.060336304413,953.6387282586434,1549.6570532062772,969.6116398651828,507.5351990098349,194.92735612384843,1712.985560687865,3534.2866643963066,676.0564436506135,489.1054087082263,743.9391172812108,4593.83206516045,2484.7196741550697,1100.9867882462404,3407.502736507014,1800.1702022601826,2926.9619406223906,2538.7238154225115,991.2198778112422,3340.4722370407612,3282.1339636944713,856.9132731137679,454.74908555628855,2574.2422839977303,978.4822014966676,754.3340547259645,1687.4048321017422,612.961521756273,858.9470273532603,3589.0074251549386,956.2548068460131,1012.297942840336,598.6495627617127,1188.7968969180295,1702.5817152883524,1542.852691356639,901.7356667453763,439.9022207892782,1199.7764513572745,1688.7985619007807,2010.5931570700945,161.5526610966985,1652.3006649585125,1006.2375851830074,623.3575405974525,2378.0716410093733,2165.9187118050386,2013.656502534269,703.706927958252,1015.8213010090401,1170.085414546283,3396.9303617744745,403.37318313199165,2306.8774986610188,739.3285043380607,528.6833913165526,561.1242060234755,4353.1396313805635,944.4384802878377,3543.238132071153,468.32569772503024,2603.7376676004824,245.07313454957503,680.4577260778373,2228.0026852013457,1125.0084515445913,3481.650873380577,1325.9425793064709,843.7498233270038,2754.177220713144,2176.152127877103,373.73283111742484,941.8229296711462,2676.361463170531,12665.064308035971,6125.37217211068,750.7380341287362,605.340373743388,897.0198177110016,516.409253817288,737.4155727030388,2147.113648718576,1390.0937092790775,1026.5684040068816,1576.9549939431486,2246.619160092262,1413.1011706634397,4610.75090940632,1020.9470341417956,2738.6514132718853,1384.2814778820834,1280.5536883128555,803.5095229988502,1414.2730923861666,1039.2210978988624,941.6891502830647,2082.3323515028246,933.8035244500239,2763.7352065466225,1901.7186854707825,570.465419868989,1008.6223999830653,772.096154059386,1655.7646950509027,842.9550821790589,3251.510680283832,2216.332047275903,448.0505751399266,1077.176639917498,3412.276600318867,1262.0906112128694,897.4731957034433,5553.31421188609,2852.0321617938844,2457.603128261262,1021.4781746361493,2220.007670740993,1721.2763819694587,489.1338240646569,1541.3164650685098,2590.710755248333,7262.789775562831,5637.190137527957,6073.047964966829,5513.364916362562,6237.912635344036,1300.7833909348255,834.3706097116832,2281.595837601456,1321.0696279412202,3395.681172986181,1307.9187463293174,3637.673426978387,2590.771052135077,3143.1758564309916,819.3791898767496,3388.001314413947,1513.3033202483691,5829.468025124676,1051.2981203999068,1967.430663095756,1340.3159035711985,3126.645511219724,4461.709953330573,1645.1455440454606,397.9485610715387,1352.1682005941168,550.3161796293926,3215.366049791657,4419.7159581875485,260.5914418633461,1152.0330426339167,1391.1890963298126,2849.4391282590364,2704.5732775289457,5869.894264069337,7234.788714757772,322.63623642910017,399.62763898189934,505.4782648763721,1450.2208134497025,1444.3434463269073,5568.672414937441,3486.292410018364,7269.66181680497,383.5919366595839,1062.0263774758341,328.3608233497728,2471.0140628398176,1186.6797640128846,1403.4070743083128,997.9718303895663,1104.347657793474,5237.817928883314,1075.58059852104,2163.3752966243505,5970.6220605660865,608.9263546504253,1834.3621217534687,4903.964758145857,560.9594468130799,1756.3985813353847,2519.4109186248643,1252.0050324573567,6577.220794311676,1781.806284730506,1127.882264931857,10675.477223915928,2205.043455999342,1272.5396972266965,2778.661027929505,1617.116525882448,1088.359428713529,1358.6362282188627,1235.5510536825814,767.8571621604189,1489.0372453680277,1859.2599920065286,1324.0568755826046,1391.8286653862665,3204.5721877394453,1324.6744478341616,3386.655221013416,2143.4490303646357,2391.524622111065,1209.036804480112,942.7402219750052,1513.375665030491,1362.4240478341355,1544.5844653232925,1622.0866849799627,582.7159972600325,1337.9107300081923,514.9320664994757,1902.9940468485293,2938.7433105396403,2627.079738979691,1303.5608424909612,2380.704025944837,1265.9296549355165,3559.407180077341,1011.6604037091893,2108.986878271712,1270.5595541762873,1960.54915295522,6025.120128786098,1787.5188863378535,1654.187732933359,655.3191677618562,2699.602128475247,2517.6154309589765,1376.4089127610584,938.2670398355086,1949.6857380909432,2450.689015182535,580.8689554768907,2328.398015592456,1704.2096865940775,463.15652581844716,3482.7336362287206,5832.3674068979235,3649.296890573275,5991.017929436915,1667.3388324266125,1190.4556523169138,1870.0263590840163,2409.5871921094804,6178.619871446692,3545.422235929781,641.2161996567814,4659.82480415462,1393.7074364468913,2665.290166960041,1419.8346294969033,5284.730699988277,2005.4213874255386,5312.452759430634,2286.535137992394,793.6079557391707,2407.228921953385,786.0637871926841,653.7323715816873,6301.087184538014,995.181615746478,1309.8886033689348,2634.8989442336137,4668.380811983908,1316.1310950145605,1344.6871513578155,6308.113215194806,883.7935006045084,2305.556830179838,1694.010370843265,3355.237585789333,2062.1273563518253,2397.580852269665,5581.718665727075,4662.191874543024,1621.0076680375269,4635.456797120214,6336.786960672039,2988.303866499425,3249.623662057893,6304.241174652437,2313.554714081429,403.357991704778,693.8194163831745,655.3116726294692,535.6416562888755,6299.797877243311,1959.1338192065052,6102.51575487294,885.4549196162723,1349.2129187330604,2034.641200567505,846.4890299222178,722.3825115345064,1470.6849681115839,924.2824738237823,1040.4548491225853,1595.0503261550398,1625.747870521331,1905.3632293744781,1963.2403279728208,5605.281472008449,6496.961590575165,1354.6594142814636,5978.3523208719,6147.0487735605875,1863.1102586740208,6081.982464976656,1818.223168700532,6162.236671840941,6553.540680262194,6146.402733216716,5961.317301697363,509.0004072163308,6086.321723839006,904.8145427859083,6229.397769812253,423.88861799326514,1556.8157853872306,1374.5063184393732,6033.818534002112,766.0041131378093,5760.2752188055065,6122.109406817221,2469.809826656989,788.2245109506301,7196.029129313969,2451.95530556218,6104.082089746443,918.0052408226753,6197.523105805491,6238.629922135465,2396.758119678493,1548.4429705169448,5886.412057915565,6139.146510877567,5369.088767510003,6269.470173482419,894.4580803365383,5589.186316674266,4525.047556946919,739.5900320278965,5836.223372188109,6101.5798421170675,6029.707086854822,6235.306656557148,6272.5798089642185,7248.5337742093225,2692.3930936880342,5762.886799461822,5594.542561729966,5611.254166953379,6094.666526885882,575.0459750019485,5850.125516414393,5824.626748027267,6071.292698967652,7289.046329080192,6090.740064605204,6687.319686568228,2292.792128953079,5334.125423192263,6081.077853595926,1758.4990544020875,7184.169928332301,4574.540803184746,5921.231061802454,1663.6485845483235,5590.767291271159,4411.504041424814,2568.845984055274,832.6438503166363,5901.031903988942,5775.579877997695,6062.55218122049,5707.29202700321,5358.304413464193,4339.833446620696,6371.64295119496,5869.283126542645,6248.254856871507,6134.560979476161,6521.69401729624,6510.472508803318,3538.3368724591833,3551.4003868266345,2244.188507038382,4444.776140227201,4680.335258458504,6123.584015855391,191.08645702972717,4412.575755181769,6275.032168035268,3214.7004370485997,4617.5450048731755,2851.449260604534,2556.2191776514314,6010.437703257919,5657.004947939662,6142.4215076230275,6001.092060452005,5978.3836852716295,5403.495034058178,5907.774277146217,2625.0663852018697,5248.697261117623,5472.27999766189,5746.0063847969295,4691.627634930866,3646.4508518784014,6158.68509245777,1432.7409242142749,5537.030775901084,5089.173406672092,5516.450719307095,6077.401284709338,5535.853239379491,6013.101736345867,4554.717643402119,5755.086111666527,1248.7537950035728,5975.232085123601,5253.316715945875,424.84716818106284,6352.881776839626,5889.864168434307,1242.6417113734778,1253.56903780509,797.6671921285899,1218.9160017167285,2857.642461971654,6193.612351972224,5438.283953998075,5272.581718307134,3505.014484160083,5477.911992606741,7799.831243655074,5864.77602971617,6330.775252696615,5609.983105105142,3023.5032953964587,5819.700617058987,3131.147604800845,4399.633368860932,4447.040138793694,6755.635895423083,1448.7949073431025,4436.903921114386,4644.979347312933,6019.262300524532,5746.279210769855,GA
13121,17.453069269685198,958.5666616278976,1915.6619991562295,3119.141779664773,1171.0735519481962,2797.082783658729,3491.916146557099,3425.8842974136546,2543.273663009424,359.2108259811313,667.5487818063256,1442.9695783333234,1512.4030276291294,1109.6112886114713,1190.276688735327,941.5835808280988,1213.3804156647498,1215.9238454391216,953.5296296426512,1062.833400340566,918.492178888423,2542.777077860248,3031.8524328662565,871.1693357736981,975.8440720372175,934.5676827031848,672.3545450478604,3476.521323170797,1154.6541993750184,328.524218338456,849.5582911670584,763.8216080211657,1306.4634678999907,7227.137193279845,1120.79644666758,3388.878824349662,690.5242218850611,3411.474526899812,567.9441916926672,1100.140317092736,3350.321790757961,3074.859044581787,1405.6073038896536,678.8254161500794,877.8395043018384,834.1169950411862,847.6065316204333,585.0244588009241,704.2267963347597,2504.3794522937096,1060.913013264971,7113.455952117576,1372.8866789469205,894.6874252495887,450.33436011570933,3110.108472052719,2031.5457799633189,5472.50695635295,1133.0814139454394,1306.6550382080725,3043.701494030929,524.0529661177062,423.0217289685834,1214.3361446345516,766.3678355995614,3191.4956834411223,1443.6979859775597,2940.868467108379,3098.082686023952,500.6477698138624,3149.467560993753,825.078328173583,2470.289356584185,7140.078576088366,1015.002096658832,2055.646169369453,7321.180851640904,1073.4476698210872,212.84483298452614,1361.4112787816746,636.3716350897697,1180.3649288399608,356.37598671187067,512.3630626063383,1193.2825930385961,240.3267035447636,1265.2019868957534,675.6914768208143,228.6526899291421,1642.0000200283566,720.2692235994313,1122.2363503688396,448.8727080369612,2947.873364628711,486.0276863324106,1521.3919571576664,1892.4003088464408,680.0068800979267,1245.3103482370207,1270.2049527461756,800.0647870416831,1246.289128551856,937.1984086383563,3198.7967856484997,415.60147163284887,2622.500412511019,734.2139664041846,1534.2162669738848,472.38246051287047,1666.8638176942584,986.7718759338338,7049.626205487112,1101.172893592201,232.08973091747188,309.61451437216414,253.9238241125333,3504.318185444133,5400.761653522163,1083.4754597817498,1520.0804347256933,893.5969746082949,401.55849988959886,154.01371595958196,1602.908949372938,3461.987131634889,547.8200581035442,607.2550635099832,836.0011943154309,4574.675552970211,2437.70428449801,1059.7596345583022,3342.7100942164366,1791.496107889754,2878.2112490434424,2587.958078744143,1118.9040113113367,3240.783972495539,3226.422577152797,725.538437207091,377.47720327202035,2513.0685167429347,1103.932421901743,801.8851628124879,1585.5177416936315,605.9839638029247,895.2807796027517,3541.461664702157,1022.1971864708245,1003.4041179764945,725.6713310705163,1215.0327555514716,1571.1672846115964,1411.9174998210337,893.0418561457683,565.2956017565202,1230.0438417464773,1814.0139968635433,1964.0179532931397,236.58674022258182,1520.865291759939,883.8435789688409,494.6358147777639,2419.2488256458364,2084.9281999620243,1989.8261923595915,573.8008506129347,1138.323967333994,1221.4905574409174,3300.011341959318,529.7653825893038,2224.465550027556,729.7969478436701,500.94053440654574,547.0550115798148,4324.9904458061965,813.1291367410524,3457.39110188648,571.5780464289866,2651.2905494271804,352.4920939600769,811.8868724954514,2135.9624856069754,1250.5659157518082,3389.334266274853,1321.2137849394874,841.3351661474452,2711.3795846014746,2097.4368734278464,244.21832553075058,999.540023018548,2613.4782160409345,12613.335099899958,6111.687661757739,715.0381152584345,683.6722010745863,943.7296157945486,640.0852396955435,848.8933312528961,2129.7202858333667,1338.6335199474906,1142.2463269535258,1590.3487359889884,2161.3433949223318,1288.9546638599966,4586.907269242518,1083.8805637154055,2646.122678918229,1514.5241575868652,1300.3825394053285,868.8981215435739,1532.0703065536404,1141.555424696712,890.9057056156793,1982.884341529901,804.9851425113558,2715.9316324361153,1897.008527151552,695.5869525366307,1018.4371633367543,772.7776428734066,1524.3799790547553,718.7214809499934,3154.6290432054607,2142.00465459714,537.1594635071328,1193.227479582167,3324.0701758046775,1265.5185166929248,995.7172354867756,5537.940027271253,2787.399922727881,2499.323397882385,922.2109781675217,2160.2664604553725,1591.0716890448052,617.5011411822612,1424.097150117258,2512.2553306965697,7160.777313880125,5613.538692130711,6076.468119991871,5527.062712376056,6235.174077106074,1173.7183156614944,817.1202334650297,2257.1970600339873,1448.0626830816886,3340.392974907099,1241.4166376246671,3560.3567421470093,2490.4900114831344,3090.895720968488,950.29963635664,3336.289802239456,1457.6320710286814,5845.309651736533,920.5206788850412,1857.0504695513532,1217.5997927693502,3072.8376216139955,4437.998585277074,1524.4003775321626,289.5308907326607,1481.9127711589574,679.0674726858666,3159.4575283675904,4395.17497614994,148.2516636078491,1030.8313083983562,1285.0067662203646,2780.054112531776,2638.3666193354393,5849.41011737182,7132.207818078715,439.57726445092595,352.8041740607061,383.6527457697136,1413.207092088438,1570.8568566052413,5550.5407974974705,3407.269467965088,7167.03410655408,397.9702353727256,981.6500282852678,251.99525560471474,2416.5482394824758,1314.6361766758396,1293.632817554331,882.2281981864464,1101.6318779240314,5222.599950217187,1194.2726839114055,2078.638572173033,5951.484257432273,719.901038585686,1797.3810060707813,4886.824923498586,430.79257452698465,1759.0957251316297,2565.903535665275,1310.2728028981958,6546.96090087082,1758.036792379229,997.381771957104,10549.151694275602,2155.145982514122,1178.5397820643182,2727.131013893859,1533.1455467164428,966.6004712509833,1383.5885664667392,1347.9469844451291,890.4399467476014,1525.4298069230329,1745.6166828602331,1436.1224264026864,1521.3899947320194,3114.986978113516,1385.5684473098913,3288.6408066392796,2113.8044912321816,2321.5822823712438,1195.0517849798966,1061.873178279183,1438.2964765857091,1370.1579574881653,1541.0653518497604,1622.9848574868818,533.1468339967856,1372.8751975878795,502.01633131555,1887.0725073424926,2861.622207921884,2553.092095627412,1345.4875093002945,2319.209524720765,1394.8402895509098,3499.921275357577,1053.9592461391949,2041.0330002695111,1399.9703051618171,1899.1497485470331,6019.929839254389,1802.1283953652319,1666.571956825309,523.9362779492337,2609.7431794629347,2565.5034817010505,1304.2073040608411,908.3364603730482,1864.921002126729,2495.997481728802,705.7812346135099,2278.338342123021,1643.530143563388,582.2703862851713,3395.012640733401,5829.298350030772,3580.644750698085,5979.168288807467,1645.1831450881793,1257.5694519535127,1992.2408688952648,2324.899002507116,6168.755818719806,3493.0391877101106,601.7893729106731,4640.453457980668,1516.7671797802727,2563.4538603546675,1548.8174228777027,5271.395080182596,1995.058700119237,5316.008923681157,2258.287901238689,784.1367669786405,2330.970750973385,777.5565185162028,599.1875623587703,6272.66593656528,974.7947098260072,1294.617295899501,2578.732116739664,4651.798766313225,1291.0919877430404,1473.7460774198032,6297.36370299844,819.4862038127693,2214.1426755658345,1820.410340932092,3264.830507702304,1971.9266673569336,2437.764189089467,5562.997273604778,4646.411517573905,1747.4196405191879,4615.103642168226,6326.133044290083,2881.896712981763,3191.7024030763732,6290.678612589166,2202.5985812052195,307.6330971689449,607.8690658943527,766.6577256861751,453.61230052160636,6289.857471960938,1904.855673402537,6096.487030173636,1010.6972346918084,1471.3308761968372,1966.872624576985,956.7779897394213,604.2316369689969,1494.8432083428079,836.9718152393733,1002.3957327219839,1720.1486494354926,1535.4588727053235,1846.594288914172,1848.886353415272,5603.584348212436,6493.219468243725,1471.3762729619284,5981.8617660671225,6131.857181098695,1863.0294338342007,6087.331983366723,1712.3708440145965,6133.38179189155,6550.374083495269,6152.401910831078,5963.732824535619,399.9440719807511,6083.354506543942,797.5463215597379,6237.365033645251,537.0637253421603,1497.2465046777386,1487.7325027270815,6021.963425713852,880.6979522324552,5742.666510628209,6119.0655772500695,2438.739572109629,905.646731522454,7091.418066815108,2347.797509232177,6090.351134183369,1027.0509861211754,6187.830396292034,6230.761182479518,2367.312453961701,1464.1107508538346,5883.373312424501,6136.54797538519,5373.716104611026,6269.154201439676,775.9633978957726,5570.187038422031,4501.496966391077,870.1494396193294,5839.381765806964,6088.171878376225,6027.516094311944,6237.4264239012045,6259.932540669047,7146.514677735131,2657.136725180117,5759.763749595639,5575.557679568441,5618.3641880386585,6088.5399696602335,674.1963915123125,5863.590286546482,5827.855506233247,6058.2870695216125,7259.4398916116215,6077.279030121129,6666.803843479298,2260.055135813808,5348.720574771028,6070.051416843048,1632.3856513821327,7080.887662481681,4552.523926440957,5917.060125308822,1596.4486306535287,5594.289969459552,4384.15054349158,2491.7633173803947,935.9124529770296,5882.851931879864,5767.29020679543,6073.983000594012,5708.031246475751,5366.441601094143,4310.968396882334,6357.9599749624385,5866.6482222325285,6239.9713936861535,6120.663005383092,6491.693494808894,6480.425845336372,3485.853364856072,3500.5132188120238,2156.0876174403525,4416.454563767326,4659.208779344574,6109.679252768527,143.823368208255,4384.505831419213,6246.21838703946,3112.8547189798314,4596.207339861532,2752.117407035577,2463.0659573226762,6001.677093626353,5633.779222682231,6124.126430718286,5993.0045112496055,5969.670236464288,5405.961365117099,5889.3413445506285,2528.043762486732,5252.853335518813,5473.433398864756,5720.209299785664,4671.257712268531,3571.939087634188,6140.17815707963,1302.6045066172755,5541.719869474926,5088.333334401425,5515.9322354742735,6058.663618205872,5533.722208988839,5988.201189869561,4534.840672263178,5731.122607058657,1248.6030908250705,5955.508960756727,5243.256393975194,298.218374513443,6323.771086182371,5869.5076579405,1112.4105842201973,1124.4596056132864,895.1822739266194,1153.7596731678814,2800.8067963197245,6202.934800660446,5424.166307431645,5273.200873260678,3415.7707204153103,5464.493055246059,7778.348838307947,5852.977109357154,6331.3779854194945,5604.445211342205,2919.776110303476,5800.957324402626,3025.479967562213,4371.820133171263,4418.056154136375,6724.099287911611,1568.8249579557196,4410.547948268582,4625.691519974345,5992.557958539383,5721.126203520923,GA
13123,117.20261531472042,863.8915960890245,1874.235252603708,3104.5024472165123,1178.9215586578855,2775.6471843208496,3433.1694546678423,3397.047240710511,2534.4017205406453,324.73168629468034,757.189118434932,1356.6124081804346,1445.002497541787,1147.946410040872,1123.224615018341,841.8595730995635,1147.8382223932238,1149.2873841048686,1043.2311610464878,997.3755234495096,852.4582048706881,2501.7849083767287,3022.3978274443202,806.0855221889232,1066.619976022464,839.7220220409145,768.6009286198547,3423.0099863384694,1163.2679371959473,256.9561499502598,781.7189899697363,693.6950809985428,1335.7120723424255,7211.638019507096,1162.0629126660592,3360.993717501707,754.7915731387163,3382.338918827917,530.9769811827297,1044.3138862700694,3318.0962672240325,3061.496300750136,1437.3310567227154,582.1855955615073,780.9164157380638,744.3755832435012,942.6782657616382,484.99585897841934,605.9707373105118,2566.6682604597213,965.0608513960426,7099.949436850125,1303.4144107667673,982.808090067223,533.7179985401842,3094.558099005401,2017.415448521896,5391.868966282383,1042.18313404102,1241.3819731636631,3029.0819552850853,505.2484343863608,453.89528400380954,1198.47101583684,713.0925722734153,3156.71919359462,1378.4633220582034,2891.3981905368714,3084.038051217553,403.9629543613125,3088.083129571164,783.400743963094,2468.106988393685,7128.865138988202,915.3944275936096,2059.3806699552183,7303.379525681565,1048.572799591454,245.79760249435935,1285.2916512527859,724.4862823989528,1106.9653043237824,415.1115071786251,520.5295436901811,1104.9277115824325,205.42806527615426,1181.3096591314948,772.5424565971439,131.21870258735188,1570.5663982736248,710.0822633461098,1029.6518872432628,534.1684641883439,2934.706477244291,438.1071224008247,1450.4387794194147,1856.7274149962168,579.8934532206067,1209.4164721231734,1205.7134315901587,895.5214170310927,1178.4995149147223,909.0521352334563,3173.493935845592,506.44520098196676,2562.30933236965,831.0729567863904,1453.5591875360183,372.3417783480755,1674.819086716368,913.4124280798137,7039.334372942832,1019.4533567234056,212.29799546247207,317.48345648016004,192.6721259614249,3455.167191542086,5315.300921100608,1023.230447156963,1446.4183793986685,852.3116352507145,497.8421964560768,78.3443075788815,1599.6149675593674,3418.0186867595726,584.3870550617893,602.2325545871587,740.8373418245982,4496.590968018507,2374.9521863070395,1156.4502792644255,3292.719326820115,1707.8344443189637,2816.7056516697157,2647.984995961749,1052.2879046030287,3223.674654724566,3169.724173615224,778.7602471105369,477.5411898256695,2460.205487982359,1032.8862150287782,702.2004849424734,1571.3325161776831,691.3855087296133,797.0707560789948,3479.2857820825,922.1775988632828,918.9037164272916,659.7358238478315,1119.212534948574,1622.9989375685934,1457.779881259834,808.1956348406767,498.0727239455368,1133.3465743232384,1741.1082084842453,1900.8066338936303,272.4169119408961,1574.4050379473779,902.9547808179373,568.5794019549368,2484.228239020361,2048.4636941681615,1913.438073763148,643.2402170831773,1062.6564781681502,1121.7482446289428,3279.7248110703617,509.7613907285448,2189.3362884468734,816.7020915394064,592.7029811036393,463.1127560332014,4251.465256446284,864.6711504203612,3425.5751480868244,482.96655964784736,2712.4105871396105,271.3849193835536,766.380436271552,2110.4280286383228,1179.2637955600414,3364.0457867075024,1235.4733252427918,753.7670436876962,2646.021747862836,2058.895023822735,320.8503223631946,899.4325866170682,2561.922384632466,12554.446521923088,6031.1673211906345,643.444877307963,585.4636949980306,844.2392960308281,625.1467826876271,763.5283767056932,2050.212769597011,1278.3010013406515,1059.1733251044625,1498.3588317992167,2128.9474492375753,1311.0679213450426,4511.162232642657,983.7614891394194,2621.0806370409045,1454.819078280949,1206.2664975311593,768.9112495255794,1450.1558609941917,1049.741936086951,829.5373402140094,1965.6436107655302,841.9085414531056,2653.767615590061,1811.7484706874866,677.2457229671934,926.9109659857937,683.8091815448474,1580.2231480210373,742.7095976980048,3134.308584099983,2099.6070426215306,442.58602628077034,1110.3504940703533,3294.572557597551,1176.5647210332081,902.4056398160125,5458.152782663371,2737.212513938688,2564.003607364653,905.2349087834673,2106.2528748113778,1632.0613709093009,555.862166025914,1432.2077047728553,2473.5203761797848,7146.264834352674,5537.798524054163,5988.8599711454945,5435.870850299228,6149.9579729015395,1203.6720265815716,735.9429748552776,2181.229164438216,1379.0641524265645,3283.4140126371203,1192.2233184619604,3520.6820086112566,2474.153953080303,3031.797248390629,895.9413803542723,3276.8455814807976,1400.3494537291951,5753.471148390127,966.4619155356922,1854.0595514190927,1236.608347913114,3014.785241749073,4362.167929381679,1538.9185104810208,385.97392309829684,1420.2673889575854,651.1252066881767,3102.887807501752,4319.764486433524,245.87857218381916,1047.0354467601944,1276.520724221754,2733.624689838998,2589.381295000393,5772.101316200071,7118.381814804666,437.4215889375683,448.4200630206984,405.25530380180396,1343.691679000064,1500.6618938030983,5472.060823481887,3369.099458733115,7153.263957835487,472.48059026624435,944.4443004062178,351.65176867360464,2358.8133993941187,1248.101321908787,1290.1365712959628,888.7074293783473,1014.7656907947172,5142.710462444845,1113.9439697964117,2045.7172695062434,5873.524575755996,634.9425345356882,1728.136715380227,4807.8056667540695,476.85369626877883,1670.8632465299715,2627.6698132831025,1210.1938715097306,6474.778341134334,1681.4767120529675,1041.258239968526,10574.50900463947,2094.2031260995873,1155.2784046781378,2667.4503494888804,1499.4565191022198,984.1151312693826,1288.2304535435194,1261.756624189269,815.895827635176,1427.7518712718493,1747.5812529255566,1349.5404198891008,1459.0187901958625,3086.8787098299617,1285.4425729599222,3269.5942181689325,2040.5592967236835,2275.538111841208,1113.1574471067197,982.4129816721907,1396.4006475646338,1279.8127113387786,1455.0626923508319,1535.3263438710987,469.8313071752984,1275.3659362190076,417.2014347644546,1806.7360442491424,2821.7315727323607,2510.459368971433,1246.8290747345422,2266.543337226716,1330.6560567521346,3445.967519111305,955.0550518363654,1993.318365900819,1337.3293967843406,1846.2908955538785,5935.6982425796205,1709.903050529422,1574.9531193964688,579.0021503903292,2581.9204132207497,2626.386791508456,1259.7736277761549,833.9823981515955,1832.0184577726325,2558.483085567541,636.0595728694627,2217.54598714992,1590.026926250961,506.0813631940286,3365.0323995583085,5744.18383983419,3533.7089367369817,5897.806145330017,1567.7182883188846,1157.5437283352164,1914.7146896786985,2291.9395330741463,6086.528330905945,3434.0742211243987,532.0136662651104,4562.481277817728,1440.9872216147573,2548.978570525595,1484.54633727807,5190.642829274121,1912.2555133302906,5228.288116898258,2184.3487948528973,871.2076974743891,2290.272856079173,692.2804126515712,539.7688389057403,6199.470653418247,895.5653058012149,1213.4559820766326,2522.2359298048777,4572.488518990197,1214.7599433749629,1409.8412892958768,6215.53598938514,768.1237218392123,2187.944029497655,1749.6377281727764,3237.560210990609,1944.4737481527445,2503.341517163361,5484.80291170923,4566.723217231488,1676.763633620093,4537.609690522757,6244.265170054555,2873.157444847405,3136.572864902116,6210.116148166833,2200.3063917417235,288.46690466712187,576.2075844229365,681.6573586056124,417.9783838527719,6207.672626030479,1846.8199313370426,6012.610670092025,939.6450238369837,1394.3647295367648,1918.990547051933,870.0972410732486,616.1223068157287,1399.7669446576078,806.6396380115413,932.9644227887362,1647.1663847265381,1508.125575780979,1791.7589302284343,1851.9103494681492,5517.902028351718,6408.428154240034,1388.5351241161552,5894.213390544964,6052.034181065378,1775.9106153053153,5999.01851638699,1703.1980652084644,6060.408948545341,6465.353254206047,6063.859652064667,5876.491250353064,398.27378462788835,5998.219004806095,791.2104281749292,6148.134336889693,455.7764856916529,1442.83729446663,1401.9365651561386,5940.60714608731,797.7334737624788,5663.95246263753,6033.963712591085,2366.409837123124,825.0645728620539,7080.097772129762,2336.244785054851,6009.8503969415915,939.298142460665,6105.52935418415,6147.674131760339,2294.064897241285,1430.7680801732572,5798.25094693918,6051.2682231928675,5285.607218972212,6182.981354128661,787.663299439148,5492.1279943967465,4425.592086733029,814.0653886772443,5751.8526625568065,6007.52329915066,5942.064845479615,6150.316721362189,6178.951475968736,7132.010519942541,2587.243248516559,5674.665325358508,5497.492121841251,5529.386853075533,6004.7039826173595,582.597073892182,5772.498106601631,5740.299322591235,5977.452947902866,7186.947918856756,5996.653824819571,6589.57205879791,2188.5891601100243,5257.231088670741,5988.329112525168,1658.9557570567106,7067.918359925096,4475.849641192415,5832.400556891239,1547.9922722214178,5506.6057503730835,4310.209014578532,2451.8069158210305,845.1054976291025,5804.423514834815,5684.346952433184,5983.566595607382,5621.406448022402,5277.08447238959,4237.825696611625,6277.4576023755835,5781.361974276402,6157.0630101824745,6040.241201497367,6419.365903092407,6408.122579241565,3426.9558431345695,3440.5378478955113,2126.4859352430944,4343.0331007777695,4582.102590208634,6029.259710245327,234.29269088150292,4310.945769643898,6173.231754801092,3098.3265845538613,4519.198815925178,2734.633116976389,2438.698085377423,5918.956118079002,5557.824184306651,6045.772599779773,5909.9928426414035,5886.9263139539225,5318.654685310525,5811.035316347833,2507.9277760091463,5164.905853584419,5386.629933287084,5645.584599477846,4593.778573409326,3529.840300866146,6061.92772234248,1343.7047778796793,5453.602981034496,5002.265668004961,5429.778413859287,5980.5183712277185,5448.206400500454,5913.132870128779,4457.10309308009,5655.55180878899,1160.9606806244424,5877.83500102705,5161.035558088856,333.867716417469,6250.949876218125,5792.137602620644,1154.4346283274388,1161.402337936781,801.8539144933667,1103.427313670071,2744.833163179813,6113.234923643752,5343.7866166940585,5186.584176631826,3387.314485895985,5383.7968977169985,7701.666487177025,5771.581970451327,6244.853615399239,5520.323688216568,2907.5891642771207,5722.7939795097645,3015.7535288985637,4298.121501752121,4344.990956795788,6652.629141645911,1489.1851870936898,4336.0833087995725,4547.676908723062,5918.430366379125,5646.166873735468,GA
13125,174.9941885913893,1078.308305148025,2097.935444494028,3300.3236334141066,1344.2388050127229,2979.864621006452,3667.0449132212293,3609.393418685232,2722.7120846456783,268.34525197305646,547.7118763822117,1584.270194590942,1436.4331228511694,1257.7562962575792,1117.414329364217,1001.2239779040403,1136.7894012685588,1141.7342935380775,830.2789045554554,988.6188928969752,848.8746668040906,2725.24149078228,3211.335718140199,800.7655418398234,856.2033538152957,1053.8262668074344,584.040336064731,3654.68829147988,1327.4328684472605,492.2196035103031,786.0846397783891,929.262706583512,1462.7868107006018,7408.1557876342895,1265.470295795659,3572.3429935910412,808.6491162850821,3594.9947737635302,457.2985629745485,1276.4969433523365,3533.8544121244336,3255.6686976981628,1558.9996734289443,793.2005702030771,912.205838191869,834.7773168390537,748.549035395632,673.1834779679764,753.1583029327247,2331.467456514379,1175.1010827166308,7293.839424996828,1303.1539997423333,766.7778992607408,316.09023789620744,3291.5478108826505,2212.9056709423403,5623.284574333105,1131.7067788704974,1476.607112506766,3224.8933644798326,707.4781360962386,241.93207114811256,1396.600648808661,675.1073751758365,3374.893386914943,1363.5942737170676,3120.813031050548,3279.0944492310687,618.2781990630543,3322.729389652666,711.1897099561255,2646.895623651278,7319.634842670765,1103.1467292611378,2229.487331407347,7502.849674930451,1256.9255797084054,386.626415429112,1308.456378315565,511.82052582245996,1342.2875889919785,179.56590601812718,344.94042949017853,1180.898981397784,188.9050798617439,1236.2702811777624,591.4722046583771,313.99982050835814,1574.334632328538,902.0546763870053,1248.3206620244396,529.8933213526776,3128.6526142216608,401.9002134338596,1453.6229345505692,2075.6282170819863,756.0004949933214,1428.378471482543,1190.5152841363686,703.973902017953,1174.2770034179096,1120.741012582284,3382.0629943849067,479.6415272117208,2796.5758909201368,648.513555006384,1492.1725822941125,564.4925233044434,1838.7553915111007,932.9306315576064,7228.832414396563,1251.7139677603748,415.2205704321472,158.87006683143971,245.4727668323764,3684.4445084420117,5542.109629342575,997.7541533410587,1681.599362312226,1075.435232929537,438.82177678059134,312.26706560626235,1780.7770252591467,3643.8239273011463,705.5755116755839,450.0813423013978,861.0007103191381,4729.708458093901,2609.869609345082,967.7188329736148,3522.483474281928,1937.8060487439732,3051.3635225523494,2413.29283391245,1046.2377224161726,3422.60649031365,3402.813925030097,860.1447543608714,355.2730750308554,2691.449070877386,1041.90639956512,891.7873201323248,1767.126162134495,473.54356771601914,997.974077192323,3714.1483686286324,1087.3510447609074,1149.2963957558238,662.4958406993984,1328.4767776303427,1698.569137795518,1548.7190519391222,1038.6024744777403,514.4300110084629,1339.1406381247518,1748.7018185811353,2135.7689032380945,61.770539047732,1645.9456819372485,1051.2182784756794,601.7128111954721,2248.691911290888,2268.087127454686,2147.7321681327994,686.2924158414299,1087.4034960239474,1305.619227807483,3482.5267702699243,395.14815377324084,2407.78245653683,599.8978698392223,394.6263805756898,695.6665320657949,4486.3811407768535,948.3782671892253,3640.933521795389,579.7349087621417,2477.456617737827,361.58787008951333,704.8796051245491,2319.327954129531,1186.7863114542542,3572.588612332601,1464.0141292210074,981.6837902750208,2881.4089045224273,2280.300859403964,368.77356826197337,1076.0130461413376,2792.488932465253,12788.607164987432,6262.611676956948,879.0310734332148,732.9212077827688,1034.2697377547374,493.4670878127117,833.427912768172,2283.000742808065,1512.345088938078,1112.598211411519,1716.834985182398,2344.84367361298,1451.728374921117,4745.3522087526235,1153.0234168846437,2829.3994144494154,1422.2097386989758,1420.4568135254465,935.5166446321233,1493.8399843952511,1143.962295299394,1063.6310441243527,2165.028780486622,957.8011535047368,2888.5751787402537,2040.0631327214373,551.4776937921482,1148.1897109817912,910.3913729173303,1645.7827555087042,884.0675565481639,3337.167822038556,2324.094472096893,571.6703779465188,1162.1256335277521,3507.602407615814,1401.2287887765842,1007.5934128143061,5690.15987322905,2967.0316154445763,2328.4919774718105,1104.9540926996453,2338.0069189096266,1733.1847029734506,550.5434654600607,1596.4002019446928,2695.1365007177073,7341.490566699423,5771.932085855075,6212.654548028407,5653.2769237181055,6376.939582427041,1330.1015328925776,969.0677943665339,2415.6083151165312,1376.3947175728686,3516.625630060684,1421.0223329106063,3743.155155967316,2672.271489923532,3265.761135929966,855.6904342574896,3510.94140182,1633.3465175518563,5969.336468858512,1061.552597075774,2034.5083311027229,1383.1505709152655,3248.382430764649,4596.334858692665,1692.23309302736,341.0870969597744,1393.8274058463685,548.6530106998305,3335.9192710103503,4554.092493099462,231.68810703357067,1199.3192985292822,1465.2430539998013,2961.088733269035,2818.464614913579,6005.524571951969,7312.697663951079,287.15387754288747,279.2195827706504,556.4054783663594,1579.2786987988418,1500.8227450710608,5704.878318090496,3590.3007846790974,7347.502932754694,243.7495496665307,1164.3988405317173,240.03380520228862,2592.217826376955,1238.8717561783571,1472.035197793255,1057.2896703915278,1242.5632565177682,5374.677728851818,1155.4185083477905,2262.1092153170416,6106.604348914144,707.8013818055446,1963.722982699936,5040.3611939864095,582.9387375368133,1895.642990599281,2392.5721556825633,1385.213141951174,6709.935867514525,1915.7820933243038,1140.0791465958055,10702.299506617508,2328.631077889631,1361.8839095171998,2901.5698270151693,1716.5135718026352,1134.5442862683874,1498.3377349934078,1325.645131467052,842.1550590229857,1627.454955197422,1920.796473424769,1414.1919158643911,1434.4402985660156,3298.4704640558625,1456.7622837404406,3470.9046706903473,2275.714169003369,2502.6761980543147,1345.1636644464818,1022.8525078857904,1620.3260625801342,1501.9900820884773,1682.9711698226556,1761.095281027424,703.9673992431606,1476.6415293938046,649.5031591889135,2039.1413630413324,3044.334759726644,2735.185249075561,1441.1538625666153,2497.6532552678805,1312.979908782432,3677.863488832609,1149.5607253256544,2221.5012930132943,1314.7795791741025,2077.4085134370553,6163.823046586437,1927.4306844376151,1794.0471468531507,661.6842052938747,2793.2286344219497,2391.479672082397,1485.496461535715,1069.269399415868,2048.3789466010157,2323.247438735654,652.3435413554378,2451.948385553827,1821.3928587891128,552.248258712107,3578.554658783867,5971.34049362278,3761.5875771825204,6128.616644519703,1801.7191463648005,1320.2602719595293,1937.9166730867553,2508.379657296258,6316.5931271621985,3668.023652482366,767.5008183946629,4795.652526748769,1461.228948237388,2744.7229816163235,1465.6313657785074,5421.99427280069,2142.814199983103,5452.05138670015,2419.3296066815687,654.0890194338867,2513.469982958304,922.7338387690801,772.7591580729783,6434.402786838223,1129.3497852383548,1445.8108894188197,2755.172951175852,4804.88897100743,1449.352777199972,1390.4723693853198,6445.933410352537,997.7716609627116,2397.5520928847955,1749.8518321184508,3448.260390062279,2155.42428610134,2267.7735278001546,5717.78038925948,4798.883286650151,1677.081584293054,4771.028077774823,6474.625894977578,3061.156689870008,3368.989306077819,6441.514824789666,2379.439810879769,491.1343672701378,791.0291557114748,752.8038846267435,635.8312428861235,6437.763084801402,2080.244593830862,6241.102402417013,950.5733482322697,1419.431461878139,2147.262590978236,942.8606630205292,778.509514640074,1610.4035849278832,1020.4095984609713,1168.5375795887487,1655.6878095496231,1718.9792320561853,2023.8281349214276,2023.3654509924206,5744.407364957065,6635.8736011727415,1436.6244932714933,6117.9631799056115,6283.9686383792505,2002.076752640847,6221.710487552762,1892.3964715407446,6295.400013637535,6692.526033934213,6286.165880552148,6100.846383156416,581.3595032656136,6225.316156014754,978.0964622775748,6369.244404413611,524.4709646542957,1674.5890989161126,1462.528584229093,6171.418340322462,856.5534760156215,5896.619470235904,6261.095744052516,2601.697969695601,873.5821888474561,7271.018672952819,2528.254334584764,6241.3108832018615,1015.3907667644479,6335.527251765157,6376.940991879648,2529.187770706931,1647.4957725976208,6025.390805926279,6278.186850843818,5508.76049402019,6408.7632979333475,948.8566932416554,5725.179218746817,4659.725500681997,780.9555839259036,5975.805958438205,6238.8750054303355,6168.791384668775,6374.818573963094,6410.036694393145,7327.226154693692,2822.7911818390785,5901.850698605377,5730.539425063554,5751.060626563953,6233.2385850482615,688.2154279583467,5990.038642008788,5964.2141977197425,6208.667980342459,7422.025478033726,6228.0238014605675,6822.989181461297,2424.014662004689,5474.02619838245,6218.836459929212,1789.946271928157,7261.088426346679,4709.657533979298,6060.067689938847,1776.5124984826145,5730.370392693124,4545.010047850574,2674.427970556017,938.0726098705608,6037.246917052571,5913.802334262504,6202.4679559236265,5846.670707446601,5498.147012840089,4472.836756132597,6508.895101655932,6008.309975699186,6386.4992953210585,6271.756635625596,6654.494552115619,6643.256567121633,3660.8821132234734,3674.81034846067,2339.635652483807,4577.971222470647,4815.704873358987,6260.777689027324,113.9775238505778,4545.849831339457,6408.21655728458,3294.0056791963734,4752.851784615229,2934.116368478338,2646.2886937918256,6148.5928826723975,5791.870466879026,6278.62262621936,6139.357745817909,6116.5453052055245,5543.013827170948,6043.927843438202,2710.634648608171,5388.335680493812,5611.689465147676,5880.117425962441,4827.199586522457,3754.249214771984,6294.835236730116,1446.140866280491,5676.70999170028,5228.373686728278,5655.700330407987,6213.489771257033,5674.927153753993,6147.502371403578,4690.405801373804,5889.745809789808,1387.4543406406654,6111.066205064812,5391.207996220866,465.4655481314421,6485.972337739941,6025.529160150737,1256.2506645745655,1274.0274409158615,909.4092753076764,1332.8380814464508,2977.5785709320894,6333.49737661736,5575.394242345168,5411.935513742165,3599.2637145837043,5615.170350952431,7935.299243718444,6002.3780476707325,6470.158302108764,5748.620017828632,3100.250227738619,5955.772161216815,3205.066429782249,4532.989652943306,4580.015713230244,6887.915834380285,1523.4792868544473,4570.72862342067,4780.827013274843,6153.110715854908,5880.585974956988,GA
13127,385.11841538259097,1325.4409985136233,2298.0680414386275,3453.3974248611016,1475.1859257541862,3146.036793035626,3888.286468455057,3786.447835502592,2867.713509306217,447.7943565864861,310.02320812794363,1829.9703968076983,1549.7112013652716,1331.2532096695772,1242.3461234513413,1234.1679200750855,1256.4659163033273,1264.297302650933,586.5577950791518,1116.1751952984753,987.7407395607913,2923.157008742476,3355.1688901519647,941.0821143624884,613.7962080555437,1300.9516636282933,373.65779019636324,3869.116814014685,1457.4591527796688,726.537684442177,934.9298328746266,1163.1814609986004,1549.05141106502,7555.682650370586,1331.9802789818475,3747.875871668596,849.285352507776,3772.5770247722994,576.2033511629578,1496.805140840425,3716.6487547818238,3406.568923251022,1637.2582929342466,1040.2853748715463,1134.2690257906518,1037.9744180060795,520.6207671258431,917.6413912073823,984.8341543001164,2107.8659997036893,1421.8530126215821,7437.5452742525895,1427.1271885827857,521.7685190108732,81.97491398858217,3446.302855296505,2370.3117435965273,5866.901667194185,1326.7255724653305,1706.176054026726,3378.192106929569,896.6960361955825,232.3075859239083,1565.0068186539713,797.6100991055287,3562.081332445454,1472.949672077329,3330.1633676730817,3431.157982862498,865.4312098406282,3547.321208875564,797.8921353092319,2779.8372539447005,7458.719861767146,1345.2873684178078,2354.363474817428,7654.784670362024,1440.1778657742764,558.3632600733013,1451.9483844167496,271.99170238528063,1579.1314120298834,105.47089877017049,365.10849118062663,1366.2004184614975,415.0144091782712,1405.8109772059506,384.9909552819765,561.1120624446479,1695.7117395503726,1073.7478898648917,1495.482131165934,549.3480456538189,3279.6653148990504,562.2986067756561,1576.94718341898,2267.7208043389705,996.980669239344,1624.4346644375155,1304.6615172472245,479.8594963131663,1298.6346019686314,1310.2591314740719,3553.6624457612525,486.8978994599025,3019.9433466742244,436.6745284922843,1644.1891323359248,810.3207884271608,1960.1305683633482,1085.7657724170663,7366.161199668078,1494.498665862352,622.5008074479192,305.1779319300424,479.3798073574102,3892.8376495309135,5788.3491594858115,1110.2177229942592,1918.8629171872512,1281.1434349941028,421.4929757459536,547.464894291689,1923.4941929200854,3844.746285645404,820.026457132885,478.0666963342843,1078.8580042603662,4971.360777956354,2836.2855508663147,740.6348501768849,3732.185220162274,2182.4259150775533,3276.185278707249,2193.148125079865,1173.6631465972564,3579.7571740965705,3621.567506211755,924.1115929991913,287.30297293275765,2905.7819367874004,1182.0408623413166,1135.3001358200258,1928.359872473892,229.93377367579305,1243.5632037418409,3939.5870279685887,1321.8269071464574,1393.5272833001711,818.8519740514557,1575.0352802320679,1724.1699677174438,1594.0564912973891,1282.7909358120885,693.8951375729761,1585.1419491786169,1870.462539736817,2362.886379133518,243.8687092322013,1668.3577947076983,1172.152936950343,645.8360763747884,2021.132482235133,2460.607430528242,2387.471775595701,728.6656762958777,1238.4018152089461,1545.8148990288034,3645.169960647056,485.654378571685,2597.863922702465,355.4593270112283,184.90427738088147,938.137790809017,4724.056447566595,1008.8364572381937,3822.863162712629,796.5673683499599,2255.549312092984,591.1652661862307,802.8668960879555,2494.940196564467,1320.7360165799855,3743.71145308584,1709.318911875003,1227.0762407308737,3110.6626188418627,2475.793700546613,478.53281260437933,1314.7486667833873,3005.002178089447,13008.598571197366,6506.203888458754,1114.0369075651379,965.0835323367422,1277.299657761752,541.0631377334988,1024.8151049618816,2525.1737776928394,1736.8916335695071,1284.1039393191288,1964.014676670672,2531.0259978582944,1553.0622685173441,4985.065111666357,1388.6265674314716,3002.1652785905408,1513.3884804969678,1667.500514597616,1171.8120024578618,1649.8050069929361,1341.629660476764,1289.9573338590894,2328.002277823799,1050.0412397217226,3114.221545159104,2285.562739578125,596.6463292680978,1395.166534813209,1156.2031061854948,1661.8322325780334,1005.4879055705783,3500.278309326307,2524.9328819359635,801.5742472882042,1331.1502253488918,3685.964467389946,1647.7594407408872,1214.4257478869674,5933.190594706177,3177.5236104268834,2101.3319353447346,1280.132530835035,2554.2049787737715,1785.6348820594974,711.5960195762648,1721.4431358535892,2889.7990648859413,7487.140351277923,6011.7258815768655,6459.596350002646,5900.338923203609,6623.13596848644,1419.0308105969962,1210.9453933774719,2655.104949456929,1496.3744992093075,3735.6834780070976,1633.4903416361246,3937.453233504989,2830.8695543868603,3487.596429718831,962.3356750018744,3733.1096991234654,1854.419369879903,6216.235208151093,1127.525978995763,2173.836023651825,1492.4771675577038,3468.9260657023256,4836.107398221499,1803.303718825198,375.88075740093046,1491.635475952724,622.374956284301,3554.542736396788,4793.493255013951,355.91297266639833,1319.6174878134702,1621.1555168587854,3166.3975576690973,3027.4981525025146,6246.672191158739,7457.017843007525,369.803729599666,176.2821171664054,711.2521039947809,1812.8427897242395,1620.4790158172125,5946.936086873066,3782.471104636568,7491.67440166826,5.893835112176568,1364.4759230728073,258.6302871171495,2812.755065122706,1356.809059121496,1619.6881007038876,1199.2549607586698,1488.1183550496246,5617.7515251523655,1317.0841597216975,2449.401719655274,6348.286752188928,906.3243912527156,2197.0602676424214,5282.765136129109,696.9241003310059,2142.2415317079926,2169.7288176601414,1621.8675520772863,6946.416163457643,2155.5483667455,1206.4343653834756,10754.172833424163,2553.120720086635,1541.509109853546,3124.2770129402843,1907.596751286268,1254.8460091618965,1744.9205200323602,1499.7379756933665,1004.2229604095663,1871.8087351902466,2052.3251212450673,1587.245666867925,1532.985388589825,3474.989410605966,1691.6220682686014,3631.3814596460657,2512.824623649301,2708.1765306393327,1588.1925111901053,1187.7799860568616,1822.9616404169856,1748.946244398117,1928.5913286285158,2007.4375542589255,932.8234206345296,1721.5599788765162,892.1764488202859,2281.767426258846,3240.0113831952413,2935.456276570642,1684.2972927562678,2711.951960814942,1421.1378481577312,3892.872302419973,1393.392225421475,2429.801006957235,1418.3865958567499,2292.545663003345,6409.571497081957,2174.593428151001,2041.2228408601773,745.0038414166092,2970.674303446058,2170.005314785908,1691.989311324366,1306.6026340054425,2236.556303393988,2099.3515353217167,819.1432420880934,2676.195514349101,2037.7739161243694,745.7353982005973,3757.5745954058216,6217.469249721328,3966.746117251817,6372.754598163959,2042.1213469175736,1552.1354520096882,2070.6516330941145,2694.8498014550737,6561.279901452935,3889.539074588014,1001.0618645453093,5037.223735709345,1598.9356626107735,2899.7129296054986,1568.7453203579971,5665.66909898451,2387.0631166958456,5698.987415809069,2657.0930260916525,409.09193271048514,2711.429042018357,1166.8483211977573,998.3166477624013,6671.875158365039,1370.3021902184273,1688.501449915757,2974.0670695720946,5047.482500985228,1688.6172987604598,1494.9932984036814,6690.3885122741185,1214.7611598165868,2573.8668926064183,1865.0156448654766,3623.0299144194396,2334.8555392906383,2039.3479209465995,5959.616644828894,5041.751081856557,1793.5400679886554,5012.21422864307,6719.107814220703,3204.277356652833,3585.7325917553576,6685.149760550174,2514.459155030032,692.2300359546136,990.8876613180637,948.2719208358527,843.5093815459427,6682.4337190780225,2301.5813956515617,6486.68386849659,1095.9723168644389,1561.9739532955036,2355.9401837872906,1132.2121327600134,926.0456485472027,1857.0112916177,1214.2092564271989,1401.9673298575246,1779.7755799375825,1900.9411308244519,2241.4547904164388,2151.72559701525,5990.746706019491,6881.907167879485,1597.002362505117,6364.910202705993,6527.075228509824,2248.3448056028305,6468.782129279435,2044.0151719027026,6532.649364359328,6938.660653089464,6533.270631595559,6347.69817244947,760.1517958444891,6471.470173750725,1142.011688212352,6616.412129799061,731.854511427431,1892.3325595665347,1631.8224808660614,6415.556026255149,1040.1387632029089,6138.873639168917,6507.2380883686355,2838.040485849011,1049.7234601505895,7410.374841368462,2679.179420360969,6484.888008095225,1204.729693475512,6580.258973977305,6622.1214160304735,2766.3588913804742,1838.5404904101447,6271.526443530936,6524.402966239057,5755.776407121508,6655.316299974978,1087.0549530531953,5966.909444288268,4899.568822848524,899.1290385459957,6222.721242031756,6482.552380876433,6415.068834112621,6621.648255145393,6653.949504900806,7472.874709395306,3056.8066841895998,6147.968014122898,5972.275259904119,5998.2022306318,6478.799387448037,904.276012003709,6237.106632572281,6211.13513620232,6452.467460712443,7658.839806233112,6471.684494842559,7064.1307668586705,2659.52018408136,5721.037024304527,6463.208783912368,1874.2933052072387,7403.760534761563,4950.161809334084,6306.006050451459,1986.859916862916,5977.310220277731,4783.079524643368,2870.938168751899,1139.663529713564,6279.292589569121,6158.867979061277,6449.618019353021,6093.338777519054,5745.312837159612,4710.148769508554,6752.4942411174825,6254.511667148262,6631.582276525201,6515.282131614484,6891.118700503718,6879.855942218681,3882.315417847229,3897.5819310117354,2521.550922790043,4815.55571364908,5056.579356206451,6504.300754972556,261.3999408928728,4783.56262818773,6645.484195763524,3446.898677984397,4993.639006776734,3093.603009042481,2818.606655406981,6393.5527802949155,6031.85405888144,6520.629122989532,6384.47909276276,6361.515665712539,5789.856565971033,6285.878668608551,2875.572105433589,5635.316237800885,5858.398224119486,6118.913902754928,5068.3798424350625,3952.245060466615,6536.7620174605845,1506.310080626171,5923.733266598331,5474.818751176743,5902.2043304035205,6455.327560334062,5921.19774979562,6386.720667764939,4931.77874791678,6129.398177843341,1633.507963277525,6352.519672829283,5635.8112463230345,616.9332426665786,6723.080705666941,6266.728622753083,1321.398837535918,1349.9643094930834,1119.7587078962138,1546.9761195882675,3195.657641748983,6580.67711336271,5818.830559523191,5658.576131417378,3775.700485491072,5858.825948123779,8176.04348872948,6246.526615074749,6716.826925582903,5994.284716533368,3249.584054204348,6197.603907208991,3349.4328212492183,4770.831535546592,4817.261456240702,7123.675310566945,1671.4966026146155,4809.282164233903,5022.430058950111,6391.46071915895,6119.688545807254,GA
13129,105.40342333575693,871.118956676706,1847.4781218561,3069.473058809663,1138.6846772280885,2742.433975823773,3414.0851444694677,3366.146432705169,2497.874864960259,366.5269493870121,755.7606080408231,1354.8772860683484,1487.3031081917945,1104.7084934354043,1165.641065023349,866.6642811782149,1190.4186210394573,1191.7457571871432,1041.7754009004686,1040.0061194595655,895.0813750994786,2474.996992091207,2986.069876202057,848.8225913721747,1064.1391187375757,847.1938984400043,759.8048850739688,3401.484384885089,1122.8995516837301,242.97292629594008,824.1750102180846,679.9746994575843,1292.972812020324,7177.043667684872,1118.7630636810459,3329.7876595895027,712.963174369036,3351.5321967381765,573.4886187658392,1023.2736177717976,3288.2950719301048,3026.134739914457,1394.436832992503,592.583755361933,811.4427624687903,780.7598266513595,935.4252812544388,505.06563309245684,634.8153398862868,2583.502681412967,973.9557556435975,7064.833619113134,1345.4625357063844,982.7676868308412,537.1772053719742,3059.76548350828,1982.084238192767,5385.711253553575,1077.6019222065884,1225.2567723204131,2994.039306230273,469.75734567534823,481.5876772244285,1163.2666573492502,756.4095712072653,3127.7697259615816,1421.028886291086,2868.0578003379246,3048.8530623295906,414.71901837031686,3070.2755351372807,826.4198641486572,2430.0838593215144,7093.17310221437,932.5245647460056,2020.126278556687,7269.406260934215,1015.7794483242867,202.52688462453372,1326.125241784452,724.3960112416271,1095.570510000897,431.8613051427205,555.111103229979,1141.7011273354367,246.46561299485137,1219.9406183207898,762.8370195557669,165.11852190500574,1612.2467792069422,672.9542991554918,1034.1942492018186,498.4342809464613,2899.281133805332,481.259985817648,1492.223880763605,1827.8615272986606,602.4169040709984,1180.3421685387154,1248.3880501382446,887.7745767629309,1220.8097084984336,877.122451025493,3141.470280019637,473.7515618780432,2543.848897452481,821.325046937642,1493.1532743187454,392.9131771994,1634.7405691365466,954.9699717696274,7003.413705854738,1013.8490531348,174.6432024851264,350.94022504041067,235.97788003356152,3431.7477927086934,5312.888758013937,1066.278235990007,1435.2991626152937,824.8853072125497,469.6443038710528,65.73870202249645,1561.6366179073113,3392.4871084061288,541.1025142749098,640.071885078588,773.3483170053935,4488.615709879316,2357.7659736646924,1146.8548743746455,3269.641893129342,1703.8610768106153,2798.933641827847,2665.9453595071827,1094.7760479914027,3189.310212674932,3149.6404374901063,735.7846686815028,459.9577481812991,2438.282757890619,1074.7804478898704,719.8512719309532,1535.8813278093078,693.4840054807919,810.307667413392,3461.9105398274123,945.3019831494913,915.5168581889276,702.4676196772708,1128.014955204322,1579.8118419684672,1414.464656954932,805.0770374101035,540.811002594656,1143.5406823022893,1782.4943231295294,1883.779336313894,296.7877147106912,1531.2979409993854,861.0117120791223,528.9302135535064,2499.6740010705867,2019.9282351577442,1904.176153584205,602.4324298231255,1103.67858601868,1139.3387515717563,3246.2423939909904,550.115821453039,2160.363277097661,817.6539026315609,589.2391683228391,459.0748582440762,4240.510586384539,821.5696918422963,3395.647657053991,520.4503277522236,2729.84402035547,312.4331030012177,809.5732654988198,2078.309825721537,1221.0639270910679,3332.036985223027,1233.1898109251727,753.0804938398065,2630.24541313593,2031.110125123372,283.26655995450216,919.8053543279883,2539.437552192135,12535.698810490283,6024.933318956514,630.5725827142011,614.4367243661662,860.9703583755377,664.9029934753494,801.9211794086749,2043.1218343272155,1259.5999199192827,1098.1622924393942,1502.1815622619688,2099.026813571001,1268.9639793961549,4501.626818114472,1005.6684046349952,2588.9079559059874,1497.8410434697812,1212.6725157472106,792.439050383575,1489.358518137489,1084.574675765008,811.0475177094504,1931.1156189017847,798.6713027776946,2636.313382655485,1809.0968174722152,717.6404843665782,930.2562776693517,684.4786495197121,1537.2487046380838,700.1787480843553,3100.820827785096,2073.278268691968,476.3382074507791,1149.3771084270081,3263.873578097869,1177.226236749576,936.3003326279736,5451.384519688852,2714.159008758093,2579.615369625691,870.0684673202161,2084.7858475330113,1588.7850803806953,598.9761623597158,1392.0322433133356,2445.888776644409,7111.4100152702695,5528.28441040967,5988.308633383851,5438.789064585381,6147.349200990196,1160.8562050116482,729.8157783903622,2171.7184933632616,1421.1629673666973,3263.472378928845,1168.3071294334795,3493.522399852885,2439.487368950945,3012.8500766998022,939.2353060202277,3258.0888283639038,1380.2031311459461,5757.079847372499,923.163106295365,1816.0904510492028,1194.8277697780454,2995.3302995188483,4352.683964576728,1497.8031457460727,358.60623094060014,1463.1565974794873,692.8243827562166,3082.737453074928,4310.006652597619,221.73047331495945,1005.5192372645816,1239.550476766852,2709.0016805014457,2565.796669364445,5763.626598557041,7083.348561417188,474.11931873325517,440.7084316569725,362.50400583756965,1330.010473931466,1542.5574256576294,5464.377388270728,3341.3745958234363,7118.217328934747,481.48056580883485,915.6118800180448,336.71735989691933,2339.126311950084,1290.5475070831408,1252.0740981070808,848.5025244934366,1013.4571131507339,5136.009772707879,1153.7705152515234,2015.953953631709,5865.491513786314,673.6688934057789,1714.3993275938003,4800.484016347997,433.6888809600522,1670.8452737279115,2644.7729432855263,1229.972205865847,6463.057925049385,1672.297156142028,997.9396239628637,10532.407882101592,2076.0482028719566,1122.0922985677146,2648.750184882306,1469.7746935947512,942.4039626210216,1296.317141598658,1299.4407694601198,857.2919839064743,1439.6398453956845,1708.5907084990477,1387.0158817798022,1501.84450836462,3055.714531872748,1305.9867556536758,3235.7637891148634,2029.2843829182173,2250.686268751468,1107.7110427075313,1022.5575910504178,1369.644633891682,1281.8722756164884,1453.0243307498208,1534.7713581897378,451.7412495958352,1286.965545683292,413.89848182298437,1800.222119830788,2794.577642513212,2484.299180796957,1260.895678022948,2244.501097735654,1373.3369730083941,3424.642876191415,969.8816768491723,1969.091617603911,1380.1493636728135,1824.24381741758,5932.286655462713,1713.9823584931632,1578.3611159294753,536.3039291886289,2550.599330815317,2643.92643283428,1233.9358861304609,823.0602154721347,1802.1909129171845,2575.2175927741005,678.3800840359307,2199.336555476737,1568.1923422701127,547.4981795350471,3334.4963037545044,5741.488169195976,3509.376289356866,5892.1862662365065,1559.134806073911,1180.4540563547507,1955.0622343725133,2262.242938851973,6081.557999171271,3415.0959060192713,517.8377260495663,4554.430774926868,1481.8496497618867,2513.836562850187,1527.1945494335255,5184.565143656881,1907.6175397941668,5227.834903471919,2173.5276055856066,872.0375629766584,2263.336671317812,689.5031448873459,519.7977011780168,6188.3619563452185,888.0488610478682,1207.4695553526426,2501.984944026994,4565.366086311238,1205.3252736717648,1452.5363195879831,6210.266251318149,744.7445395905356,2156.0460301863054,1791.3974211536508,3206.1490745727697,1912.906257318364,2518.475382502072,5476.923430438916,4559.868184381373,1718.553986839646,4529.233834169635,6239.025823373738,2836.643463287135,3115.756776518741,6203.914943331363,2162.2635298464693,251.73149880198727,544.8028060429964,720.2971505581144,387.3197180919054,6202.671369953513,1827.1786880121688,6008.9165522564235,981.5792686947134,1434.9671838846066,1894.8149816540454,907.8320114307712,574.7873381741169,1407.43742627208,775.274552611803,919.037467207586,1688.5550396104834,1476.3711681161071,1770.5942828388431,1812.74533241466,5515.676905829454,6405.472718137628,1427.4496017949102,5893.697810172542,6045.300191065871,1774.8736216195925,5999.1089643201085,1666.564187620525,6049.16082079912,6462.585915564159,6064.162271745977,5875.612557750887,358.4775873700048,5995.542603197179,753.3421441180898,6149.0870196163005,496.07516126356126,1421.3599068467445,1439.7274279101966,5934.983464645421,836.9636220345767,5656.434100160694,6031.259868682033,2354.606781654824,865.0113689037889,7044.430795689681,2300.331561307879,6003.601930765857,976.4843856276246,6100.614941700466,6143.362590192812,2282.8212718998857,1400.9362731850931,5795.562179315083,6048.7113841143355,5285.507175766841,6181.175698550384,746.5662295105715,5484.156105644403,4416.158366218787,857.3296635257841,5751.229460858993,6001.381941250616,5939.649626929304,6149.32280383599,6173.054673682902,7097.1531275570205,2574.005927813137,5671.955840033658,5489.524777539285,5530.096958948997,6000.9777948347755,618.1623784250572,5775.311240208853,5739.700330431529,5971.446231771887,7175.427635595605,5990.495359093584,6581.058939592991,2176.241261688776,5260.46506631825,5982.977967482676,1616.487521309357,7032.664590592082,4466.923533678527,5829.333406477332,1523.940192587183,5506.120796790253,4299.516230026522,2424.622461453747,880.7563890244535,5796.710183659485,5679.919321333537,5985.6851445776965,5619.985997872092,5278.157306877749,4226.633642008667,6271.213756696039,5778.808504125612,6152.6134637255955,6033.936100018185,6407.732031790692,6396.473771981216,3407.944222350976,3422.054953676159,2095.6457237918657,4332.017121673207,4573.467097295057,6022.952831007924,231.67797800664133,4300.014810473526,6161.99437060815,3063.2677455462804,4510.496385110066,2700.312995520183,2406.2930623251973,5914.359955115318,5548.450208534602,6038.011811841217,5905.620526806979,5882.347415674843,5317.830988046533,5803.237976142464,2474.3001406432613,5164.657883443671,5385.363469769997,5635.357390806135,4585.394109922493,3503.5938872821657,6054.096255340891,1300.4154751005294,5453.510907506643,5000.362329342004,5427.951715149459,5972.613636801837,5445.84128950184,5903.193471975478,4448.890221305357,5645.930388768161,1160.3742545181233,5869.608115057105,5156.048777138347,290.5546741101058,6239.612805666211,5783.704366982709,1111.1253206808976,1118.2107636605322,835.8480672581444,1079.9412408340086,2724.3662034131994,6114.641475128181,5337.441079406643,5185.153961328414,3356.2915362664808,5377.681358762266,7692.803647801173,5765.984904960956,6243.3498125434835,5516.820096973839,2871.914541911324,5714.897400569857,2979.4898241401434,4287.276430564681,4333.75482354712,6640.485293492068,1529.0646667659967,4325.720980910926,4539.655031710212,5907.895327941745,5636.152517307854,GA
13131,307.46857111511736,1276.5010397614144,2097.4548156794267,3210.3893275890705,1227.7288746618594,2911.5704366935274,3712.180310335195,3558.6759636140605,2621.547594640088,571.7789961550078,393.03177531516576,1742.705508897454,1735.7390293089745,1068.05323825947,1418.3572477281189,1263.0597668815449,1436.7760748554047,1442.3016930870292,667.3997670639345,1289.6794981495912,1151.2391060791147,2717.145274592276,3107.617704067858,1103.1730938535602,684.673016262996,1252.8532385480082,362.6128672431238,3681.881517719181,1209.711892645636,625.6360911381531,1089.3157866823328,1038.1344277252354,1287.202984245954,7306.984377896993,1068.0710021058555,3518.9895498178967,584.7920731071506,3545.244942206303,752.1328298124089,1333.9393736231075,3493.718531177292,3162.466686903254,1374.0700135844565,1000.4754706705254,1190.636886203636,1128.5855140080746,540.1605577794217,909.6028634406696,1021.5553715555659,2298.723660620823,1380.5671413395785,7187.205715952382,1604.315419159964,617.0430011827027,248.1906012429588,3204.234890739788,2132.356494579288,5750.7633329696555,1427.44164660325,1559.1114942331985,3135.424872701091,707.2831263062434,456.1994462498725,1339.7377674902361,973.5913317469352,3343.3814058231533,1661.837044010809,3137.0119391079293,3187.63729358422,822.9065286351182,3378.3568712747247,998.8770931553007,2528.445257899001,7206.484355454429,1339.6703089993441,2100.7318221628707,7408.135407810086,1229.4753156485679,380.71194454726015,1611.8796203858606,372.4975415918232,1453.4935994237792,320.29207589636286,588.9640226808283,1480.029069884566,485.3372978227984,1538.7448788791387,362.83372915164637,549.0678964718866,1875.4560180830356,859.7170969811181,1435.95367310883,284.8469123370475,3035.8240890755687,704.724486654755,1754.9137275788755,2058.3339194159707,1003.688006039815,1424.797687107074,1489.4518103017338,491.63975746982004,1475.2497548956553,1108.207061292191,3322.1849200143947,222.4557906482056,2850.3903470890104,420.3841639529071,1795.8050454925835,796.946468152528,1706.2943979642896,1236.5283177453455,7113.279823929301,1393.3158627599219,480.46625384954245,449.4878166358321,531.0540928036609,3696.9718983169228,5692.168676720517,1295.635014169844,1790.1961153599384,1099.5103290802576,159.1478788835956,471.05188656572426,1679.0948362312438,3639.6847638429854,574.7677392931874,703.8294758526429,1144.285570821676,4846.777829954448,2673.5608974210368,744.0118281851277,3538.4549847353833,2083.6479098175305,3108.517299300255,2389.30072485714,1347.4361277911528,3338.8484638217933,3441.8350589219594,661.1429081399763,54.2306840546574,2721.308433598329,1344.8135918628993,1126.5867865369253,1694.9439703137828,360.1104940604029,1218.623813952886,3771.2705932105578,1345.0282828566174,1302.170538971976,965.9775194063119,1534.3802656267817,1462.1996216860025,1329.8240041022693,1193.597901210169,817.5939661297152,1550.8576949524768,2050.084959828709,2204.2203457695227,350.7368822377623,1406.8360754590549,923.0758461208014,382.4294879356111,2205.138604023254,2250.6586081633027,2263.5203492702867,464.49864103862296,1391.0170794600645,1546.199454592666,3407.4790000886132,678.0699097695708,2384.8154645834225,465.21869739800246,230.83651635364623,851.5081284597569,4584.851774379702,745.0974900034853,3599.0017390325797,868.4455537991557,2448.5198832821484,645.3773984241717,996.5468270546253,2269.361824862457,1489.2284618403994,3511.562657399448,1620.236970122246,1147.4704138303962,2952.9592517648857,2268.942289080924,257.91959870974097,1323.8700285141895,2817.41614580552,12821.339510175141,6389.147042853309,993.6384508040953,1000.9668622846524,1268.3402993101265,759.3804598991426,1132.2246845558195,2410.549673529109,1578.5885417791058,1414.9990713950426,1901.6315647052536,2314.4855066563778,1294.465925571395,4852.551278134792,1407.4724486577386,2772.747540585776,1715.4347426355935,1616.4955925444758,1191.639935125465,1797.3505012715475,1438.4154508428296,1143.1471230244795,2093.7968560853715,791.9864872916905,2948.7764631247487,2192.5179340717573,817.6253943437918,1330.6062980575432,1082.0256341096865,1401.509556717833,759.1576067343092,3263.1187730595116,2323.9449044775915,847.2340263506932,1464.7852856879413,3459.4077987617025,1571.5529660615866,1297.815518070664,5813.796155979406,2986.4311098579024,2285.6378354783233,1064.5391153216906,2374.2736612611748,1521.1967384258646,854.0499898843929,1469.9338586603938,2680.351380311023,7237.625863837704,5878.032236201963,6373.264399131018,5833.3956644427735,6525.466907364002,1158.0572418930099,1111.7113350343925,2528.638175458394,1676.9652822018577,3556.166442786245,1455.4867787005246,3724.9535126053747,2592.2675500380496,3313.614014996455,1151.284056291803,3559.0587717148805,1688.1051398018485,6153.183305471632,863.9887770772137,1926.7432322617126,1236.4613320969074,3292.6929330672388,4704.074889182813,1546.5740084466452,124.90144058125908,1689.0298075946978,828.5168414896377,3374.7746742947816,4660.150694914444,193.85803539456742,1068.7558836471603,1386.3985544485336,2968.407276588673,2834.8915679828474,6118.098776796053,7206.934566060127,561.1922575678158,93.10368018635906,499.11605636331115,1674.4569240365256,1801.5344119518506,5822.75945326602,3568.1091328121693,7241.5145571186085,268.0617548817483,1173.6750099313965,73.50592165384653,2638.879537054812,1538.7573151387594,1379.8460402242686,960.6530869418692,1404.3408672085075,5499.004602461946,1458.799162871762,2234.278328578507,6221.914121803662,1004.9697818015197,2054.3814377854787,5161.15338157653,456.4607888870598,2061.8264948892897,2361.558231840773,1634.7115677819297,6800.4505209552,2033.415752312354,942.7399700734449,10490.784375885936,2387.914983624132,1326.0128840856762,2953.0864559287816,1699.6249812750461,1004.5874804080936,1701.8700002314865,1627.201865693096,1145.7535377026754,1847.6337786276638,1802.1482741667728,1715.7973128320155,1729.962180874473,3247.374126721535,1709.7185629676953,3392.369992545353,2378.9651347522918,2512.1286745572816,1486.707985108011,1326.1301738382915,1629.068123872122,1678.6366706205133,1839.5860175146695,1924.8617304276852,804.2526785751013,1694.8919780094684,808.8055604807936,2170.9231886468333,3030.555524282137,2732.097463881505,1669.1976445778118,2528.259524505048,1610.8045947756864,3706.467063517351,1378.0404037735846,2238.8447550936853,1611.4173387568635,2112.469003318893,6307.661078680308,2113.5037653504683,1976.914940809323,488.8496728255291,2744.990719151631,2364.130843238185,1504.608182261855,1187.817602396096,2023.3822929096718,2289.740372371525,955.948378977777,2509.863888195207,1861.6032181220087,852.6486606857469,3531.419661874641,6119.529731502233,3766.541866930207,6259.0514838078125,1923.4424286294495,1580.3353010016665,2240.870419126316,2477.924979334657,6450.905553078474,3713.919259370394,880.9704345077852,4912.17148530005,1764.3484536757105,2658.8066863446834,1762.5051558218124,5550.128135149091,2284.418685582941,5613.455653224183,2524.5399730532818,515.7137862785463,2506.2670846962146,1080.2745597285473,859.4015122694689,6529.314674913267,1263.2336189956059,1583.8650045493891,2796.669307426897,4927.168029938103,1569.5681273955265,1687.5491461069569,6578.328796585551,1052.1313453757919,2348.550409428143,2050.030525033155,3393.7807639834346,2113.140343689393,2221.4921278416164,5834.409890172837,4922.817813100618,1977.4263486262655,4885.537123195237,6607.19160321763,2956.6149168647826,3402.803267827509,6568.133935984464,2264.4666424279585,532.8563100054298,810.2790889863312,1050.7541353617335,681.4190118885073,6571.815140056332,2131.94428221438,6383.2062929739595,1253.8053319738071,1722.8605821590475,2165.9295192119107,1241.7010653318798,697.2692332241568,1812.448780560022,1019.0494694669462,1269.5846075275942,1957.348441247742,1684.0936967593466,2065.7654502696314,1899.933677741748,5895.468254687688,6782.227198811782,1739.891460947584,6278.8057932858555,6407.360803638507,2162.94227290614,6385.994378561391,1803.9307236376699,6389.525104549071,6839.980346367285,6451.643272615258,6259.602931105801,567.4366079625787,6373.506532759306,919.6886223900868,6538.388012926966,820.0588268534302,1719.7738243707327,1764.7235785865726,6301.801547533004,1157.4219961907077,6015.375338063239,6409.107851044209,2700.054029454265,1175.8473456169645,7158.261966334278,2436.5176884663933,6367.770798523041,1313.8799029710212,6470.171256398466,6515.240637214057,2631.312201348407,1631.1234950936391,6173.5963046633,6427.063369032909,5672.152280116217,6562.019170517465,848.1529635769651,5841.21622384423,4767.693663781471,1079.1392462330568,6136.072501441783,6366.003761595704,6318.551376448245,6532.82321103593,6538.572805265975,7223.364970075732,2911.1455606145983,6049.990343660211,5846.600308739444,5918.961388806682,6375.153475235712,975.5359403485103,6169.562167393466,6124.62328463367,6336.654435301737,7513.212915956995,6355.05351936287,6934.63107822943,2519.918126552763,5655.8648419365845,6350.86933481592,1611.5630405201,7152.996394007749,4820.777260288015,6206.01185299773,1801.8660820909372,5891.504519035525,4645.0777069008445,2663.552526189708,1231.8561749919047,6154.6496426265085,6051.65937554717,6378.151578718625,6002.379647642023,5668.131334020626,4569.789736469686,6635.203271897848,6157.322806926913,6523.954135169362,6397.842213498691,6745.651029972674,6734.323728721148,3706.5657145796226,3724.233103329947,2301.1662156582506,4675.889431384786,4928.522644046077,6386.859788564341,209.7362583322559,4644.373660246931,6502.294421899392,3203.802090306174,4865.327608510038,2854.9456034222694,2589.3603242731874,6285.288778951079,5898.857936831719,6395.525726000268,6277.418948491757,6253.364883165733,5702.2721424800375,6160.791519163502,2640.9187330517193,5550.926195873621,5768.3776503097715,5981.4515722019505,4941.584772271819,3743.659895439129,6411.274918041365,1241.8902278892667,5840.098112012895,5381.545621058265,5809.1253877529625,6329.528484376046,5825.199194300861,6250.446500228709,4806.038594497536,5995.026928060577,1552.0215376251792,6225.13394363895,5526.024095601846,410.6096094730281,6579.300955806298,6138.3511874004325,1057.3982551430315,1087.030004502998,1198.1482373501242,1372.8270471716721,3016.0825345525427,6505.19857987765,5701.750213093539,5567.7587823813155,3547.4645643733897,5742.915861110697,8043.84511154843,6133.037953191263,6625.1618985696105,5892.12313508616,3004.9118242558834,6072.0807671345165,3102.1419814341853,4632.091717596552,4676.49738253238,6975.372244691038,1827.1195977703005,4672.886681953376,4897.542939980943,6252.1280506549565,5983.313773596389,GA
13133,116.99309169200191,1022.0618265354884,2034.090074706096,3241.8718819902037,1291.319703229371,2919.6381639188066,3602.1822190102002,3547.638730238085,2665.740863332908,272.99286891023587,599.0798320090528,1523.904312628137,1443.19787962232,1217.2089079090333,1122.306628543558,960.3856301320063,1143.213717769938,1147.2144281783856,883.679695105263,993.6751448623753,851.5644775552654,2661.478109819817,3154.337022393294,803.5411706839384,908.6427111372577,997.6471975906036,625.7600814711175,3589.9067752817214,1274.7346852799642,427.64745974625436,786.0361890023842,864.8610462104929,1418.6445060969254,7349.86260150755,1226.468717696176,3510.7765707447556,779.5459352631659,3533.180053086687,474.9125631855884,1211.6569316031748,3471.4555249592186,3197.5581919489805,1516.2948080958301,737.4876747814357,878.578066845249,811.6438953186349,794.5445232573578,623.1302036263717,714.311546737256,2396.192939244842,1120.287723615736,7236.116620602269,1307.2315344653216,821.3284529143426,370.02335247554845,3232.849332604494,2154.2817537294554,5561.578935436274,1110.4573108287577,1411.9354786814429,3166.43199468923,646.2179992561049,300.342172215765,1337.047306527004,685.7972551290359,3312.049169217313,1371.8849265101035,3056.244060867909,3220.800700685073,561.1278435601597,3257.916874411363,732.0280158234517,2591.969017282193,7262.603730274783,1054.7131224792695,2176.3074848699976,7443.920819119125,1195.3930110521862,332.19547575218047,1306.099580569403,564.4040078756877,1278.3997874725228,244.2025359114717,392.5460837795735,1163.5595317743241,170.5825222663942,1224.9108128285507,631.9231097354741,259.5581098045184,1578.0500820346854,843.0105293315632,1190.8911943154699,512.4512978261971,3070.5686056193645,406.71553454988486,1457.2003883391849,2012.5414368215909,709.5763783855562,1365.1502387293135,1198.305598534805,748.8585307372923,1178.9736565245046,1058.5445315247819,3321.020560961155,467.49752923993697,2731.7308308644074,689.8227974520738,1486.0930165478546,512.6745586951695,1786.6894877731704,929.8306608160364,7172.0801621259325,1189.4784141002726,352.5028723311485,193.4777237192572,214.3304414167837,3619.899770495013,5482.3084899166215,1007.499013868652,1617.8359621166119,1011.4864532298924,435.36562711585884,247.58680707911515,1724.9318774255012,3579.740571828902,659.7770519725092,491.7093434749013,830.0608338950923,4667.193011330131,2545.1024267605794,1012.284407663432,3457.8815202548167,1876.600668122167,2986.55339092818,2478.1187451171145,1050.855838053325,3363.5207114062905,3337.9552305806455,824.6535591361487,370.80898368211473,2626.693782501727,1042.338649925432,842.3047592669819,1708.2597155716956,528.2546092023886,945.5858762602724,3649.3663064072466,1045.1908085119271,1087.7967167657403,661.5467969890109,1274.0454966823954,1667.376919880301,1513.4159493067966,977.0635308397052,507.17757617123453,1285.7745216617973,1751.7253715021275,2071.014520746644,113.84456157393328,1615.6757905308973,1001.3366460137587,575.5437454926313,2313.211151762589,2204.9043139407518,2084.560190099871,658.7213979750378,1083.7290985949248,1258.6535465721652,3422.6503335452358,424.00675386295165,2344.813622843641,654.4799440522156,440.3978987910288,633.1536619917017,4422.829267438983,912.8631304877646,3578.614911986083,552.0966140693706,2542.2430738328553,329.62163256358866,722.5934447142847,2258.076974580625,1188.2943997055909,3511.568812571601,1403.2943259009699,921.0239821934856,2816.7937436967027,2216.8281212788447,332.90820803514936,1030.654999046134,2727.7947585074608,12723.749330764167,6200.8991712297875,814.7459056023085,693.8528576408412,985.0437227582833,529.370513806904,815.8222120987016,2220.604283273151,1447.4946315681009,1101.1598740199415,1659.6903142437257,2282.310808262799,1404.435938728078,4682.263350007375,1109.8986517294172,2768.3426932658813,1435.544867806358,1364.5612040774283,892.4610602779545,1486.3663865305105,1121.4752022680839,998.790634955124,2105.6003503657544,914.7647196965669,2823.7870135102357,1979.5181383201127,586.3078689038391,1089.852665282249,850.1415636811334,1617.0307593014816,835.0479504848962,3277.2627398614036,2260.150299292175,535.601877290487,1151.3541150541612,3445.7103753241045,1341.8833790101144,981.5160421761703,5628.1856504335665,2902.415633291137,2393.041433948395,1044.8286707928467,2273.2092116834838,1695.7007385836926,550.1183692788742,1544.0485072462961,2631.6636356451336,7283.4767218923635,5708.879833192292,6154.01679988442,5596.925932389011,6317.086453724147,1285.841024584351,906.4055733278093,2352.391226237931,1381.365466672283,3451.764122486951,1356.4548296771886,3679.5936013213263,2613.229660582123,3200.9011250624517,868.666498441985,3446.085805940438,1568.4849447117858,5913.535173391336,1023.8420373528627,1978.9671667773334,1334.4119695744782,3183.516811550832,4533.258633965012,1642.4022805204538,329.8236607482204,1405.3890416603226,576.4957887637597,3271.0621173928303,4490.921691061762,202.94580307636173,1148.9489376542574,1407.5942667307536,2896.755891818819,2753.9275156588874,5942.861033348551,7254.882093841121,324.9181391314598,311.0017634164453,503.07882415449785,1514.9583124914086,1505.354272871451,5642.518698857663,3526.9444989660933,7289.705844370306,303.12088212265087,1100.9279988727626,246.5650845438604,2527.352626589289,1245.197809499424,1415.7839397818645,1003.1417896531773,1182.057434267803,5312.71901975065,1147.4495675083992,2199.4777118024986,6044.117004329932,688.2159151457463,1899.4141689821693,4978.123272696054,539.0931837358854,1836.3826182133694,2457.3271516188715,1340.9083875134704,6646.199368293896,1852.598795828472,1101.7784462051359,10660.575034075931,2263.800120244241,1300.7291283452714,2836.716405903612,1653.6697633888589,1084.423885434034,1443.7713792281866,1312.1297881187345,836.5394240730103,1576.1689311741034,1866.75151912146,1400.7248167699252,1445.601384067354,3236.834873676528,1413.6233721991282,3411.3326266507866,2211.9747282223216,2438.370619117204,1283.050431407465,1014.5343873017059,1556.3927193180216,1443.5312259286884,1622.5305194240902,1701.4542387477352,639.1477243730309,1424.7618320783506,587.0600222877277,1976.9112738551335,2980.723002092785,2671.229523058366,1391.314898061819,2432.906371482361,1321.8868126017844,3613.0662149403474,1099.2842838197764,2157.051983691886,1325.0345086169946,2012.6536975200531,6103.5122480807995,1870.6662563871814,1736.7216669409006,624.1343116336129,2731.594362991272,2456.275148924045,1421.2991050193075,1005.4121094766608,1985.7197847888353,2387.9610907243145,647.498366198634,2387.1146091994665,1756.6136267843303,537.5778284882833,3516.5747417343664,5911.411451764339,3697.217825686501,6067.18382132945,1738.7007554046413,1279.3347173101954,1936.9632544726392,2445.770974460572,6255.483593869763,3603.1627716108014,703.0054214923135,4733.110599657157,1460.1309666725876,2686.1872814094713,1475.317793519592,5360.315180325088,2081.386953591434,5393.405802511989,2355.724076066702,708.9103419691072,2449.733685871653,861.1324448109268,707.8937265092302,6370.8419083089475,1066.4026093468226,1383.5591264439547,2690.317355552817,4742.722533805676,1385.9884369843207,1400.0797241681573,6384.682997451632,933.0785734209567,2336.1813378997767,1754.9057014997695,3386.809032357716,2093.7560687881564,2332.234786453304,5655.341878232312,4736.829433798421,1681.9662064670276,4708.359866360265,6413.391567798178,3004.330924306621,3304.158262317045,6379.824401557647,2324.3413495542004,428.95942958383364,728.0321855965393,734.1492035713889,572.211407039115,6376.643986335726,2015.3790129074127,6180.6445408948075,949.9563947720296,1416.8900802944781,2082.7993638681883,925.24150878071,724.661439052524,1555.7376975276227,957.8003867013833,1104.1399140791955,1658.2732222681122,1657.2167589933576,1959.006949183296,1969.7711763512848,5684.72844484367,6575.841458049419,1427.7864842500503,6059.339908310785,6222.032867191077,1942.332244309532,6163.481899504435,1834.9360409861015,6231.795284178521,6632.60272151313,6228.0807850710025,6041.996026001487,522.6333913954978,6165.415014387502,920.1558567704204,6311.5978370263365,503.18815619909867,1609.7808659383386,1450.3100140372421,6109.985652032849,842.1382721144585,5834.334509705824,6201.181485204354,2537.8438010192317,862.1059171695813,7213.951517676509,2470.4468708992113,6179.59092969803,997.2753913153833,6274.446342348635,6316.167082393194,2465.474894090333,1584.6901938862804,5965.469346704834,6218.356753229987,5450.342476238317,6349.37694091961,895.9247869291237,5662.70396698344,4596.66884735721,791.3335789141106,5917.103273106471,6177.203886177807,6109.0345255584225,6315.91901433993,6348.485787959287,7269.213885474559,2758.612243223053,5841.909087055189,5668.0661686496815,5693.191663610947,6172.763201831014,659.6958155450213,5933.653201534057,5905.52558418728,6147.0576002170665,7358.35468860494,6166.344397846136,6760.332514538211,2360.0187611489514,5417.8812684665445,6157.536256570724,1745.3702920351807,7203.522691109344,4646.782640258211,5999.9382549922875,1712.0011806451826,5671.731878076175,4481.538820740245,2610.7924762486527,914.9374127989939,5974.886550527696,5852.944025264937,6145.609051239356,5787.470782017818,5440.491357722951,4409.214774308592,6447.187780301118,5948.463540814779,6325.655078104151,6210.01216424766,6590.782031530641,6579.53964240078,3596.0206198200303,3609.9636027020906,2277.596048506764,4514.403443496266,4752.940815456272,6199.031974069791,108.07122624080664,4482.306552790251,6344.616642835991,3235.582894585861,4690.060445299707,2874.8437620799214,2585.346428288912,6087.6619408995875,5728.868210245233,6216.250609786723,6078.54007738228,6055.621399300707,5484.14828966691,5981.533458588006,2650.667969439197,5329.811926660591,5552.561755878087,5816.825252214226,4764.530407666209,3690.379336497495,6232.434907218406,1407.8183173144748,5618.3138457694495,5168.836612882845,5596.244757866923,6151.0572502309005,5615.1630454594715,6084.311835069149,4627.796417483582,5826.658889004723,1327.4621459833645,6048.502187773753,5330.041113702615,414.4826796613881,6422.343920463502,5962.882198196321,1217.6040266658576,1232.8583698661405,882.1588183563118,1268.202058052246,2912.7305652255245,6276.155923548543,5513.60168830999,5352.692155877031,3537.584158552917,5553.483493408166,7872.532345064712,5940.950201191986,6410.956018313031,5688.233490466775,3042.433541238292,5893.334766163946,3147.9856876982312,4469.471823823723,4516.383503287162,6824.0641582816015,1518.668395325013,4507.361100414053,4718.295610291621,6089.723901531977,5817.364515119901,GA
13135,51.812428641446544,953.7853984039164,1944.2934901952906,3156.4059578768383,1212.6969337222115,2832.4715964422217,3513.3735389303865,3459.1195552413265,2581.878389053057,314.06705776967215,666.7926494585265,1446.8000046689608,1469.5601320142996,1154.6185372589753,1147.487710363202,919.5852590269363,1170.2999898319802,1173.0433810075715,952.808639702034,1019.8138919302496,875.6793060833434,2571.705360577012,3070.38104334308,828.2202559147214,976.2908077123752,929.567787404926,680.3204000941159,3500.42049594518,1196.401061055244,341.14161947387106,807.1694501689177,778.5179067544984,1350.9217912835863,7264.388041679844,1165.9111795829895,3422.410055428717,734.8764489943802,3444.613654643941,522.761865126866,1122.413548648758,3382.4502346767963,3112.442239807588,1450.276207119193,671.3619947796062,850.0384513576809,799.9202656773776,853.5828302198157,568.8687832018354,678.8284291414981,2484.204107957896,1054.4672251271322,7151.209669862968,1330.5133847383079,892.3437227754268,443.48083919240105,3147.1366350682233,2068.7701387629863,5481.035934510498,1099.2916476076757,1324.4051012091827,3080.96267052836,558.6169129808177,387.9052007192482,1250.7871933788986,721.8974253735132,3222.744709812999,1400.4803347762127,2966.474897198203,3135.49626400428,493.3053485406553,3169.590675508139,779.9289449667367,2510.357175661785,7178.395008404865,1000.5627472344258,2096.8063172250268,7357.828983910211,1107.241002638273,256.08789436236026,1320.7388223315256,634.0240837738786,1193.4353764771927,332.5626015312138,471.6296735699182,1157.826942825087,195.5145257567799,1227.426865576208,684.728094815459,205.75131101970126,1599.9792296501055,757.6318001962909,1119.9701286856366,488.6062670497541,2985.4916203398657,441.38263408941856,1479.2960574658207,1923.1106291772376,661.0726086266427,1275.6587238046586,1226.9192051547616,806.6526037003009,1203.6191249131987,969.8435330944916,3233.100993933247,452.53250863743204,2643.165202071355,743.2127983937146,1494.982829700433,456.4550766080501,1708.6877288637452,945.561521789144,7088.159899926226,1108.6373885324913,263.7887550198543,267.8241910207455,212.65975453262595,3530.115295322625,5405.452004015956,1039.6240890484357,1533.100325737812,921.6702424239106,433.75336883986137,161.3021201645088,1642.5539046187423,3489.8854201417894,592.5191172864462,564.4041994735232,806.1825406473226,4585.0233337969075,2457.0517616611787,1068.2711302089529,3368.1371345710304,1797.581874231798,2898.2474059258557,2566.6304115697603,1076.067890750053,3277.4154405226477,3248.836494805782,770.6531045668652,397.3187217017744,2537.149523110973,1062.0500625434718,787.3142498349441,1622.5938878817776,601.0140884949498,884.8014397875668,3561.212416530919,1001.74898418586,1008.7080991725792,683.0459648249054,1208.59481840044,1616.2373041537821,1457.1074101926495,898.0380977831786,523.2425803307408,1222.234066544804,1772.3059967272952,1983.0482982208741,201.46200603469447,1565.8638846160525,927.0252985001274,537.70241657518,2400.5050861952577,2115.4121442379023,2001.1853303181626,617.5629966611804,1097.6447482473234,1206.353960416992,3335.7817649635817,485.1234947125084,2255.447211574148,726.259112392996,502.683687730336,552.5485392516089,4338.347323605584,858.2751755471563,3489.665498716536,537.3431207476274,2630.526821982384,315.92093682638813,766.8636903867191,2170.032520705418,1208.661019731223,3423.661923040289,1325.5570133946214,844.0366600817197,2729.3880229902184,2127.1814744640037,287.64715640141895,981.9036288901367,2638.148017733961,12634.991502432571,6120.31262441152,728.8352287344098,658.235639025209,929.7870142888572,596.0272522203434,812.2241987915213,2138.9552500943,1358.9173064987292,1104.2023162705482,1588.7200165716931,2193.239217522485,1332.6955006441776,4598.841103028752,1064.5657255160656,2680.4355706690194,1470.4705352466242,1296.2593194816302,848.3669303754166,1493.3221404787244,1108.4184543452511,910.3624546425458,2019.2826898741737,849.8520566204107,2735.615534509276,1901.8000322812925,651.2520704923994,1017.3404955397322,774.206248569317,1569.2466629737858,762.3847617567458,3190.375152450536,2170.324426636278,507.555506661643,1155.0614918692013,3357.0853497295366,1266.9965079929511,963.9265523338161,5547.095241881641,2812.68297456827,2480.42577006612,958.1085401557159,2183.772095567508,1636.2069436085876,574.2720308537142,1465.8744643424454,2542.0123054827905,7198.2789474604915,5625.499827653243,6079.252132013765,5526.265979269118,6240.0788288792655,1218.205489969861,824.8626577021531,2268.8634801389585,1405.5613888555874,3362.684639444259,1266.6829639227647,3589.8954685299536,2527.2315002328933,3112.148162443776,905.8315796891216,3357.3946367583235,1479.4320389868271,5843.796951406431,965.7061159264236,1896.8335564985025,1260.9376424000654,3094.594195601146,4449.871624704172,1567.219122311992,322.30785208255713,1438.1237721910416,634.071426531492,3181.9257083279194,4407.323299290792,181.63723025177464,1073.7029997265854,1323.3467859965647,2806.898282664817,2664.1380597741104,5860.319494261546,7169.882035612147,396.75137475488924,360.2432452057766,426.3548476024314,1428.6636986139608,1528.5742674405049,5560.631477057511,3437.3434102210845,7204.7233235950835,384.01810844003705,1011.3131582663907,269.9703494488611,2438.3766831780936,1271.6954816601378,1333.1055552385776,923.4021760072368,1104.9878347378751,5231.675665024335,1155.0981568906752,2110.3393990816558,5961.945801022308,683.2726624907685,1813.0957415559055,4896.521364720328,475.8926861015977,1761.265501741982,2545.4633078565585,1292.8440183966436,6561.209457911021,1769.2489464520258,1042.5461287241903,10593.553183397436,2175.3663775291743,1212.8985993405847,2748.060237142333,1564.4089181023096,1009.6190803318332,1377.788520967714,1311.2117914408225,849.6534152468982,1515.8005807189902,1786.374236224123,1399.5389266122431,1477.695714472202,3148.419993165611,1367.2914447221913,3324.75344073074,2127.190729899511,2348.5094768426097,1202.4113779771722,1022.4854831880114,1466.5736465994091,1370.2758666291286,1545.2069640686705,1625.676824669301,550.9997541381866,1363.6030647439768,506.7947658137497,1895.6879654191919,2891.006980362194,2581.3995717191933,1333.775418097598,2343.345761713097,1351.460936011307,3523.6232123073164,1041.739797859403,2067.2216006139006,1356.3475152116532,1923.110337644604,6025.656784526002,1800.2279920438941,1665.3481483538903,569.0491716773088,2643.1988575707223,2544.608137052775,1331.4352591814954,920.6708707880913,1896.5704234667685,2475.924343495907,664.0003152711265,2298.655064438272,1667.1280829019952,542.5560168072026,3427.879896354551,5834.2865691215175,3607.36691383436,5987.160516331478,1655.771990849929,1237.0002036175586,1951.7937431015805,2356.6406718942253,6176.0862743393845,3514.3905317045082,616.4314959302384,4650.8809559326,1475.9285664452027,2600.6902885682466,1505.4098047923096,5279.836044118064,2001.834288807043,5318.686044980403,2271.2584487212703,780.7622241505051,2359.9718494314,782.1661403736987,619.1049252650766,6286.27974570679,983.9895473367689,1302.5411448841141,2601.16865767818,4661.282356094618,1302.3499291264595,1430.2987480271518,6305.0042504876,843.4346751408539,2248.0279990761123,1778.192446588354,3298.5407167257445,2005.3675776033372,2419.35247190001,5573.288592350274,4655.622602937809,1705.1924699748815,4625.8607567036215,6333.743028691033,2920.5761306755207,3214.8420482979795,6299.27452289639,2242.6011343572663,340.68479637106066,638.7730998058647,729.953395862245,482.57077117951434,6297.22226675191,1926.4420051967975,6102.505596362511,968.8826897361473,1430.867380415968,1992.9739866835255,920.6281212615587,645.9874162380945,1489.4223636640095,868.7847021734456,1017.7011284273747,1678.4838147070425,1568.7877473485755,1869.6552733683213,1889.8712948686095,5608.085740956805,6498.48463209753,1433.0334340795775,5984.608239948526,6140.994905198241,1866.2157556440354,6089.454230603558,1750.7272686043134,6147.132134391863,6555.446349307614,6154.305526815968,5966.853278876211,438.31018253073927,6088.326697677323,835.9572279372746,6238.597653434481,499.3544197031302,1520.383657881521,1450.7255225815095,6029.960606817033,842.8816168233346,5752.595064829138,6124.0665084803,2452.7266799972194,866.8348234334314,7129.707450168016,2385.730331130017,6098.990359797963,991.4032749970587,6195.103871796122,6237.416516190226,2380.727160556762,1495.4593504293591,5888.355262322644,6141.39793095166,5376.030455465083,6273.232505862799,817.9370765234095,5580.572968773606,4513.3227028469255,825.8992389847134,5842.238041085936,6096.701296145097,6032.218862310118,6240.6679369092835,6268.215553845855,7184.0180222676345,2672.5987312746865,5764.765083260717,5585.9391628479525,5619.845548175833,6094.591342031953,641.6176232639035,5862.900458257664,5830.686757179666,6066.677743148185,7273.510202574554,6085.825695656839,6677.778873918447,2274.544168127687,5347.598863441305,6077.770320877326,1676.6635514865095,7118.774075961887,4563.83700775238,5922.431446327805,1622.1964929559101,5597.001985976502,4397.2460908070725,2521.0689346047834,902.2735784903496,5892.984366496489,5774.055182979186,6074.010664886412,5711.7068407217685,5367.548578309044,4324.564706592824,6366.601281771366,5871.49085929985,6246.768653953224,6129.361056667018,6505.851607303461,6494.598746892641,3507.236998232895,3521.3691019418816,2188.8953467963,4429.879772771481,4670.232084009905,6118.378837125241,145.02851441117411,4397.842748325421,6259.962376329197,3150.1466965233726,4607.295456293235,2788.59219811544,2497.550761836503,6008.619997034115,5645.598282922619,6134.315026165321,5999.717517366443,5976.594743916714,5409.020177625085,5899.559876078646,2563.7651852800727,5255.318947808536,5476.948049523987,5732.901787300706,4682.02636621163,3600.56958318918,6150.439559141727,1347.7282962147144,5544.027122830174,5092.4967775292935,5520.023102717088,6068.9974118813125,5538.366339029665,6000.610997582632,4545.428048234598,5743.197926070866,1251.2888251864858,5966.168757796386,5250.581213109097,342.34969028909785,6337.619840531309,5880.375364757699,1157.54477549696,1169.4034593037456,863.5379643100788,1178.4879624511145,2823.515310942527,6203.69838337126,5432.885826593127,5276.881378737241,3449.1253213329705,5472.978666371618,7789.713183849814,5860.942788718515,6335.145926930978,5610.259061431479,2957.6344631203365,5811.27435818664,3063.9438172481405,4385.069172990228,4431.704528440479,6738.786666287576,1529.2083718060007,4423.310249767151,4636.0891904523605,6005.575512933396,5733.601768251722,GA
13137,138.55913134273658,900.9290609817135,1954.5454811682612,3189.4375124038365,1262.8584734347585,2859.975060992799,3505.5896598098698,3480.154655525965,2619.567796082741,243.59268237508496,721.1821420529322,1406.7812861236364,1385.0855024069447,1223.7745614152534,1062.9444215371616,842.7743832380603,1086.2987694918522,1088.6604674392154,1005.5333171298676,935.7144637623455,791.2164427985127,2581.9989965910527,3107.5496682507255,744.0228045545219,1030.6704646386058,876.4756050782967,746.4053685677292,3498.1122413190706,1247.0883381341052,330.3191037067273,722.0178623918525,762.3076297334609,1414.9117278309252,7296.425839282891,1236.6880821063694,3444.2841354011407,816.1363098802012,3465.3897524073714,451.85042494075225,1119.9414504395536,3400.5033151388348,3146.507058089885,1515.7794581571359,616.0427389712439,767.3932032878996,712.8803112402505,916.241688348694,501.25864063831415,598.9114225670141,2498.306046440629,998.5562202706103,7184.88386567045,1245.298795486764,942.8635627355087,491.52251102764365,3179.4319617629785,2102.433870373045,5446.702060329759,1012.3388031199597,1311.4364943513608,3114.0211328332043,590.3743862210763,375.5274147931031,1283.4908138858852,642.4694793189275,3238.541166177071,1316.7341772662226,2968.431007088085,3169.010195378212,440.48168149116583,3159.0940887210395,706.8054388000895,2553.162299408449,7213.923794995087,933.0858081546527,2143.994949848166,7387.954485051794,1132.8699759898966,320.0194104707324,1233.7938590924255,686.3395988493007,1171.4440888031293,352.46626751486235,436.10681727142014,1070.253485213224,122.87382831498228,1139.5462154337067,752.0959009038584,137.43455966685974,1514.2902888987064,795.2344761135585,1070.530600412612,575.9026496539802,3019.731327914313,363.6406963600903,1393.7026440142968,1938.639431321757,588.9591421969585,1291.6485768431864,1143.3412401989262,870.3228893434582,1118.8688607172264,993.0133786813312,3257.244447652154,540.4087022953587,2634.216557717324,810.2261608716083,1407.347906627234,390.5496670829877,1758.8921494633707,859.0275033406709,7124.430834056654,1076.2782091769923,297.2519805181329,234.20701188106992,126.19959414180624,3532.197703892656,5364.3059760984415,957.5565112864816,1509.9674962296515,933.6369296443698,520.9127078576223,159.47192575273664,1684.6713603537628,3497.0408724145814,659.9943744183312,517.086309225503,721.8927326104252,4554.28237181358,2445.440368087066,1133.5197812337626,3369.432018203578,1760.884973656004,2887.741953300952,2578.1582896240943,991.6160661716909,3308.420218784325,3243.3119748601225,847.0796915247397,477.50475840100637,2535.9050570327445,976.205518337649,720.4691052544597,1656.3838059545856,649.6366714883592,823.4229386961108,3549.7033851253345,926.5670043682936,972.8591371430234,598.2979817894558,1152.213247804347,1692.726344725347,1530.5054165898896,862.2685845850029,437.659828076398,1163.7172475869618,1686.2586291488017,1971.3307637134824,201.20198722289368,1643.1556254706031,984.5832923424476,622.0912498129819,2417.7249645644283,2130.1057025955447,1973.97600027738,700.5793555619002,1010.6981427111099,1137.4456485189191,3364.1503866240837,425.9251319831956,2271.2701861397186,775.9596147294475,562.2992178981677,521.4327191750551,4313.444760802148,934.0331563849376,3508.06119113174,450.4626136793094,2643.22899732156,228.32607612048852,691.5506919700812,2194.28259826565,1122.83967364319,3447.7818155182918,1286.7637490001246,804.5095973206265,2714.7121715936564,2139.975369569674,371.60684364377687,910.2377084408178,2638.168936043347,12625.842436626092,6086.025324695441,711.3161533252173,578.3462620578813,863.2262891645064,540.7709922093059,724.4204299203134,2107.551645630519,1351.2140225955231,1016.3348771634192,1539.1478209730265,2211.531237599274,1392.2784835917428,4571.102186033104,990.6176241607055,2704.931407892619,1388.9462747962368,1243.2821796978487,773.4652272863959,1405.5620674135273,1021.7754255031124,902.9585311518659,2050.467420295041,917.9503385815927,2724.477010143366,1862.6396329301222,593.4482230026848,970.2586844844368,732.9647736483497,1647.6222995304224,822.8631840355201,3218.7396233465947,2179.51166967133,424.0802520824787,1067.2054606583442,3377.5612125881653,1223.3725449487313,878.1063308492309,5513.895477806086,2813.9903462603797,2497.245772404418,990.2676651710943,2181.5889675291073,1707.0698897417356,490.7831102220915,1516.1992737273686,2554.4166477991475,7231.1297689124585,5597.551202285519,6034.723186970642,5475.954458288881,6199.146878494533,1282.5625864422545,794.6957835540672,2241.914733049512,1320.5322337178625,3356.8241155404576,1270.4129783254002,3601.0937854296367,2559.0033574486515,3104.139253969889,826.2158072921031,3348.9197456931092,1474.6910191742352,5792.292017570797,1038.786640974991,1939.1210252109433,1318.5248989043048,3087.7046236790197,4422.062193946325,1621.901272513403,409.7741132886176,1355.7786143675862,569.3892929473484,3176.5615737916723,4380.055600406458,269.44262888742145,1129.4398057681074,1361.6908872433949,2811.9058995343185,2666.7066758286137,5830.323085909408,7203.29509997633,352.31844579115716,429.07200710161317,484.9478491508921,1410.66361821262,1443.225628016264,5529.162695918629,3449.978419377284,7238.18060060601,421.63450293523834,1026.6534467606698,350.15986503302673,2432.1633948287144,1187.4133146214795,1375.1689931373285,972.666342356982,1065.2069029512616,5198.400724806786,1067.4352573089418,2128.2090589904874,5931.087091443059,595.4905676817139,1794.7731257758846,4864.477771395576,547.9844958710264,1717.7558578635485,2558.939108051601,1220.8345333990476,6537.52130992117,1742.1212359916656,1114.6232522737362,10655.577457545724,2165.9344609915647,1239.7110942412014,2739.6008569867386,1581.9942033016148,1066.186992551354,1321.9889561294865,1223.3749747771346,762.7731697118782,1454.0100897387088,1832.3178861047854,1311.7185657386794,1395.0802261797035,3170.1568169960133,1294.1341519628666,3354.1547899224165,2103.7514640836057,2354.1157993730944,1169.4830161242212,934.8839157743236,1476.8684626454003,1324.0575580471393,1505.5146986972643,1583.2960417955176,544.324470921716,1302.5938172737062,475.2390485386829,1863.4575627201245,2902.2037750215277,2590.145158131535,1269.3130328977793,2342.4177114449867,1268.0765996006833,3520.853598213033,977.2428157081258,2071.396608220768,1273.559528257343,1922.3185057292944,5986.197263364044,1749.8850452441543,1616.3081388879648,645.8596896771179,2665.316689459652,2557.099052567988,1339.570324472839,898.6256724475489,1914.5838477171067,2490.2533372501057,578.0528314550594,2289.2869161775066,1665.9683369129166,455.03117815261095,3447.916198238955,5793.57229454955,3611.613308027384,5951.747392386606,1627.6667159032934,1161.289178742194,1864.7145483922666,2374.3570552199776,6139.4451098900245,3506.373336811884,602.0501087868298,4620.270241592236,1389.1044344165707,2633.947500893498,1422.07274430962,5245.386630914488,1966.0847960751112,5274.119294161848,2246.8348657655893,830.327019465691,2370.642005649533,746.5584215806027,615.6350930970277,6261.39495365929,955.4931093857728,1270.3158461494354,2596.153439629608,4628.908442677816,1276.4312031551926,1347.0632338574997,6268.89755971224,846.3628441836888,2271.6806004552623,1692.7512263269616,3320.97387720531,2028.0569749640601,2437.2479199489608,5542.1918473769865,4622.746323435237,1619.7649111942392,4595.877371497599,6297.576227423251,2958.322135237097,3210.964800120269,6264.901437589449,2285.355581468826,373.60751587879616,660.1230661096237,642.1525029793709,501.76874220709954,6260.621103458069,1920.3297125501165,6063.5450181140295,882.9615563772148,1343.7892450152433,1997.0447750034186,832.9089856094133,698.8494146546183,1433.9915418261633,890.3780600848658,1001.0019983377408,1592.391138375959,1591.8607422564828,1866.912379318645,1936.567213540291,5566.571721632123,6458.1360421496975,1345.2027812762885,5940.032376819712,6107.643727216443,1824.2990059816527,6043.814591220135,1788.3701288830814,6122.541750590662,6514.7528700826515,6108.291093409986,5922.911688639963,482.4906522186686,6047.538213818709,876.2654275509308,6191.45967583004,411.4738097615792,1518.5141344504927,1362.8604059007773,5994.548340886338,754.9990264028631,5720.783456295298,6083.321634097495,2430.116475729469,779.0670323234918,7165.151981338538,2421.3558433652797,6064.733104672437,903.7965393219276,6158.357085507886,6199.558786777479,2357.0587442472483,1513.4184530828147,5847.619990274211,6100.388029928197,5330.842682982416,6230.869835041899,870.695692567831,5549.651728571527,4485.402869494474,745.3583889252681,5797.872359334414,6062.2439860721715,5990.973339902861,6196.88458821623,6233.278059672378,7216.876227706862,2652.7411738363626,5724.086795019385,5555.008426892529,5573.223985917623,6055.690009578106,555.5611986796641,5812.7020235170385,5786.280966954595,6031.973181620381,7249.349358293011,6051.401895510713,6647.753684543689,2253.114699682821,5296.8012354605735,6041.846064858374,1739.1121906462429,7152.886318957615,4534.924305588421,5882.368195102765,1626.0812580261254,5552.438729556009,4371.81421366576,2532.351371538869,815.4511267656566,5861.524031121061,5736.478826586395,6024.932684466945,5668.755175031559,5320.357293577403,4300.135504818591,6332.2990941424705,5830.516899527987,6209.161771490396,6095.205649938343,6481.995090954989,6470.7734582416415,3499.294238895997,3512.2657293906573,2209.6404299433675,4405.080641104789,4640.738512661268,6084.22828271591,216.19300283659248,4372.881458113323,6235.33763250248,3183.268908758288,4577.943017005037,2819.3733974897905,2522.673194731345,5971.315998398339,5617.3736208478185,6102.912418661171,5962.005437933326,5939.2639056885055,5365.079435927615,5868.258944055771,2592.431226331812,5210.409665742584,5433.767713821785,5706.336662045573,4652.048419972355,3609.481513250811,6119.16985631809,1418.525462874931,5498.794400095164,5050.509341517721,5477.819675521241,6037.878602729813,5497.112978057451,5973.445035573703,4515.148914862092,5715.44260490731,1209.8032890173365,5935.681238060994,5214.117479354946,408.3678096592052,6313.185883332959,5850.296317663035,1228.7258595764704,1237.7886205310924,777.8752789287978,1181.3076167068232,2818.928202611605,6155.796538638495,5398.910961756127,5234.025353215786,3470.4957145516005,5438.567380306854,7760.248399630485,5825.505986332106,6292.242129727873,5571.031845724614,2992.659864815903,5780.175443887626,3100.899900819281,4359.9404940466575,4407.341981912269,6715.935800724705,1441.7084108669144,4397.222488109896,4605.426801434841,5979.583453703297,5706.617774335268,GA
13139,94.28343148063028,923.1158112044262,1944.4017361137478,3168.416188688465,1233.4575994703455,2841.5724704551685,3504.6993019797637,3464.9462185522593,2596.2723752368024,280.39955744734283,696.6592510473547,1422.2465330211407,1428.6320037633254,1186.003215397982,1106.500558561549,878.8023568867143,1129.6694926257494,1132.1635323411247,982.13975265463,979.1093285784434,834.7255568249237,2571.958675964945,3084.552060656355,787.4338230259536,1006.4189807004835,898.7754315721513,715.7168689804845,3494.458882331583,1217.4416252020635,328.37285536226193,765.7524235312378,764.7402990937542,1379.3980965004391,7276.060989836568,1198.2419247621453,3428.6643719109647,773.5106472853836,3450.306229777609,489.3977973004488,1115.7660106870064,3386.7433157516643,3124.988747780686,1479.6316820116372,639.3248626246069,807.13242205522,755.8570500335259,887.5133865251222,531.5062652375857,636.8173936759107,2495.386307700326,1022.503466275724,7163.731440097122,1289.0807113051014,920.5843318347894,469.8238635403527,3158.761645017152,2080.9680609191187,5459.5951720288285,1055.2411003124753,1312.7148100013976,3092.9800692102162,568.7488763598576,383.7645755753427,1262.2192958061812,683.9766262870436,3225.871421647724,1360.0270384663067,2962.586312793103,3147.7567126519416,461.99940278590554,3159.5470435914435,745.5894828533937,2527.451030784283,7191.885150827589,963.5771902203212,2116.186689930861,7368.511626773263,1114.8810275701628,283.3068561211205,1278.021020254329,662.8520297738343,1177.2894101385755,344.2554155367389,456.3030533617383,1113.7583637744492,159.88785592586154,1183.6355100215144,720.7209123318225,166.6577877910545,1558.2205111292844,771.2575492451426,1090.939714111703,531.6262738893465,2998.1177247914366,404.2160292519851,1437.6029620724332,1925.8958098848266,622.0007419332338,1278.4303803027306,1186.5651082913807,841.0227614211957,1162.496851978112,976.0920796711147,3240.5063710171216,496.33071593799286,2633.819300904862,779.0845709162836,1451.6104328291315,419.5834036674287,1729.6237239073434,903.1663213777153,7102.035853085228,1087.495738914627,273.31833836816486,251.96328474948882,170.19365837753514,3526.3465154532555,5380.787471749922,1000.200036397036,1516.577849597045,922.1038683872802,477.806213095446,149.6931079981193,1659.1241140190118,3488.6595926840296,622.6391426019226,543.3798645277176,762.7540682654134,4565.259232199357,2446.3672471012133,1103.4941763718707,3363.9600622474536,1774.6922574564471,2888.1689882281453,2576.557668600209,1035.1370236373534,3288.3792066554493,3241.2550781451177,806.2497837993812,438.8327497685583,2531.604664200073,1020.1673703800003,750.4773148033269,1634.7478028128014,628.006498226982,850.3470156422619,3550.707357547528,961.62206419595,985.8531432676563,641.8824572588504,1176.4950755073705,1652.0151371708434,1491.0272063492669,875.1175800578598,481.4974279247532,1189.1957146074906,1730.289940007065,1972.2151590516323,201.04426649264104,1602.122683180196,951.7238433058093,578.4179624995755,2413.2047742697077,2117.816909350081,1982.846985747177,657.3396552960501,1054.9236581197335,1168.8372971163099,3345.380698613948,457.80974601922696,2258.4561740215554,753.9496898226503,534.8046976079195,531.1904863233611,4321.374310848967,893.4910869754199,3494.1429085151203,493.2915509101829,2641.042246484597,271.87132612478086,731.3008746598096,2177.3510001904683,1166.7994476063839,3431.071876973128,1301.5236274414558,819.3152766886392,2717.2429908093077,2128.6222666116155,327.96799100425653,943.179204033806,2633.249397304513,12625.95324482938,6098.914771746171,714.3406240412047,616.2263366264009,893.1536399173673,570.9877796737915,768.2369556368272,2118.644685666979,1349.8312537637205,1060.4659585066886,1559.8109096081869,2197.4980438691778,1358.6920127409458,4580.516397567053,1024.9451865768444,2687.962151507497,1431.4173504267185,1265.7146447697562,808.3006516326525,1449.7882539700968,1064.414668005233,901.0702001357794,2030.1729487742346,880.5147545088008,2725.2050109212987,1877.7799772181786,624.9782380687228,989.3154420592607,748.6111601918341,1606.1668817276568,788.6146171656676,3199.9591449140416,2169.9466451052845,464.3078600281675,1111.3564821056511,3362.6163978133673,1240.6970629950329,920.0928938609323,5526.196783013498,2808.4509449190728,2492.942381248866,969.0541473452294,2177.695499350791,1668.666282175077,533.8831583800942,1486.8139176785764,2543.3307451657683,7210.373116404467,5607.117330301048,6053.022543939923,5497.337770251499,6215.5398434563485,1246.855368580754,804.4818470491033,2250.7040256235746,1364.2579821590562,3354.947833781722,1263.2338050862568,3590.719557905112,2538.514456904218,3103.324273337673,867.854666235878,3348.365359566892,1471.869149588397,5814.327653755062,999.343020061866,1913.5549640063884,1285.8015422288765,3086.321309902588,4431.505517670766,1590.5652404626776,366.387574312324,1398.5609735147393,604.1638369631547,3174.416940093657,4389.215233983299,225.66958090967591,1097.4658319985901,1337.7969180271741,2804.519598303208,2660.516637441225,5840.962494194148,7182.268228818857,376.60097094205787,396.4783710497531,451.0239418564857,1414.5759809085228,1487.053877432427,5540.559623563145,3438.8826702613237,7217.1334107031225,404.94974752780337,1013.5611023451339,311.33400994935363,2430.3491394029,1230.8868711313396,1349.5432018059012,943.5102552276652,1080.3741425013181,5210.729874907904,1111.6934771046833,2114.3649427007585,5942.179243507273,639.2732610022479,1798.9931604999729,4876.149177542192,508.65112172398597,1735.187158634501,2556.347000160473,1254.0610849950556,6544.911965218769,1750.8900163276724,1075.6097246210502,10621.26947695762,2165.700662912662,1221.2236769898766,2738.9702508625114,1568.132965077662,1033.8115749395959,1346.0085613546732,1267.249252066516,806.9831445810341,1481.4104553642344,1805.0280331383026,1355.5597956512813,1437.9659691540176,3154.57877147233,1328.0525900152284,3334.887402383637,2110.6906849803795,2346.361189523956,1181.0622673417756,979.1526185909033,1466.5411814481615,1342.8285147615827,1520.8407489143765,1600.0854165452454,541.3676400197061,1329.5166168965636,485.08551821561485,1874.9320179192553,2891.7608167375633,2580.871825832257,1298.1816691921968,2337.925474728806,1311.237821743848,3517.4341970898518,1006.0329750791087,2064.296269848106,1316.5026421616558,1917.6644450153126,6001.80540695597,1771.0182346575214,1636.701845678867,604.7932580799003,2649.4950849848506,2555.006728396849,1330.2426933985178,904.2675444462019,1900.6189544405752,2487.2168881551347,622.0219425678109,2289.0453698043507,1661.419637532642,499.30741587667563,3433.191783885911,5809.838491887322,3604.688765914608,5965.223335711158,1636.910942068313,1196.7145390787625,1908.964303972211,2360.635191206752,6153.571972763685,3505.601189355802,603.2156583618523,4631.182276284198,1433.31144480574,2612.75924773868,1465.2242108499122,5258.333061994929,1979.4382606200631,5292.416598217995,2254.312344600465,808.4472576820949,2360.380996036498,759.1816587662261,611.2548349962436,6269.3954024832365,964.5729981709384,1281.5789695904468,2593.760336094812,4640.742122125191,1284.3849778598276,1390.1745756532755,6282.747143450746,839.1982787709816,2255.052712012215,1736.6118165312728,3305.071553040772,2011.8458195305263,2432.386401213981,5553.395045788852,4634.842636943422,1663.6202744187765,4606.4610479753055,6311.458209499641,2935.0370078001924,3208.073942039336,6277.841118360654,2259.632078246886,350.5563586403193,643.6024532745918,685.9654842970226,485.8279437524208,6274.7303914552995,1918.3552596923791,6078.891872539437,926.941658305212,1388.0372152642904,1989.9784138209907,876.5952806329426,667.8073443387655,1457.8400557549105,874.1083204415678,1003.9751693422137,1636.4332928002634,1575.3375106379842,1863.2234637604306,1908.9506367651254,5583.254824963597,6474.227103195368,1389.3825905541498,5958.354196351776,6120.043549943894,1840.901520089185,6062.706686755737,1764.9492433515256,6130.385537132899,6531.027867056811,6127.385049030164,5940.895158339926,454.84806777824684,6063.851035589406,851.1280794013487,6211.15665670451,455.4935581799801,1514.264647297317,1406.8031405643394,6008.025137497124,799.0805209099465,5732.366019318706,6099.612364458688,2436.6856634792207,823.2934667029879,7143.152383006847,2399.0118063094897,6077.606163805213,947.340598309098,6172.5400516361915,6214.327827623998,2364.1638746044127,1499.3475366210894,5863.898903660108,6116.81958089261,5349.4731642663655,6248.022210749765,839.8853968378475,5560.763620337781,4494.906833683531,787.3583027169034,5816.078236199551,6075.221831297255,6007.526671078896,6214.791148834327,6246.512766705777,7196.115678388132,2657.922461524205,5740.331851097812,5566.125462002823,5592.628135104449,6071.0053636361035,597.7129185121197,5834.033268614396,5804.507890399195,6045.079756433785,7257.00417124667,6064.361846269013,6658.432968000731,2259.043244644879,5318.441738691815,6055.593189926567,1704.3365733887838,7131.5233691202575,4544.9472436683645,5898.292474689753,1618.994266174625,5570.742801624467,4380.021086562208,2521.815164441568,858.2383046868501,5872.927832232765,5751.0858478352275,6045.666261471794,5686.204733017122,5340.059070012268,4307.819324705965,6345.2035551166455,5846.921729375427,6223.798927456994,6108.0262548294495,6489.470998897751,6478.232900633706,3498.483785574989,3512.0445643180274,2194.4116434858192,4412.961638503837,4651.069057569721,6097.046014764242,181.3448193742889,4380.844667719146,6243.2028027387305,3162.2037304030523,4588.197038564513,2799.391242627909,2505.37558578081,5985.78674861004,5627.083879134004,6114.293739254391,5976.690861495543,5953.747830292449,5383.0459934513265,5879.5797665049795,2573.435660088191,5228.887640274038,5451.331683243246,5715.188679024333,4662.631922186999,3600.238710634935,6130.482324647063,1380.107476302955,5517.454029260013,5067.426459234232,5494.865845044055,6049.109819446516,5513.65568228309,5982.617771637713,4525.8829022287655,5724.912504259015,1225.969203197851,5946.5800066934535,5228.120971597021,371.17766276160387,6320.954891095909,5860.979438188116,1190.1100145268565,1200.3458980097996,819.738071633749,1174.5244112646112,2816.350215491249,6175.901926829911,5411.614176544519,5251.4103636624895,3455.1232286801337,5451.500799999418,7770.664699077542,5838.99044097709,6309.683478391557,5586.5046118050195,2970.6694664144625,5791.387948876237,3078.002485359408,4367.989676113412,4414.997188045186,6722.899760024427,1485.9840115917127,4405.770673637787,4616.365099862149,5988.1478557206165,5715.687026218109,GA
13141,138.5852852776034,1059.5563958492503,2063.2124544560425,3263.5298505480664,1307.489207351476,2943.3384712249413,3635.183576900774,3573.305895267441,2685.8319882553424,286.8814479195287,561.8379532826916,1561.1291778752973,1457.5451811416153,1223.284822291712,1137.5404004360282,994.9225346818976,1157.6462813544724,1162.148847047749,846.2806344988,1008.7616906340218,867.7953893384696,2690.415326025823,3174.455545858777,819.6905735233215,871.3312962617916,1035.138963074705,590.3307197755282,3621.765534334264,1290.7020813692952,462.3582245871289,803.6144236258584,899.7604191481587,1427.4716965065033,7371.339917586515,1231.4113349558068,3536.1860283271844,777.4968279177227,3558.9307364080178,482.5252653184777,1244.0518852791795,3498.0503463030773,3218.845828409952,1524.0270629473432,774.9489666821163,910.7725920489876,839.8252691526557,758.2212115323921,659.8288958632801,748.1513631822563,2362.343950827525,1157.7038347247262,7256.984729315483,1322.9590378243265,783.8541097042543,332.5332890898828,3254.779049497962,2176.136223069193,5598.400228002382,1138.0113754790593,1446.1433052152654,3188.100817413993,671.3394276512392,278.8203086272078,1359.9744929050944,697.6221667399469,3339.3369820360667,1385.3943485327484,3087.1898767778857,3242.2864648558757,598.6357546442963,3291.4612170300047,738.1213570186603,2610.032504341425,7282.75271123476,1091.179491795,2192.732494948761,7466.096858506551,1220.8132275320295,349.73863791166536,1325.1023591217208,527.0349703738736,1313.952869617104,210.7811685554801,380.41780014791016,1189.4770726533384,194.64897254985817,1248.1847625223572,596.8192598752718,296.7819682170665,1594.0365023392362,865.3748648858275,1228.3993641714285,502.8143649820896,3091.828188295705,421.1598911623047,1473.2305388374612,2040.2551563225286,745.5222808180326,1393.1380932255965,1212.029058542744,712.7537275928852,1194.3328557761095,1084.9155313139115,3345.7381688031664,454.6849087839897,2765.0238670720723,654.533149286126,1506.9624233549393,549.649124920341,1802.1014798401113,949.0370460596124,7191.944814807889,1226.1591910594188,379.8948364335859,189.43867338357768,244.40041313224617,3650.7548736660688,5519.602638091354,1020.0818122327088,1653.4948181280567,1040.9009660164272,417.72155071229577,282.22147186086283,1743.8878930353706,3609.3497195797536,669.7754194923842,484.1177533852217,861.2740467662721,4703.6731981746725,2578.9044741471453,976.3199759945854,3488.937016870955,1913.6165189218866,3020.1177319394665,2444.7768859949824,1066.2014345866444,3385.8832502548066,3370.518018465124,826.9751603847703,343.92717339790335,2658.422276042867,1059.8392301843942,878.9467364917082,1730.3904725001346,490.75787631256776,982.7265648959077,3683.076557856239,1080.1249779390723,1124.7570231319612,679.4523316590472,1311.435225627606,1666.959419361898,1515.773849816177,1014.0201584240187,527.9356799125819,1323.0588874719822,1768.1049617935605,2104.8880323895823,96.90738905226965,1614.6400213450077,1014.798955454126,571.4100316210448,2278.7838435435183,2232.776037649476,2120.686868708108,655.5806116203086,1103.2986708818178,1294.8302352976787,3445.927104630994,424.7798438082109,2372.3211328556367,616.9957274582523,403.9352424733324,669.7808095533983,4458.627472536056,915.2364691027119,3605.0889137581,581.8340398422537,2508.656627698523,360.5690103638238,730.5049844967059,2283.0806976764866,1205.3094659742972,3536.255598370907,1440.4481001247989,958.2163960494576,2851.1074882618163,2245.216251725299,334.99680469901426,1066.423992403844,2759.228000708703,12756.804636671717,6237.71559336144,849.8499581360436,727.7504881718958,1021.658790934422,525.776722987459,841.6811940453198,2257.1710380501513,1480.7793582175113,1124.423459957543,1697.200282628327,2309.127494969768,1415.7670984274862,4718.410613753689,1145.1090357940961,2793.0845993280377,1446.2935220730067,1402.0470792589108,927.6036563981827,1507.9014857678067,1149.542178670501,1032.2330024638177,2128.365146225417,922.6604869049287,2857.4800267948217,2016.6959214133483,583.4951518417698,1127.33121713631,887.4193526720785,1615.0009921092428,847.7533771407386,3300.574440268624,2289.474777378849,568.3994404817804,1174.3311102038272,3471.570116491394,1379.2707712634754,1010.9630198934714,5664.90482058992,2933.5320086210368,2358.6803229634656,1068.4528104062526,2305.198111242184,1699.6137792013699,567.5984589858547,1559.7106739798319,2660.041826277625,7304.653733882887,5745.0452718973,6191.45103434962,5634.433249649585,6354.370242235808,1294.746165009774,942.9103248585907,2388.479353395783,1396.6466574175631,3484.3874925104346,1387.4618785128641,3708.1212916943077,2635.5472961446203,3233.9736788348864,879.3849358915442,3479.2326866265303,1601.1686891048869,5951.029130703088,1027.808378885204,1997.6242446465476,1346.9327014421633,3216.368989470234,4569.41532951855,1655.8615219573817,316.0741276969155,1417.1190457231885,578.1684811437025,3303.597134515057,4527.014558423224,199.40564308238186,1162.8451986023301,1428.4007864617483,2926.9940613798353,2784.7722040939893,5979.256985433414,7275.848229975594,319.6629261766364,277.85440528482485,519.5752643028701,1549.9251969204709,1520.8978726223847,5679.069937489286,3555.096699233903,7310.65238843152,266.0174178620892,1129.3757298192552,222.9946789353553,2560.1346101241948,1259.7204375441358,1435.1455754914602,1020.4462478005715,1219.2665615420105,5349.445769412423,1169.115723157821,2226.448782051507,6080.604341526585,714.8199341595306,1934.3798519761829,5014.733769392734,547.4761113532956,1873.771049713612,2423.595022167342,1376.4599705866615,6681.814518313136,1888.725246735849,1106.1886254576414,10667.71994274743,2297.235479887566,1325.637223538681,2869.9061396307998,1680.996253647648,1098.0992519411018,1481.1765939048803,1336.4094596306766,856.9115247429219,1613.187670379229,1883.974394774281,1425.0069675390787,1457.5631061311724,3262.341214397732,1448.8810260859414,3434.2522795415593,2247.634060368198,2468.546702963706,1319.7768256817094,1036.306442372881,1585.723591456274,1480.9968718883856,1659.7378206208111,1738.796213534081,672.8419918216549,1461.8619669606928,623.7315245390073,2013.5600290342206,3009.356007355548,2700.5686203008745,1428.0828980445087,2464.596015926109,1335.0483363200794,3645.0240107437653,1136.1068864158576,2187.6385500127835,1337.4620428568946,2044.3991128404587,6140.7128212795005,1908.1760809296688,1774.2296115188055,627.8162596796305,2757.1051043831126,2422.739445680931,1451.2452066377234,1041.026056737558,2012.740113954208,2354.068790394413,667.3145028065927,2420.5228854920065,1788.5079587848995,561.837898294632,3542.557991481737,5948.683415258508,3727.544132688232,6104.095816292521,1774.9408762210035,1313.962813943196,1955.3998721839148,2472.700862348095,6292.492227912488,3636.210208501301,737.7612171900423,4769.576906636161,1478.5493403563207,2707.9402090793633,1488.0963351208027,5397.146770302852,2118.3320108599896,5430.840445741161,2391.504119573572,671.4199991070034,2478.621388898471,898.0805354136731,740.9519057253923,6406.620436929904,1102.7292567236104,1420.2209190350036,2722.837221914101,4779.365837550917,1422.0062091523125,1412.8823811941975,6421.650417373922,964.6199450015359,2361.3425075429245,1770.225394294708,3412.064345770663,2119.325227829891,2297.6848348153985,5691.855100516499,4773.520475199728,1697.3617108247174,4744.759780557707,6450.363682061253,3024.272462404201,3336.379210595949,6416.648125428803,2342.569169995701,455.4522358685536,755.7071393239502,760.3969863184642,601.0553645637002,6413.649560186773,2048.2198721083523,6217.8142855908,967.9376271879328,1436.0162022769002,2113.4303708883103,951.1747674562108,741.6701645477713,1593.1529260100058,984.8082726747687,1139.01045099675,1674.8620883323151,1682.9296255265594,1991.1788546961136,1986.575278889023,5722.041167973026,6613.093937162607,1449.9507922774026,6096.775510026601,6258.765011386068,1979.655393518776,6200.946938751133,1855.539029408571,6267.535732483858,6669.874093070239,6265.554528121213,6079.4108055915085,544.6747138669692,6202.691127454524,941.2877525374316,6349.0921910220995,530.2716368765501,1641.8723426286817,1474.0405568378076,6146.897545961824,866.6108856790341,5870.919642348327,6238.455303671241,2573.378424246629,885.259870157984,7234.137493801119,2491.4131308539427,6216.40474139742,1023.4594134045544,6311.462929949519,6353.263822955122,2501.1532685560496,1611.9584391120175,6002.74247420467,6255.64452682545,5487.795234266282,6386.7297491946265,912.0885769159204,5699.199019460949,4632.837977338073,803.4299567421036,5954.532114366744,6214.035163465152,6146.334271873377,6353.32848146831,6385.358005642985,7290.389227165378,2793.747925447035,5879.179067791419,5704.562189087325,5730.6771447333,6209.929187721556,689.8879405293532,5971.161115326961,5942.955699161132,6183.910211534781,7394.029632541208,6203.172776246537,6796.728845960422,2395.3991996733357,5455.384616011967,6194.489392904828,1754.5601791832862,7224.225709469162,4683.065211604466,6037.174273410841,1742.7981138466125,5709.166709989102,4517.404602581026,2639.478290296772,943.179955590952,6011.4359905719175,5890.02106013316,6183.119330691466,5824.84800504587,5477.9859463242055,4444.95110001877,6484.005227215167,5985.749233599402,6362.734290340258,6246.816970799564,6626.420701283728,6615.1741202737085,3629.053790238426,3643.222651155053,2303.682362861733,4550.187094325931,4789.287275935046,6235.836365538297,88.14469865763941,4518.111695433271,6380.360853140865,3257.2092055897124,4726.391728566579,2897.421681793827,2609.943202575166,6124.719550454639,5765.065869569887,6252.793537421855,6115.626660928987,6092.680942587025,5521.562463332728,6018.066650689218,2674.0582871629026,5367.256751070629,5589.9478638755345,5852.822744131544,4800.929446490708,3719.519067983508,6268.9642129756885,1412.2976953390466,5655.767987940954,5206.171313138029,5633.589761923387,6187.57126292976,5652.46275835029,6120.381563121672,4664.2283191398765,5862.800839190334,1364.7598613803027,6084.950447345684,5367.036569929113,428.7986991513066,6458.062065174374,5999.287018432815,1222.2874965839728,1239.3993614517185,912.0143709604621,1299.4659020780862,2945.137476852417,6313.659541750799,5550.391458321958,5390.064999748837,3563.147821386791,5590.311525256621,7908.863504877627,5977.864225054934,6448.331882939574,5725.419657345706,3063.407277705541,5929.847476445021,3168.1886918621117,4505.298789647556,4552.109685022656,6859.561098579481,1538.932641452633,4543.309500985696,4754.767382448142,6125.647717139316,5853.413596544749,GA
13143,75.36061649726972,939.4219480663687,1853.3426700237146,3050.585659264937,1101.6382061977674,2729.5153192947896,3436.3221909163353,3359.6724780778522,2474.20473922554,421.9114001158976,703.1314719422279,1410.1616505498505,1563.3832352829645,1044.6469261203135,1241.3433688695116,950.0692752625183,1265.3524166284794,1267.2526527980076,987.6853752426857,1114.766591840082,969.9805676056316,2480.059553434627,2962.800548188244,923.1581861750087,1008.3752853241659,915.8532008804497,695.9759315397772,3418.4104654750954,1085.2395606772714,291.09243815654634,899.9099176489451,718.4293672680342,1239.4425538333578,7158.541168225642,1056.7010329796858,3322.464602640309,636.2409162718174,3345.3307058687346,630.9340670606889,1044.7818989479422,3284.9144302249842,3006.164762337773,1339.1463426160824,665.4177123670293,896.8676909548643,865.5530801415201,873.0196111089824,586.2637363727814,719.9275347177384,2559.726286780179,1043.8866025491084,7044.6526765001245,1422.5178970975594,931.163012277726,495.233241907598,3041.6609219715197,1963.0468788412359,5431.7824478343655,1162.7949763404965,1256.1843218723045,2975.1485362256954,457.76764339031337,491.27410205842256,1146.3199609111755,824.0309095430159,3126.7738286711915,1495.9466821286678,2881.1538515615002,3029.460820985331,489.12318641416846,3095.3675053557595,887.1542803271568,2400.868075011291,7071.069155002929,1010.6231344352977,1986.1696982180206,7252.860057804264,1007.2010119573404,144.0921421215489,1406.3238929956174,674.1908287510448,1135.815144913777,418.16605071052436,581.839204398827,1226.3296715916256,301.4678418009284,1303.2141026458405,697.7210172796042,250.32780845380054,1690.39799091591,651.9139448399252,1098.795163935894,413.15162516592585,2879.167108306294,545.088942748052,1570.088856874273,1828.2891987151345,684.8743874153728,1181.7458718851974,1322.807468027862,824.8465373525963,1296.9326736733594,871.9179870748718,3131.878341094362,388.24599604126,2567.9366461840837,755.8801536149882,1575.3384829127326,474.84212242949263,1597.470809612174,1033.6076345077372,6980.545735025995,1064.1185709004626,170.90560704837668,378.908477266028,305.3550237236094,3444.343191317249,5365.042369700343,1138.2440350367986,1475.0899760366028,832.4711994580192,385.99321213955835,137.89329585292538,1533.5745372750062,3400.068176273371,481.6417161892172,676.1947372750278,858.9460851119983,4531.780974485577,2384.646675430814,1080.641608324461,3283.110736144256,1755.1817335226583,2824.266129978623,2644.44945268151,1170.193485860649,3172.5247699243305,3169.8679448702283,665.4902545964278,386.64909208979486,2454.948974921093,1152.4200999445825,798.7503371004448,1517.1223063791808,647.2376414071789,885.1410258311157,3487.6959786110388,1027.7189118859026,969.5792941309903,776.9970628364637,1197.532872523547,1511.1510041462961,1349.512218965731,860.0540681842053,615.5774275028558,1214.5875660247768,1861.4114104469975,1911.5197601540406,305.250277945764,1461.5712316540794,815.0621665827626,447.0765600295489,2473.1357317637035,2020.9632455349067,1946.493701170912,522.8122407950804,1183.526834489711,1217.5809539166796,3232.205257662888,596.6050025757297,2160.066842557352,768.5231310529393,534.8026839114087,515.7842977818254,4278.446617475533,752.4758022189438,3391.8685633351147,604.593111289778,2707.197725367307,392.67197842472353,872.6473187272193,2069.275891397288,1298.9440471440826,3322.392020470424,1287.914392167752,811.8104084772432,2659.74038061626,2034.0939137732666,198.96461263894412,1000.4385275228032,2554.744521655104,12556.99078627123,6070.769165880997,671.0468106656998,699.590484899422,938.8458270602173,707.9595269933368,885.4066906615973,2088.9964385292183,1285.1972230122078,1181.0728069118245,1565.0127743830824,2096.2305433159518,1220.7229985303286,4542.050186363882,1087.274584385795,2579.2306021782997,1569.7906778631977,1279.2157886079206,875.2186679172131,1572.0259142239074,1169.9297597922082,839.1927679029599,1914.8014126346427,739.3575204250459,2662.415380266206,1862.3350183753726,763.0278145999173,993.6264981930217,745.4492528574367,1466.1433809798966,650.4063106523811,3086.8415560623052,2079.906943705983,561.8282648023234,1232.2465194055305,3258.018545938735,1236.3276808733467,1021.8179221184564,5496.413600584775,2728.026300422532,2553.346512820235,854.6067657746277,2102.8374133141824,1527.1217313745854,670.9584745002667,1354.69210319686,2448.827504161012,7092.075342308351,5568.5209334836645,6043.221633895965,5498.836554502299,6199.067611976967,1106.776175360147,780.6888529867575,2213.3135977075835,1498.0225874421537,3283.9467882162226,1182.697185844045,3497.0000074133445,2422.2015291291073,3035.589773235205,1007.7320090198593,3281.096083977806,1402.3950815399992,5818.0498074002035,857.8095440025012,1787.6829367599746,1148.9519325306767,3017.0000189336024,4393.238341375297,1455.3830276024878,275.95008165073773,1536.1638183442096,744.6377765011763,3102.858051155616,4350.084633678515,144.5887540543524,961.8376446792059,1216.0847743158274,2719.1878972207637,2578.546611862619,5805.658151058195,7063.4358812226665,508.512833516091,381.6730172048662,314.52145210769993,1365.345830035325,1620.0727611162774,5507.838034587362,3343.477836789175,7098.2560144598365,450.90917235782126,918.9035271490964,268.9713911440962,2360.794093443487,1366.0701105891378,1224.34859062686,812.7477950645888,1070.2111482496898,5181.212983005399,1235.6566781626354,2013.6911344503687,5908.27633030353,756.8456370559935,1748.8440979976529,4844.700365928111,367.0777348474069,1728.1605562098293,2621.503935853675,1309.8994696995762,6499.11538490023,1715.0752770512115,934.0294806824962,10481.934494798876,2101.228195289154,1111.8462142365318,2672.2533065849498,1468.6800598631098,897.7005215829275,1364.7431489032608,1383.5080185218576,936.3692689650893,1512.1522313364303,1676.1366457388199,1471.2313029043482,1575.2673829221915,3048.6551886661377,1386.4423797615295,3220.6482146783064,2067.875276059675,2260.727160463298,1157.9141714195496,1103.9907818312558,1376.4890878699946,1342.6832755401704,1507.6817866888746,1591.4890041179106,485.14423313670824,1359.3323626617466,472.3505675043145,1847.3313880427952,2798.464722592697,2490.923037283384,1335.8067230284696,2261.0855204513823,1447.670672256635,3442.005700947298,1045.8920068948055,1980.9587036701416,1453.6557766500216,1841.3527429832113,5982.763476424236,1776.9122504214795,1640.5475788599679,464.30696646741234,2543.431313862405,2621.5658821798643,1243.479178309067,865.4222716290296,1800.0551014394541,2551.2419527783263,754.8037940198458,2224.265729873599,1586.2383468711646,626.7078710063853,3329.062275756704,5793.1285088489185,3519.788837271897,5939.070263776602,1603.125378308463,1262.5951602917607,2036.1069293159246,2259.8820059533373,6129.48712280694,3437.557425764081,557.4110113271223,4597.449387293508,1561.9735982908107,2494.926136545715,1601.6537625656067,5230.808016400071,1957.644279590332,5283.008137204957,2212.788648321613,822.3854473900151,2268.226112612485,745.6726040054082,548.0980716549892,6225.594652102247,935.7877207525884,1256.525613133891,2522.289883366794,4609.976910935389,1248.6501742836854,1526.7632886237811,6257.682716694121,762.8137797166652,2147.5725256656337,1869.292441709787,3198.3010397055104,1905.6954975717035,2491.294652439557,5520.042869984211,4604.934828163813,1796.3667442989436,4571.693153512516,6286.4883542715315,2812.797949159351,3134.404356165921,6249.778722312687,2133.18894147082,243.7126795935674,544.5793576415243,803.5566740493358,392.9098908803065,6250.5318298352395,1849.5608591664334,6058.929811282144,1059.1308717341662,1515.5941511457138,1906.907413019452,991.846874465526,534.8019673768873,1475.2244088444627,772.475369711665,955.435361145376,1767.475876289037,1469.3911914996381,1789.7563100847315,1779.4039216521066,5568.0894369351645,6456.608956118967,1510.4366522860375,5948.677677117776,6090.287718156966,1830.5788129275945,6054.9842895229895,1643.414154207003,6086.160273191998,6514.0122038957725,6120.345088502459,5930.0447715812925,331.31399070743487,6047.175882682754,728.6692326158677,6206.219032842168,577.3865188460247,1440.5369830900147,1523.7197671879233,5981.8544180108165,919.6148269484303,5700.144841352094,6082.844838557298,2391.915651848019,946.7533688695436,7022.418056895762,2278.978416976148,6049.416759034336,1060.867810440232,6148.633129925723,6192.359276741707,2321.215719253525,1399.5997319163318,5847.2052353383215,6100.525188575315,5341.2007959650155,6234.143380102719,706.5878514299582,5527.114049212405,4456.7849771720175,926.7194225804724,5806.0666316465295,6047.377197215339,5991.701129297671,6203.542496539465,6219.433684713081,7077.812078694087,2608.4653177430914,5723.585075032553,5532.489616947032,5586.955138104196,6050.9407227732445,703.2578778998337,5835.166568219573,5794.575749204096,6017.6720246856075,7211.7512918187695,6036.463573937496,6622.893700687092,2212.708267465709,5320.979574573324,6030.293746872616,1564.9669219337768,7012.033320954108,4508.4346523810655,5880.373582195559,1536.9903067370885,5561.2026214690195,4337.912327093154,2428.725452448366,965.8573694866427,5840.060631334851,5728.798011133179,6044.527250329599,5673.627464725296,5335.5845208483115,4264.1393785038845,6316.99579165881,5830.6667733571985,6201.384349964021,6079.650839586497,6443.959043329355,6432.674849815255,3430.3384877077697,3445.5583745234853,2090.287395966468,4369.8148591172585,4615.461701657427,6068.666282364987,190.69040672462032,4337.97695018981,6198.994611486373,3044.286282990519,4552.389401311873,2683.953183523579,2396.0759688138264,5962.927254266341,5588.9326662101785,6081.240515751126,5954.55374873779,5930.947806040515,5372.430037490702,5846.4420624317245,2460.2982393605107,5220.149654372318,5439.277344263183,5674.293412874668,4627.824545070652,3509.3615562816954,6097.200027524488,1238.5662031950667,5509.190446395356,5053.362028087729,5480.996962147407,6015.6035584230485,5498.046492185912,5942.600720185287,4491.653528946812,5685.95351163932,1217.7518639203142,5912.054775529106,5204.105366522927,230.72789101208238,6276.416388278988,5825.805088080126,1048.5458738746104,1059.1253937430845,921.3463777129832,1095.6881052625954,2744.0278296638003,6172.440542118698,5383.2054653539835,5238.849959402189,3349.476551499506,5423.824742199864,7733.873309624604,5812.927039656533,6296.7756076139685,5567.214678653962,2850.971998802097,5757.944744750506,2956.4499383630828,4325.398863709295,4371.148733342433,6675.724737397387,1610.8573634238987,4364.708494878478,4582.726879965321,5946.224388231733,5675.472397850497,GA
13145,110.28801508674431,1061.099889442452,1934.7415113030295,3100.7784589303637,1132.6514585969362,2787.8157843489826,3531.777863814077,3425.123002190757,2518.8373120184588,457.9198019621143,589.6734827113622,1528.9543616108883,1624.0025859954294,1035.7618301935488,1302.2573221224852,1063.1111716586124,1324.2543373894746,1327.5560651372398,872.2278357550737,1174.0717568474506,1030.6322025587835,2559.504733181409,3007.209160557475,982.8831813546466,891.8528031954613,1037.5287430213407,575.9663951120591,3508.9514112949278,1115.4670689996587,410.54288061269233,963.1480495023683,830.4555563428833,1241.5818071723104,7206.803786636726,1043.522540268179,3386.9340887642743,591.831552235378,3411.118989208393,662.2745980933133,1143.3980729313907,3354.0723682357093,3054.9765063749114,1337.2899886719968,786.5817825449924,1002.1517048055842,958.2529664951976,753.3325450624096,702.7949695782788,827.8104713468605,2466.717258524415,1165.5229975433126,7090.6979456389945,1486.152010236764,817.5065256208176,393.83803397138206,3092.8956886702667,2015.0501029240374,5544.958108547707,1257.392848520313,1361.3177561048215,3025.4320820928483,533.3269423818257,455.62200539758385,1204.727173839,870.4827970125672,3198.8178811390867,1553.857658949766,2968.3791840817057,3079.01144545276,609.7596230420228,3193.535913762664,919.6008059625333,2437.8582956072505,7114.484479572808,1129.8128306065116,2017.2246816212805,7303.683810339837,1076.7280410403714,194.6911084430625,1478.9536618166503,562.7794802490794,1247.4512118580608,354.622805705013,566.5548757778245,1316.867675881213,346.1393932768271,1386.9776920474194,577.2229005051986,352.45579174343493,1756.2278221131241,711.5646808935522,1220.193044424124,330.78722850564037,2927.9555321148055,590.0592801385612,1635.4399280724936,1903.967762862689,799.7512498516247,1260.9331668959567,1380.1927142117165,705.0061852590289,1358.6476586038307,946.5088060144141,3193.792940942343,292.9937107643151,2665.6243723514026,635.2020346491028,1654.1941761343933,590.552813614224,1624.9216588383392,1103.304293375289,7022.939855780277,1181.1594798925182,273.12086980408617,377.0344164097371,371.3939818043885,3530.6322470189502,5481.638476519073,1190.93391640635,1585.8408985236294,920.3658173016696,276.84830002202165,257.55910142651754,1574.8948056139345,3481.245684352195,486.3202745008233,671.9468386665911,960.6877898860637,4643.244224941745,2484.8634908389936,959.5484317863203,3370.3803638434474,1872.0854744624326,2922.820694924209,2553.6017004812784,1230.7703843187162,3225.327634595584,3263.6593012973767,638.9906962155043,265.01146133199575,2546.048761004503,1218.761864455405,917.3593970994716,1571.0682088868168,539.3956965598138,1005.83934582693,3586.2475000864315,1142.5351549526565,1088.2960669351269,838.6924019755646,1319.196027824756,1480.1492551802442,1327.839048775497,979.24138747324,680.2277022102382,1336.1460298854095,1929.0642972089026,2012.9698835522565,283.7640117269199,1428.2328540352876,835.4110188007072,388.174954452145,2377.56124153516,2096.854989900744,2058.333404359025,471.04239950228674,1255.9105634428904,1336.7029629238705,3288.473034057813,610.8807055702024,2234.214153731112,657.3729951524638,421.2010263492176,636.1338256395939,4386.367164634604,727.2547894989322,3460.46656139918,695.6395209281978,2615.1484977890395,475.18713315263466,909.643600950804,2133.5355993054563,1365.2606394925924,3384.0459068174628,1406.5741490723954,932.1789407392,2761.867851814804,2112.0658074509643,146.94481382433634,1117.550875971881,2644.443377617403,12649.551886967518,6183.732845507148,784.42590942879,807.2891646710797,1058.1618532068733,713.6723542991663,971.6418613797716,2202.8640385955678,1386.1929140445866,1263.7400753984982,1686.0102843124887,2167.702625252372,1232.4979946417952,4651.671779237817,1203.2453441818718,2641.754379593527,1620.3807376089908,1400.80109883168,989.4869022787303,1652.7135968904547,1266.049013056826,943.9641612962472,1970.4568385289747,736.3986098496007,2761.7445788427667,1980.0589190809349,771.2460010061418,1114.868944338913,866.391181854308,1429.3674542530978,667.6336591057733,3143.3445829354378,2161.629598384724,661.8644861664769,1314.5857054031385,3324.300982485184,1356.4944549849347,1120.4168035663301,5608.9345211206455,2816.153847386856,2457.946330516919,917.6860810502437,2195.6757055430385,1511.5644079268586,728.6459654428638,1383.3296641924105,2526.0398161664216,7139.245491886151,5677.842837684791,6161.1017769508435,5618.773062799543,6315.3803848772495,1108.9992024346634,898.5046425247107,2324.511283116571,1560.881754338658,3377.891482971733,1274.5456611435554,3573.705585528236,2475.440290863222,3131.737693625588,1053.961677591487,3377.327909609727,1500.2754537373294,5938.271934136122,839.781805168873,1827.4750035677225,1165.3667798302295,3112.204789848404,4502.979572576109,1475.393918370692,164.8106078807925,1589.3292783789145,763.7855194874176,3196.596591494564,4459.5057616156955,24.05854791428843,983.8419234684213,1265.5552412157806,2803.661262616381,2665.735649924699,5916.183910395431,7109.837260147196,507.67806506862325,266.36594241519197,351.8563839813558,1473.3449692135102,1684.3255957721185,5619.351318180575,3418.7949468654942,7144.580016014455,363.86873791764765,1001.8628277707434,149.1865888314555,2456.5671699033505,1425.978360642572,1267.9475635899198,849.2707262028423,1189.7622425699715,5293.88133718432,1314.364346102202,2085.943660763281,6019.295076632141,842.6663389747522,1855.6103921381248,4956.791421487397,362.6387301771473,1847.553216556675,2528.927564320584,1427.7069735471446,6605.25120921182,1827.3956601061866,918.2114484809038,10480.31014297429,2200.3300738535186,1178.6091988266044,2769.344428746032,1543.8418489359406,918.8592508019284,1486.418137674111,1470.6705046874977,1007.9095768768888,1633.5287326147006,1710.5038417753603,1558.9681424833118,1629.2805871965595,3113.7214716713233,1503.7340444119845,3275.5525369950624,2177.201727931481,2345.6311056361787,1274.7989405640792,1181.6765355321024,1460.3216341904754,1463.2692654547293,1626.1745279974411,1710.7209047520148,596.2260548546426,1480.7222879299004,593.1810328705533,1962.037574188135,2876.257417723956,2571.998678251817,1456.55835348287,2352.3448104323634,1504.3290124479815,3532.948404501539,1166.1825405167594,2068.137066781265,1508.3075352790552,1933.7603764387015,6098.433246459644,1897.8957042995812,1761.3894412978989,439.81338893813216,2609.0266975656673,2529.883211089193,1330.523343844582,978.9928832051517,1872.9782303283105,2458.047642686287,821.1920679279946,2323.012439156424,1680.0435974062614,701.7289796821145,3395.7754056926005,5909.429054190222,3603.818310556485,6052.687407184488,1716.2747897129166,1377.7915108693546,2110.135102684382,2331.5299283645677,6243.708261813886,3533.213969243041,671.0536718665136,4708.805811368397,1633.9358787172346,2545.9114789544187,1658.0837073375608,5344.111646876409,2073.812680651908,5401.049529246422,2322.4568792059786,710.560356113339,2347.8028928815324,865.412301134667,655.402487732449,6332.6532172529605,1051.8929857831856,1372.7531618925955,2616.675815213804,4722.3533937355105,1361.8725952381305,1582.8743981149958,6371.589922527021,860.4948694625218,2212.3293335473113,1934.0029198450602,3262.2617436485725,1972.5204414363461,2395.095153932053,5631.330763659258,4717.597620011454,1861.0036139484437,4682.686106641386,6400.4204961850255,2856.6264964280126,3226.7582398640193,6362.742550326774,2170.9921391171147,335.18787842753665,629.4008797109543,889.3709608798088,487.1279616323574,6364.702349400388,1946.6439268574109,6174.34090228028,1125.761544092745,1589.2615769977317,1994.4463584424475,1079.911985885041,571.7196173815008,1596.8779972589841,850.8000733680752,1065.2098316412455,1835.3336356572613,1537.9415365351174,1884.1210798081165,1812.059134894116,5684.8008854006775,6572.5988600703695,1592.5232937635653,6066.5932828205105,6202.71774249943,1949.338606203893,6173.291802449206,1691.0263429236834,6193.064626511421,6630.151746278987,6238.782033772542,6047.710149739482,396.3921079802325,6163.454710866501,782.1396607313634,6325.048386882034,658.8966921483081,1535.7264284792132,1610.2336952038922,6095.459646595373,1002.4336454224524,5811.797752073936,6199.096053838236,2500.121136174309,1026.254066739387,7065.975278991899,2327.142792891978,6162.3694987246745,1150.511149793226,6262.90477727865,6307.191531904815,2430.221576295447,1474.7829062392184,5963.503262225065,6216.893988695008,5459.467726791737,6351.087827642901,738.6864644068913,5638.2944798259305,4566.563167924341,975.5764941470903,5923.925343024587,6160.4417913924435,6108.199583117796,6321.093238801552,6332.7178913206835,7124.978439564063,2714.4713896950584,5839.884988113911,5643.6739173298965,5705.700914932378,6166.324734779506,798.7572592447252,5955.027022954651,5912.452516542836,6130.881397079033,7317.997860928083,6149.512534135704,6733.191590479738,2320.448964112164,5441.074439221312,6144.161132705766,1568.8381227812615,7057.4795255416575,4618.805268456215,5996.35286767946,1626.3256360086527,5679.1861601359915,4446.15011716162,2507.2200253809992,1060.2521277527262,5951.4614893155895,5843.602219189433,6164.023609832922,5790.935278015856,5454.572244264992,4371.751411189367,6429.902530741031,5947.0772284983605,6316.08710648765,6192.5384369708045,6550.231342362439,6538.929026789557,3525.9386486077283,3542.1389823851964,2158.834438986966,4477.6142236068345,4726.137821886353,6181.554159311412,118.26225196290301,4445.902542159371,6305.883469921186,3094.36253433612,4663.008740458414,2737.9482374653994,2458.245874273557,6077.533112188166,5698.423493142911,6192.533739336874,6069.369409471289,6045.575418550832,5490.206238480019,5957.745849772578,2517.664938109809,5338.335799913829,5556.730261339567,5782.677147283916,4738.788669553719,3588.5352497023896,6208.408881586348,1224.307133059853,5627.441512702298,5170.403940287563,5598.028846095737,6126.746163028022,5614.658504690589,6051.284161628053,4602.860930923596,5795.1089456187265,1337.4002978084925,6022.847093874099,5318.489274339755,257.56127228691514,6383.147085507112,5936.375081120658,1034.3454902163617,1052.0808236104544,1019.8891919727284,1189.1638715239042,2837.6227398887713,6291.537446363226,5496.197968301711,5356.213512166202,3414.529346799691,5537.0454879845975,7843.531520682299,5926.591318637707,6413.9413098616415,5682.873126476904,2898.691247526952,5869.155582041202,3001.181241511155,4433.4429342696,4478.654039649871,6781.208895642238,1688.2199196900485,4473.361804831879,4694.120566527973,6054.12968149755,5784.130878676771,GA
13147,156.52139135637046,951.3012833062636,2014.5369901164474,3245.353250000808,1312.0514495952596,2917.2822628590748,3565.97098572627,3538.8124745358673,2674.01215092272,207.57902034246348,676.63832287161,1461.6652802409708,1369.123669839712,1260.9779959617324,1047.3873422528736,875.0645594874331,1069.3938421577786,1072.6761968469611,959.1218314151988,919.1922459578814,775.7992522305542,2642.028018315477,3162.208764471541,728.0230099291334,985.1366983815486,926.7859098394638,709.852030453114,3558.66435572092,1296.0251004483118,390.87587623124574,708.6086984842445,822.3996444824352,1456.1435346561946,7352.76081062598,1272.48239102059,3502.7906975519645,839.8923519897411,3524.091811862417,416.089555513148,1180.4963991861775,3459.6414009731225,3202.123128859701,1555.9264829550186,666.0485196115146,791.0968582656018,724.2437690566495,876.3798636972374,544.2412825173483,628.0843147582002,2438.7185279208097,1047.1935260919895,7240.7606419126705,1231.395129366173,895.4147867107671,445.0121775368663,3235.5519700968584,2158.052019736154,5502.623418041104,1023.260215923618,1371.611564322238,3169.923688935927,645.6705158368443,314.99464529046327,1339.169222245795,617.3894640885446,3297.990262956379,1299.084080828974,3028.9501609435188,3224.7873082563106,492.6365205569023,3219.314230725202,673.359966393567,2605.7794532167427,7269.252362115672,974.3018433823128,2194.762911239862,7444.7913112379165,1190.25975741625,360.1755319996173,1226.1296818974145,640.7698577018676,1230.6534015388784,296.3430897687732,379.23725700494384,1077.2431723888221,91.3160078955732,1140.58680186885,716.583026403708,187.60905200186318,1501.63123871944,849.0669405731807,1122.1776312761012,585.4178649382576,3075.286275343556,336.62569195705163,1380.8171555195465,1998.0294309838196,627.4632339813138,1350.8555196232746,1125.424423470237,831.3621763281602,1103.7971016493025,1050.8497749731828,3315.306126656837,544.5082230842237,2694.556067482765,774.1521855526544,1403.95316978398,435.83641738915344,1808.2175876955075,850.0352871808408,7179.528170614079,1133.5605575651018,350.78253855706254,175.68966417896522,126.67231802812941,3592.719154921239,5418.035919067051,936.6893885703712,1568.8755280189853,993.240232862923,517.3043285705662,218.57522378170694,1737.4007424411013,3557.340768604636,698.365624448256,464.815002231907,742.2669618901438,4611.217639536633,2505.6066105710925,1095.0750281239343,3429.9688717567246,1816.6184528858842,2947.9708836174573,2518.268949455596,975.8988677855464,3364.896032391457,3303.795500753762,877.1929079681039,458.33794410112114,2596.463322112291,964.4986097079174,762.8416950891341,1711.8742803018642,602.2695905354907,869.2729153099808,3609.833075735546,960.5242413801137,1029.3575232938183,584.0834090918825,1200.3522911108607,1722.6580472174408,1563.8136923261955,918.926906224637,426.6800522068283,1210.6300200369005,1674.6859934873125,2031.5208598022712,142.6545454786072,1672.1246153200989,1029.7747979687003,640.4561941856912,2358.5787367990883,2189.6253443847877,2032.0099448062713,721.511857665307,1003.3032770081649,1177.061563575555,3421.290081687868,380.14037300728273,2330.654944599971,728.5873450535429,522.1027961096689,579.8141214243205,4371.693546165918,964.8791211642977,3567.1521592841386,464.30351864792715,2583.462568849321,241.75837926134648,660.6822042520984,2252.230730370805,1110.8888442246941,3505.858987140353,1342.1213121026472,860.2001854592095,2774.582868714103,2199.72255094524,391.7030634857393,947.8681894131784,2698.719502312229,12686.053861405024,6141.929308938138,771.3255802087638,607.6933891059335,905.3435656823747,492.6923512117437,729.6900172559253,2164.608559389565,1411.6831887960107,1016.9106452682894,1590.2712741876785,2270.5518809832943,1436.4245833042098,4628.744810167231,1025.759581160596,2762.882165819277,1366.834475620843,1293.073624347903,808.2220272562944,1403.5517160176041,1034.064383790029,963.4804958595752,2106.7652446221728,955.9581132186704,2784.6658279264143,1917.5725641821653,547.0215627563774,1023.0368877695314,788.2694842760894,1675.2130669645933,866.1949672737645,3275.8710055648457,2239.6141593702923,448.4309354793052,1067.3336110676908,3436.310395965693,1277.1602759194384,893.7320239184479,5570.132412867783,2874.522346603071,2438.030525786409,1045.9372007589577,2242.1466699806297,1742.8141118425515,473.79440251987234,1565.405452538694,2614.235845781837,7287.240176288438,5655.0996937228465,6087.126976002599,5525.868318464569,6252.90491495428,1323.504011932994,852.7565917556813,2299.948524988782,1306.058137060676,3417.2940763636134,1330.8001200868378,3661.077027364068,2615.2114033768507,3164.5172792052226,801.2313021446602,3409.2663283704665,1535.2322015324703,5841.603433693214,1072.4088631320835,1991.843495945005,1363.846705774705,3148.137376519953,4479.697348582079,1668.9334867218447,408.9851076817773,1335.1984143834354,527.9071024757438,3237.051381889057,4437.812213498796,274.07304200936835,1175.7335302845975,1415.6592269503506,2872.310584447584,2727.2047653236937,5887.379880282235,7259.246771737166,298.2223981760123,397.7541674936204,528.9298698473565,1470.3243748908249,1429.5795986546686,5585.861463863183,3509.8125841363035,7294.1204082354825,370.94041067038233,1085.8593763222495,333.2361366432737,2492.638065679817,1171.1018025515207,1427.8209394360995,1022.1123485311838,1120.4563704380503,5254.633164372426,1064.6902850319805,2187.2856768715133,5987.9246714068095,601.6801823540133,1854.315863004516,4921.060585179972,582.4625129493803,1771.245817718509,2499.269442889928,1257.4990599830164,6595.9220953645145,1800.2304607412948,1149.2125821772647,10698.469446555064,2226.2659350751405,1296.8813108621935,2799.9645528730202,1641.0335437058359,1111.9873917521857,1370.237006267234,1226.9347791253556,755.5244489369518,1498.5386805323233,1883.5613251915595,1315.5005255593167,1375.0098709157776,3228.6733962013536,1329.5471522500352,3411.0427883010966,2162.473833629217,2414.4755492230124,1226.5547645424456,931.7756690792293,1536.7999264912335,1376.7667016533094,1560.4437465077579,1637.2677773467904,604.882387896197,1347.795838506806,533.670923775367,1920.3747471653037,2962.163142341771,2650.305167645449,1312.2090560873953,2402.974410712988,1249.6555855528593,3581.4002069288604,1020.6089882386259,2131.8174520863417,1253.8910825840658,1982.8715831839008,6040.481752217033,1800.5244183848656,1667.6157891157038,675.5957912273378,2723.7285200205233,2497.3152478458114,1399.6739399280332,957.9786089338987,1973.61217922767,2430.695296997478,567.5988175874345,2349.615973999175,1726.5218883156492,453.1002896367485,3506.742753194857,5847.430324882832,3672.065963815162,6007.32771894016,1685.6097509918259,1194.1319214310479,1857.317861611579,2433.481123923303,6194.641885664934,3566.742178082168,662.3729468368766,4677.234072391004,1380.7408830552395,2689.7511174578963,1403.472060498837,5301.285582514231,2022.022159592484,5326.557927963861,2305.358409311534,782.6978558926676,2430.624644617265,803.4410596906827,676.1653879683146,6319.571367567688,1013.7192237879691,1327.4915044272032,2656.6627096274437,4685.417917903325,1334.9430921479984,1328.282012731566,6324.253412224408,906.7153537110904,2329.75879078565,1679.2557880575073,3379.370978406233,2086.2922060680144,2378.204046081852,5598.985653863949,4679.121366419544,1606.260809736098,4652.996905890991,6352.912353920049,3012.7807047547594,3271.4942169987844,6320.772880038348,2337.9580336700737,427.8372759010912,718.0196977665262,647.8097365512608,559.7968334465813,6315.824665071493,1980.8230367654385,6117.994533187631,871.6480895799552,1336.6984438115367,2057.4672487237663,839.0005271458596,746.2995630071445,1482.3274660458605,948.4582515289646,1060.9340251894203,1581.0196570397798,1649.9419930491188,1927.4689838254947,1987.512415268423,5620.155729693314,6512.088039347952,1344.3863206603028,5992.423101504478,6163.811432525938,1878.3161449857087,6095.765462415121,1842.69926906215,6180.7806093604795,6568.579967401167,6160.08187132981,5975.55523875042,533.3269314808791,6101.355644474772,929.2550401481378,6242.766384925175,416.5308950378373,1579.0709660461798,1365.5126846162234,6050.12689623908,757.0351046140734,5777.384167188298,6137.152663051242,2488.9331281365544,778.1449305106398,7220.505221999121,2476.4337211174093,6120.646669767863,910.843968053132,6213.519996434045,6254.36579790573,2415.7020194680754,1572.3856401104806,5901.467470258993,6154.123386599006,5383.026588730807,6284.101825636964,918.3857062784773,5606.489855137223,4543.0098611039675,721.967465837236,5850.355866788657,6118.100034742197,6044.629808751365,6249.574161706401,6288.986452424799,7272.984291526456,2711.9675518442427,5777.9616254095,5611.843903178541,5624.7931809587035,6110.159828343438,571.8390901117159,5862.644574805299,5838.74923020898,6087.758829669496,7307.6412672920715,6107.268113846544,6704.772838671435,2312.146761157193,5346.496467856743,6097.26811169485,1781.4697618669659,7208.635913920741,4592.30200125508,5936.450146993348,1686.4923205190646,5604.859348543288,4429.954976164346,2592.2844803265484,827.4920585277977,5918.210239206706,5791.40018290418,6075.383973733253,5721.797452392066,5371.700226224069,4358.476721416654,6388.188087859574,5884.280171007777,6264.049384174198,6151.147044451688,6540.3654512875155,6529.150069159177,3559.6672431270313,3572.570757481785,2268.255701726277,4463.3449823322335,4697.973385287294,6140.171552293728,194.7963826997805,4431.115658072071,6293.566323596001,3239.1585971067025,4635.214980977258,2875.870356304267,2580.4767446817395,6026.3122340269065,5674.858618761492,6159.603583814852,6016.871376916823,5994.253209909625,5417.759474222146,5924.986074380478,2649.4389020750546,5262.715367242047,5486.737868308977,5764.184860452575,4709.166055431282,3669.6609274798743,6175.89471759088,1454.314976603573,5550.948086535271,5103.954550154598,5531.155692544756,6094.645520273053,5550.795790957732,6031.1536402825595,4572.200979135128,5773.029996231867,1264.353174073092,5992.6121150872195,5269.418135435207,447.45800428096544,6371.449678899434,5907.331995973847,1264.153688351371,1275.635461848311,794.3221017841255,1241.7278426476082,2879.445404546284,6206.770404037122,5454.937135450227,5287.132813966751,3529.0940388845675,5494.466925613405,7817.369740891375,5881.085339878167,6345.266235728782,5625.418407389421,3047.978739819021,5836.958188532788,3155.626892777277,4418.142330179872,4465.6906012359495,6774.487208688839,1437.1518273144668,4455.228295789508,4662.378632097787,6037.543024906379,5764.375767724844,GA
13149,76.2398753418694,995.671363207166,1886.1086332357456,3068.0162569786357,1108.8063965859094,2750.8621529123043,3476.643133145292,3384.6599427372103,2488.8046574772793,440.2954933596661,652.4319900730346,1463.7535087443107,1595.609230605249,1032.9868590168635,1273.4785681546907,1004.241038835254,1296.608500734434,1299.136979591018,935.9723250909536,1146.0592348567216,1001.7012260342493,2511.964788725516,2977.403578493997,954.3921357575427,956.0462866695012,972.1425913117314,641.4088502870852,3456.1494912196395,1092.005629788571,345.04623220768195,932.6929784712627,767.5806121404396,1233.1403319635265,7175.38226461279,1043.1045937561616,3346.959916719149,607.7260845645283,3370.484322536036,648.4006227161134,1086.3751843787234,3311.740946328355,3022.9144321315753,1331.1079082807005,721.9548122843943,947.983461957996,911.3463866763623,818.6917637207297,641.5895503185092,771.9987063605563,2520.2066746562004,1100.2705845429919,7060.416859660535,1455.9990807332736,880.4512904292524,450.3158401791391,3059.5984241540345,1981.0785450394073,5481.916934633461,1209.6002697364954,1301.4916583242898,2992.609853868084,485.8270978260462,476.8006585330928,1167.0044641667034,849.0465226691092,3155.0270542928884,1526.9274892927526,2917.119358379516,3046.57461972357,545.6136948997824,3137.108130292484,905.8896222460853,2411.753790301911,7085.56703632163,1066.8307402145742,1994.054949812834,7270.9462368597,1033.3665051083733,152.85343775322534,1443.7687040245864,624.5630365041958,1184.8565517199447,390.2774987305214,577.3982975914067,1271.4425349127443,322.57871611564997,1345.4562903105561,642.800724196735,298.89860974589,1724.993745359467,672.3461917593348,1154.5131993347482,368.2164140280458,2895.8813234401537,568.495594433732,1604.4154834901474,1858.112772616199,739.6441569248549,1213.0575439738848,1353.4320013014524,770.4091790832616,1329.4710697538865,900.5257457607788,3155.080548766051,338.6289413688652,2609.375479594061,700.82453795733,1615.583756357839,529.8232740321904,1603.4170312045135,1069.4600028478455,6994.547824313435,1116.5067364249421,212.57802569193143,378.9741174218647,336.9139048885512,3479.8790880416714,5417.2442909718875,1166.5855992351135,1523.6642650882861,868.0625215489423,332.0099744744822,194.00110296463356,1546.1598852620386,3432.977235876403,474.17458991147737,677.3315543673598,908.578511176338,4580.907547263514,2427.428655218313,1025.2417160227556,3319.1394099781924,1807.5248006647428,2866.1929463938045,2606.040645298628,1202.1129717616182,3191.2504527123265,3209.291257124256,644.8882565019687,330.33365632126583,2492.882615872153,1186.8973771277554,854.7843491306925,1535.8881345003922,599.4279541007244,941.6510049340911,3529.6661580422383,1082.5468841561128,1023.096113860126,808.8592301962709,1253.8665379049698,1490.0652983164684,1332.45512231084,913.9000090411247,648.3705118754062,1271.0378457492711,1896.8780010782548,1954.9138661715735,294.94045147291075,1439.40862515964,816.5580389200061,411.4417149165134,2432.2919405881657,2050.954163670378,1995.7528987027881,490.62381965871896,1220.711842393586,1273.780131047412,3252.6382872893987,605.9868693746313,2189.20766992315,719.0986497800209,483.89466036096087,570.5052763376686,4325.557866628672,732.7584670824336,3418.4282596868075,649.3139659585612,2668.185625911965,432.8099713182338,893.4390483227368,2093.4154536603573,1333.531098440551,3345.4921768658355,1341.4088698488315,866.5606237337131,2703.585428071261,2065.150066289561,160.99491709499625,1056.037449975209,2591.957713513636,12596.040974107444,6120.785592373456,721.013326428989,751.5732529066833,995.0817747599516,713.8436496999096,928.4084892832477,2139.469951718226,1328.2034991689407,1222.7665516886038,1620.315801573112,2124.000425123967,1218.895027962855,4590.1246413556455,1142.5083359243413,2602.6368624015645,1597.5427688662573,1335.1919007327526,929.8215812672287,1613.0630062559826,1217.379626357802,884.1259096372305,1934.612908520723,729.6813186867447,2704.7447330631417,1915.2165672486856,770.2605000215658,1049.1712439140124,800.6970136241705,1442.4650533008441,649.8611053334492,3107.367543413557,2112.899226358569,610.4288639047785,1273.8304278881042,3283.406837581775,1290.9259737901432,1070.2338612985968,5546.165899059671,2764.4422992348327,2512.6021130732825,877.2588781951002,2141.633226261657,1512.9867706885464,700.7274255625423,1361.0098229313467,2479.588323301232,7108.385071286202,5616.44313454763,6096.247044405227,5553.280592131914,6251.097537863488,1100.3328100001136,833.5618892217155,2262.214919553646,1531.2059786444586,3323.4595813644873,1220.6870679702831,3527.646050271306,2440.987540518044,3076.2490754866412,1032.979919206893,3321.8179444701123,1443.7314290176348,5872.711049394078,841.6122648207942,1799.679019033035,1149.2167227724512,3057.157592310982,4441.377684488959,1457.6807309617413,221.0375359155729,1565.0491686189978,756.8723430151292,3142.248141638422,4398.041705226925,88.1576628553557,964.4545102145937,1232.3963198155625,2753.710726774177,2614.455486479456,5854.265594739769,7079.372888463956,510.3261496949647,329.6625673833496,321.16306525409436,1412.3085198661636,1653.9390997752262,5557.007182398746,3373.406019969901,7114.157344132841,412.52712839942774,951.9596576755213,214.3808741038376,2401.1866245597193,1397.8547170271163,1237.7818338130614,822.0547860878172,1124.3354738890966,5231.0476592461655,1275.6598898020754,2041.8320410651447,5957.166417991313,799.5055652640087,1795.1669571083373,4894.194778923002,354.14300448149027,1782.1861905406504,2582.212785422141,1365.7365353865546,6545.277865920822,1764.5999506728128,919.0058044918263,10475.379383963244,2143.3726260972157,1136.7131645100392,2713.3833545831462,1498.0901076706034,899.782632971331,1420.948963631031,1427.2521857010831,972.9289609480484,1568.6648910357583,1685.4505717184434,1515.257258704628,1604.5555288027685,3073.4087946486684,1442.1270949117547,3240.410439779798,2115.6864220255675,2295.400020968097,1210.2089994456642,1143.4478639614626,1410.3376153716467,1397.6229532096372,1561.0693190760605,1645.3963154782987,533.555495459956,1415.842878283736,527.4907104317751,1898.3014050079305,2829.5785572817713,2523.664675705383,1392.3262713896195,2299.074442192149,1478.0611466350222,3479.9561003406043,1102.3441884471288,2016.7562192880512,1483.1529137178366,1879.8687049561806,6034.395702671605,1832.20262373516,1695.7094326181145,443.3875649684906,2568.358943393323,2582.729859360586,1278.9456578581019,915.5742442028617,1828.4661920618719,2511.6267004554325,788.7483633096283,2266.2347328991805,1625.4333206930246,664.2691158845429,3354.6741936756102,5845.148563543858,3554.1683553542275,5989.469516426162,1653.1347058651183,1317.5849266833184,2074.4130696275242,2287.7828353133123,6180.246101166421,3477.984738949453,607.4858648351014,4646.51547684355,1599.2067507984225,2512.6268479113637,1632.0360335979417,5281.0156236950315,2009.5271063524272,5336.136116063405,2260.806497278908,772.6301557280386,2300.1581337953626,799.9226017226363,594.2760097936249,6272.262347743697,987.55117141857,1308.405043521525,2561.9650851597557,4659.633909954691,1298.6636891259068,1556.9598458869025,6308.25615816995,803.6835323391383,2171.98402185894,1903.4677379778668,3222.5270460858087,1931.0651547395828,2450.1317931188423,5569.082593225988,4654.758822917962,1830.4813175742213,4620.549890592488,6337.0767993441195,2827.089461951657,3173.068980815648,6299.796832204384,2144.376379854283,279.3754223432967,577.9884381868237,846.2777019948112,431.0940865311044,6301.2615877530225,1890.575307620448,6110.404610699102,1093.643402309224,1553.5518841648486,1942.8759375217103,1035.7450496218848,543.2762972661449,1531.3430256612469,802.8872857179048,1003.3264012522916,1802.9968280218368,1495.4347441348127,1829.3016716599875,1787.9542902467526,5620.3649492407985,6508.440545892083,1552.0527711286993,6001.725889919616,6139.993236643393,1884.159230110277,6108.291169403073,1659.1392914589887,6132.740538771281,6565.93644500297,6173.738473134594,5982.930131752933,352.8184626003352,6099.183900756527,746.1776190864952,6259.877751446496,617.7623904068397,1480.4296454790062,1567.2432757581312,6032.247005486695,961.1542249632936,5749.396664458636,6134.835919274154,2439.112372219838,986.8600747396613,7036.98183210649,2295.2407531243284,6099.426591863708,1105.4994951163858,6199.422354258049,6243.484616132105,2368.862240270071,1428.9835396788055,5899.224040811724,6152.589413987333,5394.478115614757,6286.569140092125,713.4296593615012,5576.092189906352,4504.9465593859495,953.032125561561,5859.0771294865035,6097.452482290116,6043.84557309273,6256.354923885483,6269.639286414027,7094.119292687944,2654.442195905045,5775.604324879232,5581.470044197462,5640.5551168381335,6102.398989224694,750.0879281930179,5889.554653924836,5847.597984389473,6067.831932799599,7257.984515153075,6086.529603393441,6671.380938335257,2259.6290709184727,5375.5426021034355,6080.8417755506225,1559.782162397675,7027.50685186412,4556.934256227029,5932.195317229104,1573.7954786814378,5614.293776461559,4385.202655539751,2460.1359578569386,1012.459615718528,5889.1690193875465,5779.903080870211,6098.651066027463,5726.281578936601,5389.349504441322,4311.077866297438,6366.981118631029,5882.755437749049,6252.43189711431,6129.622865408453,6490.195826087903,6478.901487496501,3470.735493975965,3486.476065479282,2116.581595103191,4416.860539646579,4664.137698081599,6118.638370886298,153.96277012283576,4385.09244883787,6245.568006490659,3061.6589387327913,4601.031829841442,2703.1724171834644,2419.2648690256065,6013.914914983645,5636.9504548475925,6130.289780656583,6005.667408554237,5981.948275682876,5425.384901877886,5895.494783002351,2481.124949637595,5273.372896716574,5492.023387719362,5721.690341804775,4676.665690446712,3541.260374961296,6146.20109202729,1224.7370043104818,5562.4578907658115,5105.843280507549,5533.47430990535,6064.565768851433,5550.259187456853,5990.169363482248,4540.632090288643,5733.7836297040685,1271.9535108672794,5960.815496556531,5254.953686889428,230.12800853437682,6322.903512411813,5874.4379771752365,1034.4717873006302,1048.33213308415,969.6781308190007,1134.5052875664144,2783.309161396059,6226.283342545595,5433.231991640057,5291.537571100866,3374.265054536401,5473.985635294509,7782.010006408764,5863.353030626101,6349.341921379093,5618.837209979198,2867.160088255003,5806.9431169217505,2971.208094370317,4372.580367051102,4418.030296556723,6721.532081027238,1650.4691240585448,4412.2327483719955,4631.8141927578945,5993.3582550395095,5723.023212904609,GA
13151,32.581503196354106,1003.1179043647696,1958.5463521966574,3154.4670069973145,1199.9112509187905,2834.565450799726,3537.792200751636,3465.3430673386306,2576.888607435521,353.4324862609392,620.9246008449308,1489.823676442438,1517.3351538753745,1125.5131781777886,1195.5201294012736,976.53243386358,1217.6543889669265,1220.8598538512406,906.9880128709093,1067.4045633988123,923.8498342182277,2585.411764555267,3065.511928219463,876.1340999507088,929.5674709324927,979.0346545638623,628.435960189565,3521.55521357859,1183.235657126807,375.96676210837995,856.2692486325095,811.1472357019558,1326.224714465463,7262.278605042871,1135.2203792169466,3428.082563088373,693.619352139126,3451.0166132331597,559.854938040019,1145.965076771595,3390.6943285894554,3109.786953450396,1424.0740345616584,722.2426878271132,907.6136457788813,856.4182361077728,802.974843346146,623.9344197681021,736.2740236195607,2458.321589125487,1104.8687007836654,7147.957690743524,1379.3159018012213,847.8280142366065,402.90959574464034,3145.7236617793837,2067.080994317175,5519.908623565032,1155.864580977847,1353.5310925498363,3079.038148015176,563.51026044571,387.7436230165194,1251.0687889165683,765.1365198885802,3232.5435002194204,1447.3916888275119,2985.209890776869,3133.2234765193575,543.986620632863,3195.7286738114226,817.4881685492485,2501.635647834521,7173.819139781719,1055.0967028196612,2085.062444431558,7357.048919175954,1112.9036790053349,241.20885835016117,1372.2408254892966,589.4473561535227,1227.7641563804627,312.8026133984647,484.7786535156951,1213.6873414632366,239.63236479025272,1281.842627443293,632.2393182828234,262.4245842885165,1649.3494990196757,756.4082502675316,1167.6431014227658,437.68033938470893,2982.770041629471,484.44688643445375,1528.5662943647885,1933.975426191989,717.1534205520823,1287.3000205029898,1273.7338743921096,755.6478013491644,1251.8775080742653,977.7028708600308,3237.311112140365,398.8545702128288,2668.6356288638376,690.7732671853505,1548.071630169297,511.3420582545966,1694.9961688474798,996.5007776810612,7083.063244725999,1148.4574127068815,275.0456706167364,285.8707890071496,265.278359770637,3548.545290841672,5447.814025047529,1084.9206590799206,1567.4728843853468,937.1062831523172,377.3778371354997,200.64779100340985,1635.1770239733835,3505.1520642245923,567.2826467112578,584.2203276236123,863.660273655517,4622.121165339598,2484.1809270085832,1016.2051475845503,3387.1121752683844,1838.676221716236,2924.5032668027184,2542.243350770892,1124.0381579815694,3276.8577368558867,3272.0019908016743,735.0789499246623,340.34029265436965,2558.0782726351918,1111.8689758010782,841.8438577274214,1621.3573678580085,558.7149631778184,937.4367340201303,3587.8073956055005,1058.3448438000667,1050.4395173447224,731.8270948618449,1259.0204282575369,1579.2331674406091,1423.419128085959,940.0190206379732,573.3628759043918,1273.4783804636095,1822.1712370696448,2010.5899501663528,203.43399148364293,1528.0437348728772,909.0158842486106,492.58512471004417,2372.821456192836,2126.626242146579,2037.267918263019,574.2629040577506,1149.2250547913102,1261.213871012572,3337.0428438075646,514.0855088800156,2265.7995878883585,682.7220624435331,454.79951498605766,594.0161500934457,4372.334861802892,823.1658224232752,3497.641425027629,593.9515083316976,2605.397390064059,371.82421914093106,806.3143786975564,2174.821410035607,1258.3679438056174,3427.811409899632,1368.1403750607096,887.9117695551677,2758.132055270033,2139.6185371687975,245.29324902244838,1037.6543150576263,2658.244588781985,12659.044208042837,6159.094670714531,762.4277006022902,715.6822652854743,984.0905297293866,621.0690674620947,867.5348219333175,2177.1387382524813,1384.9687184759882,1158.4478479959218,1635.9967452176265,2202.015704201694,1311.8768846761564,4634.327189749853,1120.8600418119695,2684.683506600996,1514.8394856470625,1345.2253232157093,904.9565880605246,1546.8706494768537,1165.2048423925673,937.52032251064,2019.4035103082695,822.5909778637183,2762.3173281102086,1944.0302403480111,677.6818540441228,1064.1598573791766,819.0693520860493,1530.2430220657864,742.5824157369756,3191.699404523328,2185.0361722488406,565.0860419252148,1209.1935651425188,3363.7236267978737,1311.9099670003466,1021.082411879418,5585.365915626967,2831.8942316683992,2452.9296073385103,959.7591709282924,2205.5203843128083,1604.8200996087821,621.8954952957096,1452.4412497873166,2554.379933179883,7195.604082036583,5660.955815497058,6123.225338490445,5573.033293274283,6282.258686444312,1193.4179660038385,864.4040509242606,2304.6319358778364,1454.0827748017787,3386.009145424257,1286.113703035428,3602.5445522444065,2526.521829910969,3136.845587192492,948.8454200262396,3382.2751793198713,1503.53245920559,5891.091654897309,933.1402628587683,1889.0096390455265,1241.954025196813,3118.6350807174076,4485.420930862001,1550.1206150537394,266.4382670329248,1483.4055212797448,665.6753242178722,3205.0211835490886,4442.58708339269,127.29894835738727,1056.7394216476998,1319.3565894907388,2823.814893848453,2682.6518615387386,5896.853083049074,7166.812866357741,417.2452638567302,308.34958046851307,411.6535809268457,1460.4038580649676,1577.4834027696938,5597.985170105237,3449.1191613999126,7201.618645279038,351.03718498163767,1024.199759871233,213.24103334066152,2462.353172266597,1319.327158613136,1326.3189023206469,912.2754981439607,1148.3739862022107,5270.02286260135,1208.3393586512186,2119.4710085443216,5998.930072998521,738.6805596010146,1844.5288668145865,4934.2635483845925,446.9584095817775,1805.6684853677,2519.918684313315,1348.571456135997,6594.221525164656,1805.480974984309,1010.8178128493576,10568.363281901198,2201.422857040157,1217.4254842334649,2773.188080003993,1574.4131922506524,992.1567498399527,1427.8443204051755,1366.3248491846366,901.2414053323547,1568.100726912821,1775.9032680256591,1454.7295138485536,1523.2574016770957,3154.2981525437126,1423.3069148252905,3325.2998853775994,2161.164633222857,2365.338299957712,1242.3328465895313,1075.5703260318164,1481.4769996957416,1416.2464160206384,1587.9752554825054,1669.650624967565,580.1815557303877,1415.6915636872186,548.8456172452965,1934.4610742363598,2903.951211619125,2596.087759867741,1387.123250436824,2364.21141600531,1397.9719865996187,3545.030227158957,1095.2828275704526,2085.1780424060557,1402.1725325509342,1944.2579901843978,6067.112623268725,1847.714700590283,1712.3384842024602,533.9777803512321,2649.084193392485,2519.654570771532,1347.979995600252,955.7707743564197,1905.8297065748638,2449.911263632053,714.3335008714046,2324.583321429509,1688.8054001983066,595.7094433030397,3434.785067378541,5876.392003161398,3624.4234947096397,6026.542963413959,1692.627951555364,1293.6558659197094,2003.4428814883402,2365.6651416632467,6216.087253077155,3538.9471997426385,649.1434545021115,4687.899260230552,1527.1637789484062,2598.879747763123,1551.785511706595,5318.7922054944875,2042.3148131588305,5362.742312342855,2305.671374557227,737.0961031098892,2373.58319545766,824.4540848184399,645.8181746150616,6319.983933543194,1022.1890060753998,1341.9483220403208,2624.33233919552,4699.2325840678495,1338.5372654338198,1476.5934403212964,6344.7171420496725,864.8549944832971,2253.156465450957,1827.159525294914,3303.8846220894316,2011.376129008635,2391.2582986552247,5610.442851292223,4693.837871923977,1754.1590258445776,4662.548544240366,6373.484508403834,2915.358193027593,3237.031102935321,6338.084622944812,2234.1067281922133,349.1498145017697,649.9845206268849,785.287229242621,497.17135103333396,6337.1917138687195,1950.7702946491104,6143.7014825537035,1018.8726272091986,1482.6029328115424,2011.067297236332,976.1917485835517,633.5809076524234,1539.2524119009354,878.1896426769331,1049.6397350217428,1728.4407422898557,1575.112006630781,1892.036838616304,1878.7054501690168,5650.611800208098,6540.350333310973,1486.9482650967993,6028.611752395913,6179.283212002687,1909.797163513149,6133.966432228522,1746.5181005685754,6180.688960601568,6597.481324502128,6198.993993192643,6010.54808719228,435.7170694312854,6130.44719431346,832.2246231263833,6283.8197232942075,554.2510043386251,1542.7076840288266,1505.636649984159,6069.338475930142,897.4112048709711,5790.10928937,6166.162091892362,2486.050358911417,920.5426635553126,7125.197655466688,2382.367695388904,6137.758724786805,1047.2090394981808,6235.1576415964355,6278.037725272373,2414.667228630214,1505.337346297271,5930.466399238503,6183.625028390195,5420.382740756101,6316.123891191064,804.4655665939706,5617.632842580141,4548.920776719058,869.9560514246127,5886.150464221523,6135.574617040267,6074.573127535365,6284.263601563413,6307.323655059345,7181.339658254934,2704.2925860181203,5806.8587722080565,5623.0034783094125,5664.867189726924,6135.757802689176,698.6643611121577,5909.591087883956,5874.619710319696,6105.68322138946,7306.7153664100815,6124.682532314079,6714.2455831835205,2307.3243503459053,5394.604250154265,6117.409487822325,1652.8893449732284,7115.215085968696,4599.9613421449185,5964.201550591762,1640.8590241318734,5641.03146678181,4431.512553696113,2534.1736816506595,958.9387956013194,5930.296729250594,5814.575026103008,6120.163517444384,5754.9363636862645,5412.863373787437,4358.295001240263,6405.368040379821,5913.723144375202,6287.260416350133,6168.073118884124,6538.963009419821,6527.693987832257,3531.751877432385,3546.5656205285522,2196.038937666272,4463.793616988895,4706.650981210247,6157.0894140265345,96.72704377054569,4431.851410826116,6293.525745992288,3148.146074899314,4643.6486753825875,2788.4233325683144,2501.4873082011773,6048.977746385784,5681.201433256967,6171.57163833226,6040.285470449901,6016.9692687459055,5452.7627802665775,5936.7866650966125,2565.210584349149,5299.547491482495,5520.311422448549,5767.591801713879,4718.702513358899,3614.680952577865,6187.623704966376,1316.7296267545923,5588.386295076066,5135.309441765399,5562.900052343108,6106.10936736436,5580.768983790431,6035.598104755746,4582.28637986067,5778.535059877242,1295.2384473410941,6002.954100721497,5290.584846017618,322.20685398266806,6371.069262789981,5916.951088736562,1126.473836169116,1141.0011245517576,920.7392721976526,1198.7022677170835,2846.303894057347,6249.286862730633,5471.576226784785,5320.104253370968,3455.1270781956373,5511.892689987216,7825.782380103936,5900.349962777967,6378.300735917215,5651.6359597533165,2954.36375185848,5848.403011305865,3059.2316033768298,4419.171920642695,4465.378154230943,6771.3139268077575,1581.8966138829953,4457.930100589377,4673.137272048384,6039.920098190535,5768.520336295319,GA
13153,149.1668066028644,1122.4875490865743,2051.484868474813,3221.6131819807533,1251.9309028341345,2908.687127271343,3642.1301892833917,3545.501796843019,2639.339496164125,395.8097422182708,501.5780201364372,1608.8902120087982,1565.9047657322062,1143.4095090357273,1246.2792468411108,1084.9451190471307,1266.0996216662832,1270.7835627632014,787.5499989843868,1117.482001177294,976.8566774629637,2676.9889620101567,3127.6463734559325,928.7446215735227,809.9437614198246,1098.3631251927989,510.1447838652329,3622.1170711341215,1234.637752803506,492.7925454104537,912.9005934183267,925.124989304892,1352.9954548100357,7327.4329570920045,1149.1998807905945,3507.414052616081,684.3069807233784,3531.4590653499395,587.8498605774014,1251.246007613649,3473.9552674434703,3175.7437209246004,1446.9229611766236,840.9689832887686,1008.1305671670616,944.2006476027466,683.8688526737956,738.3994113093664,841.0853127512056,2354.41051909846,1223.8686643711906,7211.136487879514,1431.8187324500113,728.8366189285332,287.7167520071845,3213.771442332408,2135.9742234409864,5636.770105355839,1243.101106197558,1463.8303547342564,3146.273179161973,650.4409930314746,342.5271483198573,1325.4591691366354,805.1325042897203,3318.1877891068034,1493.401794455291,3083.0665966419187,3199.816834919636,662.7648418446718,3302.0252719306372,841.4954850646834,2557.4605546956313,7234.636653788224,1170.340374275184,2135.940785651755,7424.478199984952,1196.0750850087502,313.1857352647207,1434.4477551889347,470.629145285856,1342.3658003354012,234.1986326283108,461.5529691005975,1296.1639908705372,302.1519055724956,1356.5784689773984,514.5237243926704,373.8669091063322,1702.9418305882211,831.9385045193009,1287.3181603595053,400.470998061407,3048.7271300378557,530.0109588802923,1582.1585189578586,2022.354240700888,829.2208903562511,1378.1072215239374,1320.1763663334082,636.7477568570796,1303.1008400381686,1064.6762739064804,3314.483233709865,349.21559663401575,2774.419156212062,573.0046473243498,1616.1433975123452,626.1923584786982,1743.1305123946759,1058.3764442983802,7142.967230948402,1266.362962370789,376.6302925019239,288.2536159356484,346.67010877728325,3645.775169420529,5566.454089453869,1127.7552653095904,1681.8638341912579,1034.0398764654933,309.01354777674163,319.97272411414366,1695.2540760142733,3598.289178001037,602.3208583826048,571.5252673615298,960.8355698468484,4737.881607627893,2591.7625108775524,898.0910668558336,3485.0880065555866,1956.9693827680808,3031.012769297016,2440.08529813529,1174.9895865314932,3346.2438850383764,3375.016770658004,741.2574541536426,238.3540430537493,2658.8280202863643,1169.0951954746292,957.1367838685651,1692.000854868076,441.28176655833056,1054.988352039099,3694.477048852517,1168.3572725890792,1169.1749437045942,788.776023746562,1378.0209911425318,1574.3500171518533,1428.0625407652062,1058.8830407082612,637.0407556680633,1392.0624292848156,1877.101948107814,2118.8356688666668,188.16458664085732,1521.1135386335293,953.2150861746233,476.2273579950457,2266.870314505933,2215.2324025126686,2152.6760256468187,561.3349825085016,1212.6244435729875,1375.8594083692042,3409.4028060511278,524.2556946913462,2353.030604241156,564.3100311738891,335.1120952267624,712.9344064252173,4485.786555427282,829.1625341397247,3580.4410131775862,684.166067433583,2502.301852819375,461.2265841663195,835.4218530588423,2253.944753866822,1314.4810419413534,3504.761498218199,1487.0861915179605,1007.3105342744764,2867.201917609619,2229.8974326426664,257.0609386241081,1150.4166568130627,2757.9440886515004,12761.886768962522,6275.878661623262,877.1732959373625,820.532745688064,1099.704095118042,618.8918786371318,948.3974052974656,2293.860209518362,1492.3414017839614,1232.812186347661,1755.7014502774027,2287.0611412561884,1347.1745229079593,4748.928374175006,1231.968862776384,2762.3699969234017,1552.7049301407815,1464.7107534106296,1015.1156293520507,1616.9354793423875,1254.0294716899054,1046.784642160902,2091.376349113198,847.9998782616342,2869.3486119209892,2062.770240949113,677.266004137893,1183.8690099802075,938.6547581333288,1519.9612795169405,785.3507555362578,3264.2696697839283,2278.317544592566,664.7107265519412,1282.8519081257264,3444.578308629757,1431.4479520882444,1113.5760050056567,5701.851558255419,2930.419821671214,2347.147139673525,1037.8733755577161,2307.4604866175737,1614.4962039656275,676.9045870173019,1501.9587028628025,2644.151677191668,7259.786400514912,5775.4670289218775,6242.422259555371,5692.730901587307,6400.808971846599,1220.804380740239,982.3563153073326,2419.749989934175,1505.3587797828259,3489.166331279061,1386.5910131730298,3692.060121162992,2596.372795106135,3241.615209370498,986.0907933934126,3487.1663511574156,1608.760414059266,6010.800722122517,944.3297593449763,1947.5974572397101,1281.4891865800012,3222.687798458341,4600.0811869695735,1592.0130557969778,210.81669986386444,1524.1660298945121,677.6134648257288,3307.9800220145903,4557.035291452505,119.85429537892936,1101.6537184500025,1386.4682482617375,2919.4612479651314,2780.4016812543014,6012.149314448688,7230.309349754786,413.25859714850935,190.034041098845,472.7942930187237,1572.83125950573,1629.679256913079,5713.867784522937,3537.4803360247583,7265.044133274329,246.60813257098027,1117.5921765062726,114.20724945751545,2566.626612492985,1368.1855318606524,1388.5934096874105,969.5658681089833,1267.6000819289027,5386.570043017379,1278.09648275106,2205.1352907439195,6114.540558762928,820.880967443095,1956.4377615977787,5050.437731556062,477.96430769917885,1925.0731464114194,2416.3737027828,1461.2919218334775,6706.6899465929,1921.065535028265,1023.3017483476548,10586.5455562913,2308.058046773921,1298.4678390280894,2878.5614130692084,1662.2442320752027,1036.6280037477436,1547.0056223737606,1444.2751843016974,966.1400306273857,1685.9554604281989,1829.9234371711352,1532.8759312113098,1564.7357280094845,3234.125512814751,1535.1970268499167,3396.4906236462452,2274.997192584813,2461.194676128991,1360.2450818785742,1145.2464929420196,1576.0422624867012,1535.9139777753808,1706.9472624958896,1788.9631765376162,692.4120280247017,1533.7119607186066,667.9712511907779,2051.5746093279613,2994.257968973461,2688.97392061272,1503.9573842095515,2465.012147523776,1442.9012159323386,3645.908534803853,1211.8991887628295,2182.7034945392747,1444.9336990253198,2045.732772781648,6185.346141541759,1967.4126735916248,1832.0477000981307,546.4423135616986,2729.3359906639275,2416.82006574263,1444.891329792403,1071.182868606311,1991.9867436097063,2345.8506015846137,776.5951673504558,2431.0155139898443,1791.1633168559658,669.6090760183105,3516.0036994934917,5994.917854439917,3719.8678376344055,6143.6897646437865,1808.6614219036487,1403.2747053907258,2064.721300995096,2450.8809857560145,6333.578464057222,3643.437448915389,763.5991166457733,4803.601086996022,1587.8757934833745,2666.794708766936,1595.7164702033076,5435.71161066575,2160.2959847360817,5481.971287618585,2419.795600997376,618.5612652384874,2465.213296200589,943.4658296475006,755.7519531048765,6433.05670683861,1139.3622997627756,1459.571945387983,2727.61779551742,4815.554570806221,1454.3122062295279,1520.5334576375747,6462.044327328198,968.7977573122687,2332.694230344529,1878.909691526096,3382.785104451073,2092.5989009854006,2284.834006120137,5726.188639859059,4810.329282164904,1806.0779687831168,4778.022361362291,6490.8270677954715,2977.020715056823,3338.935938310676,6454.88006740695,2290.771629314605,445.2637180805651,743.8324555008438,866.7797233324834,596.7795778304796,6454.662407960934,2055.7689515599372,6261.810485510686,1077.2484015901614,1545.3612246770144,2108.8374404904284,1057.8375089255903,692.3950663337167,1658.5006068994535,967.8546660721736,1162.680236106652,1783.914719886776,1657.6665612736188,1994.9615502149368,1931.1516527163965,5769.313854878154,6658.7609116099475,1558.7973468641314,6147.818498586207,6295.757781457229,2028.986036425935,6253.3111520115535,1811.8276959944449,6293.646608686581,6715.964828918863,6318.381665590146,6129.661197555006,515.165587540867,6248.974957392364,902.9853179384396,6403.322977500116,635.8697174711714,1645.9764138929156,1582.2218784419128,6186.481313934945,974.3187567949783,5906.091853930781,6284.6786673509605,2599.2714306467105,993.6719724123793,7186.1457247454355,2447.9143867637063,6254.535025634104,1129.9118553765095,6352.67727962425,6395.857544342206,2528.396858699864,1593.1527373252932,6048.993692406077,6302.196714512118,5539.692379748353,6434.956313657642,858.6526153346845,5733.313172459713,4663.612551882398,910.9851450354305,6005.331729857554,6252.415104477628,6193.199083447241,6403.342055936329,6424.300273372117,7245.519277847693,2816.0882935625787,5925.380918129095,5738.686628466594,5784.333485059757,6253.85279920248,791.4307018601141,6029.284164992964,5993.807212717729,6222.604597182715,7419.31029068968,6241.513340899269,6829.457898247522,2420.157834669669,5514.310740309217,6234.701198056167,1680.2502529947878,7177.859146406494,4715.037115998194,6082.58010269295,1739.7846788752563,5760.2497082912805,4545.183246387126,2624.974977703616,1047.4680012255726,6046.136593949284,5932.353831510872,6239.810638886676,5873.898296916505,5532.389143753607,4471.538341170399,6522.134780102166,6032.301555559167,6405.012877114252,6284.8137934342,6651.5203054893445,6640.238066465743,3636.1980057548512,3651.7543681300654,2278.693581966569,4577.176608193716,4821.931497787014,6273.829535668023,26.10119222663793,4545.314467751378,6406.4820352965135,3215.1922801398214,4758.8864668300985,2858.8847426655225,2578.877678220277,6166.665626081277,5795.823197480418,6287.363333233418,6158.083476036494,6134.666828295101,5571.897319027217,6052.567685046018,2638.5594055100123,5418.8252320362735,5639.322412436213,5881.500858614038,4834.164517380576,3706.210585016495,6303.364886959762,1328.74059171517,5707.696133357204,5254.1307309068825,5681.738041011079,6221.804029651154,5699.423011845163,6149.726096029034,4697.884471529866,5892.948754202282,1414.5830587775674,6118.424707931661,5408.104596394976,378.47859267754166,6483.924801934261,6032.276561149027,1139.5849127220129,1160.450298288591,1014.0113318237883,1300.2742255262012,2949.0583759037927,6368.8560044579835,5588.328478657367,5439.070130100327,3534.9506924845728,5628.7794287027755,7940.659557781818,6017.515013573531,6497.228377847597,5769.841569391709,3019.400072113891,5964.120328377502,3121.649027396861,4532.712244775106,4578.5642965664065,6883.348526826774,1648.2066391861074,4571.878795625127,4788.860464687708,6153.536107456428,5882.60972810805,GA
13155,250.37206014600073,1224.0734253022222,2131.0569190986785,3278.906318668867,1301.068161001736,2972.0349769969703,3730.2825536828555,3613.431057581933,2693.3138046898794,455.7838699232427,400.6479984424472,1709.8631565425526,1614.9224204815234,1165.7234419902613,1298.4338114221805,1179.5905597229207,1316.3517284556654,1322.1587329295387,686.3839329752645,1169.8958916470904,1032.5564712603598,2754.920237107993,3180.845367046639,984.5745625717607,708.4832126093423,1199.9299957895505,409.8377767361593,3707.0942325402425,1283.3829246041282,592.5480898074435,971.8625616254527,1022.3439168665126,1381.1610796266739,7381.373191562162,1168.2286623260927,3574.6735527412734,690.3651204674429,3599.6330110186937,630.7978386613985,1341.5454734179534,3544.5135433656706,3232.0838893909718,1471.3452120002555,942.2467747108062,1097.6170831690442,1025.211080047077,582.6135920304077,837.3207803567788,933.8614511135637,2268.55455831068,1325.2585995175384,7263.416705517846,1484.445060697755,628.3157712379839,195.34305477099355,3271.821760198269,2195.95593941932,5735.589946965803,1322.5981308079774,1557.7587981458976,3203.702013373128,730.2300049105232,336.64866116355114,1391.8432968633508,852.9014801291977,3390.816853463203,1540.6756996492443,3165.9696743647137,3256.667197398445,764.101915888619,3391.908279803927,876.4256923360933,2606.062440819585,7284.894240574998,1269.415241662619,2181.1752508186905,7480.341418280523,1269.7230165205208,391.74865851271386,1494.5821680134145,370.5803228528226,1439.7379420446428,204.39794337814618,467.9643970061907,1372.0277677954366,378.9719910472116,1426.501731558497,414.8657902473257,472.27438030850533,1755.4767960140384,901.9847938252564,1389.0126985693803,393.10360243797226,3105.1778060138454,587.2130378408381,1635.0749401350995,2098.2866522825825,926.5823412616403,1457.068928815849,1368.5808051633326,535.7032135770548,1355.317457540849,1141.726413243827,3380.0590466304634,333.6691227293431,2864.025423156795,473.1962560197513,1680.2196731868032,725.48416517996,1787.1047954324758,1120.0999079300666,7192.468371194847,1366.3866680247086,468.8152822593051,328.728621305839,431.2932095380833,3727.946203847159,5666.934746432091,1174.5078638016075,1778.9235447289277,1118.5974878753243,277.19651410698003,421.3790060986853,1749.057549503646,3677.0458272351343,646.1021992939454,582.4986454882104,1048.202682842149,4835.738762837289,2682.922051938467,797.6971680866701,3567.9378521399717,2057.229041306522,3121.1447434515235,2355.842381050094,1227.7046120507316,3405.3087965294353,3462.1243753805657,759.0688512435561,168.83091915774625,2744.3193469816633,1226.6419636702458,1056.35877657043,1754.3029411382172,343.44740664326116,1155.552031904678,3784.5897200544514,1263.9754365237532,1269.8997146120862,849.2718029333603,1479.4037493605483,1574.861821719386,1437.3889461836677,1159.7317161305107,704.3655109366522,1493.2009990527786,1930.230792270211,2210.729670529964,231.72899089893528,1520.135333973551,998.4273364993269,483.2980033724582,2179.113770661489,2291.1274503950685,2250.452454765576,567.8536336724,1274.6135120140068,1474.4539972199982,3470.9042207250336,555.5891793418472,2427.667667602706,464.7293662137586,233.56672537522329,813.9003904943477,4581.623170566392,845.2596166577213,3650.558670619565,768.4056982200601,2417.1355391599354,547.5062576765938,874.4282850698588,2322.086819754225,1370.4228343780048,3570.0339724995924,1587.9585125556378,1108.6254275977437,2959.518991528683,2307.135019103137,304.0839319505826,1247.8821436455714,2842.5209424720038,12847.806385767066,6374.612916932825,975.0010472691032,913.393661517518,1199.0485435386324,637.2296943947413,1024.560593049015,2392.727460011913,1583.9589058007489,1302.9123929183575,1857.385721743516,2359.9856708223388,1382.3411924823556,4845.7574261889395,1328.2669593771489,2828.793258839149,1593.255935790757,1566.3447863565812,1111.0075211432768,1682.5433296439678,1334.6439133171675,1140.3872579499973,2153.9379862802025,879.6223484227777,2959.9626974348876,2163.4214912393663,695.5535103614882,1285.5408284014634,1040.1523722436502,1516.1242593884692,831.4836933043438,3326.0475935889617,2357.94898376152,754.9652194504848,1352.2318652304234,3513.144736179456,1532.8806304646298,1197.2182944620542,5800.32779643641,3013.9450384044944,2259.5080529329125,1108.4120849176593,2394.117493097443,1627.1415190932648,737.5745231612697,1547.9062033204514,2720.621853881561,7312.912080324358,5872.167930981214,6343.452682370124,5794.357407859211,6501.194639609123,1250.3127260226238,1082.4949457164048,2517.2367224579675,1556.7329382122698,3576.3620986124074,1472.998089320639,3767.746261234331,2656.504852148782,3330.2318732157737,1029.6751286798303,3575.82173099515,1698.5843725544769,6112.472180815528,963.1143511001953,1999.5499745508155,1320.464755847335,3310.7092081451924,4696.97056659742,1631.4186188361386,208.4391665508937,1567.1470790375351,705.9200410198198,3395.0601738968408,4653.74050274233,186.56887007539598,1146.1357257346049,1446.9136011883866,3000.6067888350517,2863.3573947071613,6109.543123046232,7282.85623300826,438.60286983812114,91.50609410883172,538.6875351865474,1668.3658610442426,1681.3394590212686,5811.798565373049,3612.2670383008935,7317.521842166673,176.03362120954205,1199.2459174959904,87.25179901567654,2655.064033058588,1418.2449765678973,1445.2067697457871,1024.7678671858343,1368.7395533269982,5485.110875866383,1344.5758735481286,2278.6540216931853,6212.213698183903,898.7879487834002,2051.3823185486467,5148.652862075807,522.6950903310451,2026.357120714787,2330.8297071744023,1558.5420235447598,6801.535557199743,2019.0354962693173,1042.2637425610167,10599.518790198621,2398.549972281283,1370.1121649810598,2967.791767712736,1738.2840651042038,1081.2826899895892,1648.4726717378314,1516.3409655234907,1030.7352255498129,1786.6130436574838,1878.4444426275772,1604.85579276584,1608.1279103700488,3301.96352056982,1631.8364792147274,3457.0252948592897,2371.4324173290424,2542.7842336954905,1460.2549366109745,1212.2658801787438,1657.537368788714,1637.4969292171854,1807.8285384957526,1890.159474212026,788.7995950768475,1634.4900112747607,769.1070189609987,2150.8063513930815,3070.9415215413287,2767.9740929957825,1603.9719161556613,2550.646698383364,1489.534483081197,3731.145155432048,1311.839703535501,2265.8595862298666,1489.8430375348125,2132.1891175792543,6285.430326251797,2069.102658729892,1933.7166839793872,574.4551874082553,2797.903786111591,2331.9502486139354,1528.4409887245718,1169.3382648883494,2066.169832317154,2259.8571590773945,841.0379721247531,2521.287496254728,1878.5420267692868,743.3543413434096,3584.834325616584,6095.283853980598,3800.515538301836,6242.759897696725,1907.0277743999036,1498.4166450103644,2122.47904300478,2523.778234011349,6432.9636514703225,3731.718020285349,861.3649925182608,4901.403196036018,1646.3368449283307,2725.250456911151,1640.9467005100635,5534.58928834158,2260.265787971241,5583.0387171904795,2516.4451252698896,518.7437990291686,2543.3434314686924,1044.455042885617,850.4257585323822,6528.450829797246,1238.837933758899,1559.3245632031255,2815.1717039003493,4913.910826306733,1552.5661134091995,1566.0583727473277,6561.2751438649375,1058.6730911552002,2401.0779696974105,1929.5072999600995,3449.7581003008977,2162.6599742929748,2196.6128484572573,5823.995866373532,4908.8379880278635,1856.9982235341479,4875.622655612406,6590.071633240853,3029.9695287715276,3425.1238175744047,6553.6209924158875,2340.477521975589,533.3981006842848,827.5506563223391,943.883990480964,685.4007864748488,6554.026518272655,2145.06348609429,6361.775625152644,1136.2297703697645,1605.5424645190442,2192.2526885296666,1133.9960624435569,751.9335925371905,1760.0128911361535,1047.3339491284835,1258.9687386284684,1837.7091289467571,1729.536486161968,2082.6243678275255,1978.1302127761185,5869.852670080451,6759.009319743783,1625.9269821924086,6248.859556432028,6394.208892625459,2130.0555840477296,6354.497369167389,1869.5481308194628,6388.945058822618,6816.283015903127,6419.614199776689,6230.6060007526075,591.9415232932378,6349.3402807524035,968.9256836609302,6504.684888137748,715.074149036757,1734.2196564010198,1652.8984098462383,6285.546951322449,1047.530181556317,6004.106918622398,6385.032844781849,2695.1279079016354,1064.0572048345364,7236.527108758742,2504.687927445789,6353.262706624283,1206.5219195316745,6452.088573049098,6495.548473844363,2624.6943881438738,1669.3117609692213,6149.3605336674245,6402.604015025767,5640.84399789174,6535.617586727502,912.5636371446006,5831.061303219497,4760.52617999849,958.2484265236434,6106.347113089589,6351.201623659886,6293.660019943763,6504.250060817855,6523.208217310602,7298.6461172057925,2910.703477432633,6025.744064354908,5836.437117547631,5885.6547171751035,6353.8047879944015,876.6006023711543,6130.901060941334,6094.829091952249,6321.46592319161,7514.237341033214,6340.2912262441905,6926.750611615216,2515.7271743939755,5615.961066980433,6333.903264674643,1707.3756026069802,7229.6909019090845,4812.2873384413315,6182.8037667585695,1824.4909851416587,5861.304573045569,4641.207182230506,2702.3050072735664,1128.5513724108064,6144.018671444307,6032.013400536916,6341.353030723243,5974.6921865020995,5633.77922608346,4567.194121874864,6620.847971456696,6132.717920868362,6504.640558621501,6383.508198853883,6746.447262968492,6735.1538298751175,3724.4430030078106,3740.6229518737855,2349.681220162396,4672.946713424564,4919.35805905186,6372.523677631575,126.00817857476055,4641.156792857492,6501.774042254078,3272.4073131762752,4856.27809008681,2919.2476030072467,2645.232497980409,6266.236610609771,5892.621752347071,6385.194901881423,6257.757468678222,6234.247351164692,5672.867167736548,6150.396464812607,2701.5268737709757,5519.943822200059,5740.166997274662,5977.6618756435255,4931.751788286217,3783.5790183065797,6401.150347784219,1344.8344696970887,5808.847228923477,5354.790745391102,5782.4106211457265,6319.549852253821,5799.915847861095,6246.070391658551,4795.598876942539,5989.557983791436,1515.8241748488674,6215.971770614631,5507.533283979952,444.7498782252121,6579.123917685386,6129.695950946065,1157.9741524776732,1183.9046085897312,1098.5252380427842,1387.6680540403518,3036.086096017515,6470.296345075887,5687.050006200931,5539.871151507851,3602.605802497334,5727.622510240754,8037.618178045616,6116.604475020981,6597.983864361414,5869.904511908314,3075.112283336823,6061.894368158375,3175.089088822332,4628.623000324868,4674.162323255736,6977.801377935675,1710.8363633940696,4668.144478233822,4886.682243391453,6249.424889094234,5978.9308706409865,GA
13157,96.95430759064104,951.153837185492,1974.468336200754,3195.0214042297443,1255.843258145376,2869.2332422194045,3535.9635775596503,3493.652633911277,2621.8818110541265,267.60393454139455,669.1111259970926,1452.2651770284115,1425.6226420761914,1200.9838978332984,1103.6555278900903,898.8131688126241,1126.1388782805325,1129.104680511273,954.2007341825432,975.7485838637546,831.8862226478543,2602.016389935551,3110.2713702443684,784.2867687705258,978.8289755343808,926.7677023420437,691.4242429558493,3525.494200717973,1239.6687900472964,359.71974050931505,763.8883624527706,796.1195889088814,1396.763581795856,7302.843412410162,1212.376178435636,3457.24514122319,780.6305104636052,3479.050972289064,476.2411507881137,1146.817104641309,3415.872900149765,3151.3812000036323,1496.3163564309386,666.8726690159867,823.0871527133488,765.9539080666939,862.0722006371777,555.6688591540216,654.9761418165048,2464.0084523416344,1049.8918713295282,7190.180740650136,1287.1108158434947,892.215901253599,441.08028315961184,3185.515678102524,2107.462268901414,5490.181230655776,1065.4335359277788,1344.0850937365942,3119.580694327428,595.7432117477814,354.0750757872788,1288.9413248634125,676.2227163158009,3255.296509194412,1356.138116687782,2993.3615303438505,3174.263269252881,490.08205537671,3190.8802194435298,733.4480416032733,2551.8238726962563,7217.9399585972915,987.7046894407698,2139.3876330458816,7395.6667325325525,1142.908399324216,301.2323542646428,1279.2105792867505,634.8692989462993,1208.576339826615,312.9198127198347,430.5719996413598,1122.0980353542625,149.62550511015132,1189.1139353574365,696.8841422403126,190.75895029312105,1556.9254565925671,796.9932920500081,1119.6070887740498,530.3951144705165,3024.475178399386,395.55672934130763,1436.1760512236667,1955.3651317599185,644.3847283787467,1307.8550010368222,1182.52144840306,815.9012344455002,1159.9093130089232,1004.524049977289,3268.732543385537,491.95639074344496,2665.1171747600224,755.1017440963765,1454.9837119682832,444.3591375483837,1751.9560826072425,903.5603208863307,7127.9281706299535,1118.2477883874376,300.11291321365,226.1201614017503,172.28895199075055,3557.1117999265625,5410.660048922925,994.6170483537976,1547.829742685194,952.0105631962007,469.0920037531938,180.77275581564103,1683.7021615271094,3519.017289724887,638.6290174604222,520.6620188736449,777.0911124223716,4596.1244320916085,2477.720205582333,1078.842569407412,3394.7796870817797,1805.0645903979687,2919.502427011776,2545.207443033389,1032.1969307196857,3315.3860874624684,3272.4396077800598,817.1115508630327,421.7759950416573,2562.583174683067,1019.2512049089996,774.8543389566962,1661.230239913553,599.3263342545939,876.3892736138928,3582.0584628139095,982.4879994820302,1016.3111260049453,639.5532611569363,1203.769696597228,1662.6462972083054,1503.6391780930735,905.583900602677,480.5709287529503,1215.9617338455162,1729.572170508459,2003.5699035215619,170.25605857965326,1612.2020462981775,971.702890999168,582.3601555772352,2381.830709132544,2147.386194895225,2013.9256817837327,662.8048569556955,1056.1770554476316,1192.4221918621076,3372.8814142749825,439.25720073679014,2287.8849316746773,725.4454419139986,508.5903740071568,562.0343663238598,4352.5600614941795,904.7628811399322,3523.225289968732,503.9572169297947,2609.6759781055302,280.9560401211591,720.5334036750412,2205.5718633035267,1165.7994167401575,3459.300442147256,1331.6812632752842,849.397389090834,2748.623406695322,2158.413386655748,332.83651839114896,965.685899689222,2664.1525980006145,12657.25463764237,6129.5045866152395,745.7110168574658,634.4137883605575,917.6066350655639,550.8302705266385,775.4559244051358,2149.4649285315886,1381.0955024135894,1065.6554917034687,1588.4444817777658,2226.6047919528783,1377.852475039902,4611.566293369421,1046.4106062039557,2716.1362097910073,1425.2020197449967,1293.7149667086705,829.3387294259105,1453.8513336130598,1075.2678032178799,932.3271515201036,2057.1645655382335,896.09468750836,2756.550209135157,1907.8934637505176,605.7134603936727,1018.3770733461296,778.4939117764311,1615.4541957235724,807.5400447349878,3227.4619504767934,2200.118249778646,479.68505750687086,1116.3531931436285,3391.405633366964,1270.2624584891928,932.404581438272,5556.877807826835,2839.2708411252556,2461.565526128837,995.9073528554325,2208.7263823418466,1682.689654721347,530.1286093084645,1509.1262338627068,2573.162306400096,7236.9917348692225,5638.155553648225,6082.442214674381,5525.816774294248,6245.437978052548,1264.0797438245406,835.389076749619,2281.795956101187,1362.0068612783514,3386.1454556674935,1293.889250063891,3620.677958896475,2565.380999947441,3134.595584812981,860.1378182892109,3379.650050774269,1503.0244796865425,5842.582753495961,1012.2349494689123,1938.0786566499132,1305.715485464432,3117.556649559369,4462.551588654532,1611.4688360570278,358.83411869319724,1393.148836311228,587.761161502179,3205.595076776381,4420.290291820239,220.4110767323257,1118.0628529549033,1363.3020381700078,2835.064293942091,2691.2492634016385,5871.877204746563,7208.771584651941,353.23599843602966,373.416138060494,470.83447485365167,1445.9419833788434,1485.243533058663,5571.37320973133,3468.683826492921,7243.62750955013,374.74517645188416,1043.0755697116656,294.566457627755,2461.560932811682,1227.6746336664482,1374.1539827692848,966.2051239754703,1110.4236407702062,5241.404932105513,1115.2762738370334,2143.5297215982464,5973.035934139974,646.7402688397419,1830.3554248981,4906.920619541597,522.3530621792742,1764.7626077703824,2524.973319515844,1276.3838962304828,6576.144651046703,1781.9730220471668,1089.0566381454826,10639.288379865522,2197.0109663778867,1249.0445615844985,2770.254826541729,1597.3447014407222,1054.1285746375204,1373.4082716480236,1273.9986896003807,808.1827189031449,1507.2977186987575,1828.5906370966752,1362.4532465797306,1432.8223155651146,3183.182221113665,1349.8553454362598,3362.198484991214,2141.9322187776543,2376.8580859985527,1211.7699961612543,982.4908923644313,1496.6093393267722,1372.0166046499312,1550.8962374264454,1629.8123527299854,572.6052459086773,1355.627256541752,515.8984325798657,1905.6917684501911,2921.7221743268797,2611.083997581553,1323.2837734404104,2368.886283546973,1306.9452770210935,3548.493404852902,1031.1455653720498,2094.910662155009,1311.5623679015432,1948.6186668472196,6031.877805686592,1799.5108356110022,1665.4268061765838,615.5090127959791,2678.0450553287783,2523.642936970877,1360.5244015870378,935.5526385308153,1929.7674343510016,2455.8379230140777,621.5120589537935,2320.354037742788,1692.3961765979745,502.67375729607835,3462.044244743488,5839.763492141893,3635.292571460377,5995.712634409975,1667.9416455437881,1217.2725969138987,1910.4006453760464,2389.817668562111,6183.943937929206,3536.872550913597,634.5956327620179,4662.056362681468,1434.1838791181706,2639.3260707096397,1460.8492695596972,5288.909173223368,2009.9007053477128,5321.831823754031,2285.5175114964513,779.9119697328229,2390.4009962794385,789.6639994220168,642.3624206186847,6300.581801234803,995.58218573207,1312.34047945256,2624.9247102084564,4671.488586440571,1315.526793247623,1385.7007780894971,6313.171048021963,869.9210228076666,2283.3682673629555,1734.9053723452319,3333.567573261812,2040.3164982689545,2401.018614353197,5584.2351910268335,4665.549937194141,1661.9024063541895,4637.376899038819,6341.876326149239,2960.6276250829487,3239.187387504056,6308.4234279038255,2284.02503940195,377.40590551641793,672.3402718465685,693.2575025943898,514.894289986028,6305.106237156029,1949.5640819170544,6109.020435352249,926.1904745079812,1389.5420002002866,2020.6013457015122,884.3233379660376,689.4646640840723,1485.3182848969134,902.7868526123167,1035.3521735697702,1635.8076854076571,1603.7582783327443,1894.2842705075955,1932.2992086326126,5613.081311762936,6504.195489455277,1394.0213787001087,5987.767221060088,6150.712048922295,1870.6862539766366,6091.962568886721,1790.5923133992746,6161.5839271345885,6560.95478551572,6156.583808998773,5970.398446879978,479.09943142688456,6093.766805404164,876.2240740913155,6240.178841789449,461.98107240419137,1545.2812536460724,1413.16020194442,6038.5144949830055,804.7836900389145,5763.154470436274,6129.533401597636,2467.9545210981673,827.5905984988929,7169.225672089435,2425.083778745451,6108.198581984686,955.5904126628352,6202.901550426626,6244.575701157792,2395.3973324535887,1528.511091175869,5893.821310250319,6146.708238002327,5378.7975969929275,6277.739177072717,861.5254356426559,5591.616059928762,4525.9468195745285,780.4660758480957,5845.521616137279,6105.796885740879,6037.386311325857,6244.316257250023,6277.045229004742,7222.732839453425,2689.260485166863,5770.261270418849,5596.977238738744,5621.733364866221,6101.140516072525,609.8136838601052,5862.532205444978,5833.945547377719,6075.6330788205405,7288.2193222588785,6094.939828089888,6689.345646145794,2290.3457692391853,5346.831490574215,6086.034612623957,1722.3214770328095,7157.881221621688,4575.9300226824935,5928.295068143262,1649.6341472425954,5600.1581425683835,4411.1842798329635,2551.769414743716,868.7857009716162,5903.741936727336,5781.3634103695385,6074.364144866721,5715.844219139273,5369.074056182497,4339.0241728136625,6375.791986381952,5876.815038934121,6254.073027620139,6138.627422888449,6520.697560460821,6509.4606080177255,3529.7529133345533,3543.346023612365,2223.1722452263252,4444.151643432549,4682.016187315709,6127.647603236238,160.1066518750882,4412.027975258907,6274.399810364708,3188.790519612512,4619.1529869678825,2826.446993475171,2533.4487201647185,6016.09220924692,5658.1066127343165,6145.111946042634,6006.954154155138,5984.050564108613,5412.5500989014035,5910.4053291732425,2600.890976890053,5258.25323043774,5480.940587826226,5746.29916328268,4693.548111454886,3630.430881165129,6161.310054841529,1394.200983536029,5546.771554679726,5097.193344691238,5524.6043379043385,6079.9482815507145,5543.514821998599,6013.697932432746,4556.779327941151,5755.96134588453,1255.813678451111,5977.462103743975,5258.510907763764,388.061497852024,6352.159484972452,5891.8887420223255,1204.0276827943828,1215.7094054498461,832.3191770186291,1205.2484270723046,2847.4960400991304,6204.799418936602,5442.231032803059,5281.063183380094,3483.779767714885,5482.080139963395,7801.61308362804,5869.477615379421,6339.328724923487,5616.603680747243,2996.860834392819,5822.227878900624,3103.769632397952,4399.165944698956,4446.2046401822345,6754.1610276137935,1488.7841841881398,4436.904150660951,4647.235666625032,6019.285668612412,5746.776565546687,GA
13159,77.04585522451082,1031.28423581293,2003.6955855486206,3199.5862779534045,1243.2498320838386,2880.0398769101726,3581.058425208346,3510.9446729328783,2621.6181496007152,328.42039661739324,589.1401338860918,1523.9446465716244,1497.625135842695,1162.6787109715187,1176.4163243198234,989.4387082413368,1197.6708228739285,1201.4524919483372,875.1600631826843,1047.896446900327,905.311218281052,2630.639699301129,3110.240781940662,857.3576707562984,898.6485707322067,1007.0462871387751,604.2864294692868,3565.626053390693,1226.4842673789813,414.6193034811732,839.1088021845674,851.2232444973981,1365.4126656541052,7307.329752423388,1171.5098062339712,3473.679737311776,723.1267760515932,3496.618789347124,531.2711424235383,1189.2976547023416,3436.2764057577747,3154.821984026799,1462.5214628699296,748.5488422300496,914.1454947347318,854.6202133547437,776.7835357714124,643.221050587517,746.0395556119151,2415.2989837365553,1131.7217755682784,7192.860663615428,1361.0541355037058,814.7735273935097,366.49748126329,3190.9013845386603,2112.2634645892267,5556.998182618958,1153.9761407211204,1395.160076998415,3124.160836128983,609.108019677704,343.0966210203911,1296.4779580982595,741.3273857562629,3278.0708115157977,1426.663618611458,3029.7421130089647,3178.304336794817,570.6156410566175,3238.4873011035716,788.4481964565451,2545.7006448276306,7218.526922090706,1075.2650462615768,2128.4838539139137,7402.250545256405,1158.5058243173175,285.42892081641435,1358.0159768423614,556.4219691498886,1267.177439901695,267.7511604634616,443.32516705422006,1209.1738454508645,221.61808573230545,1273.3681914509332,609.1142930846462,278.41477999265334,1631.6850061091147,801.7749217886686,1197.6165033967134,457.12018224819883,3027.8002518655,461.6696316256739,1510.8365381478711,1979.4252857679594,733.6345633959493,1332.6645165389045,1253.0362586941587,730.0514419146068,1233.0079154679293,1023.2617921274195,3282.877349424737,413.52711773931395,2711.575838296245,667.5159488404607,1536.5706933023941,531.1915224245278,1737.972981512506,981.7907721902852,7127.688586887267,1184.796183498964,320.0201083361053,247.79809451104282,257.79969164589863,3593.14371314818,5482.51149323185,1062.6861022515018,1606.9140371071167,982.008492932792,384.5298474957769,236.2865997346656,1679.5820320601727,3550.2197010388377,607.0645834764451,545.0969211958081,867.8106357196555,4660.252213848982,2526.5995470985185,992.1689906573422,3431.610623231521,1874.2287006072395,2967.2168506992216,2498.80056407144,1104.9377545920602,3322.119777152412,3315.590881612833,768.8608732803173,330.78311521644014,2602.165373677034,1095.3026541673778,862.1261567447012,1666.6109788872366,523.7242107373896,961.1380750519968,3630.434857906021,1072.7417325725355,1085.4732540687316,714.5474591329724,1285.8260849901585,1611.1449825376685,1457.7035538768348,974.8559453468872,558.5752410022027,1299.1866646430558,1805.124960754686,2052.844310969567,160.39737785982697,1559.3683814104782,951.016115999925,519.1380558941622,2330.3636955584993,2172.057564842905,2075.881301470191,602.2774383936056,1135.3487774500438,1280.5895459853778,3382.4563532025068,480.02394605235327,2311.2877144590866,648.7887187608351,425.2323760252002,629.103353455519,4412.079024779604,857.0977974171408,3543.2296645498327,593.2729584244316,2562.162456672521,370.01434200236054,778.8713614540428,2220.409343131917,1241.4763065473555,3473.374680996225,1402.5876944634463,921.3073118516996,2800.0118077475768,2184.9552618202824,276.8525487341764,1054.859501186416,2702.5084093188807,12702.49586731396,6196.245809430279,802.0478779768813,725.471369518778,1004.7697191997787,584.3665503126733,861.8575371189729,2214.5791909017003,1427.6335598582414,1149.7026936244965,1666.3716442581522,2247.5744719229424,1352.6658440212302,4673.3298665842985,1136.3309028926062,2730.254409115121,1491.1982029754924,1373.7926266348295,919.4888461618357,1536.2941768321834,1164.2477290297168,979.7337819257671,2064.7579451448805,860.9967973822432,2804.885418127233,1978.7734522243609,641.5720279147628,1094.9849188422302,851.6446174759981,1560.6377666905275,784.1463544584233,3237.119272771848,2230.1408792195816,570.7155227740889,1200.139328104969,3409.32584853331,1344.4820509013175,1022.2712096431528,5622.824231101197,2876.3351973854114,2410.4135784515865,1005.2754380726884,2249.40934437734,1640.4336266631854,603.4962817270406,1495.5398564178718,2599.732386256971,7240.5841747026625,5699.986669077327,6156.649775067949,5603.918234947171,6317.09770186021,1232.6382033748594,900.858741639516,2343.426110941164,1435.3859594814032,3429.5607449614918,1330.4124175045886,3647.888262545853,2571.786191017677,3180.023872533125,924.4185632001632,3425.408965996133,1546.7761746330937,5921.442425498513,968.533102101514,1933.3025086915327,1283.436596438343,3161.992296447177,4524.388623258,1592.124317455737,276.84019528870493,1460.7713528506868,632.7070320507771,3248.6258379557157,4481.701300450807,146.74802336350166,1098.9741689805717,1364.328732671101,2868.6420685612193,2727.214482208923,5935.312289642304,7211.740726796017,379.12998246917306,284.76279505431353,455.26240362027335,1501.0218545267942,1559.2240393424047,5635.981921277711,3494.5307484514465,7246.54140984781,310.0183529636523,1069.4239550870884,203.7930900969032,2505.7029775257847,1299.5905727752445,1370.8744799897486,956.1220319198303,1182.1872199080728,5307.431997441131,1197.412381607055,2165.015476648004,6037.140131254199,733.5566290985382,1885.3171161170544,4972.0284740442685,485.44061225609056,1838.6930194804029,2476.799363317561,1365.7145683060587,6634.446986830497,1843.9981705147898,1046.6225122111898,10606.640220370084,2244.1641311337708,1263.0196027377922,2816.2320209264094,1619.9037676961937,1034.2736156977755,1455.105919494032,1359.5163520381354,887.7482910426253,1592.2148935320602,1819.6634648141226,1448.065505278024,1500.9074659120188,3199.8978771478637,1439.5696380945653,3370.6589681735704,2200.846321957704,2410.164547791945,1278.6199630814208,1064.4902315664503,1526.5208738127649,1447.8805154018203,1622.2975334116406,1703.0262528656253,621.4959728132188,1440.15153904639,583.5034447326261,1971.5325561426125,2949.2595033489147,2641.207605345943,1409.5119037985528,2408.303810903737,1376.8045738079245,3589.0418693302618,1117.3870751933698,2129.8126053409387,1380.207538026788,1988.2658502941968,6102.480762055357,1877.8745658814246,1743.0002364877755,568.6478923589718,2694.68479023703,2476.366373249705,1392.7848064054172,994.741958675392,1951.365381206218,2406.9273266226933,699.3132373066943,2367.3706392296745,1732.674299018124,585.9014342733122,3480.3864478324194,5911.284340934164,3669.246130581893,6063.315378741559,1730.796613477641,1307.6901700904132,1989.1092780612191,2411.216833049284,6252.458753514352,3582.175466316149,689.0935460428421,4726.075967059207,1512.386773483114,2644.0284788885033,1530.348918687885,5355.827906399863,2078.2966999469054,5396.094626350342,2345.149985531129,703.2822548833362,2418.815635506201,859.0450920439191,688.0334155649231,6359.8867398425,1059.4980744684815,1378.5759227007502,2667.9003126864186,4736.872449612879,1377.027961238934,1455.1132105968095,6381.2786369446385,908.6361919875352,2298.749893611701,1808.8437139937405,3349.4774865653944,2056.9782355413918,2348.940518636951,5648.553334568019,4731.319979429375,1735.878172193917,4700.909011939537,6410.027568381175,2960.0379713848383,3280.856777904401,6375.219752594528,2278.2374686948997,394.5156542389111,695.2895678999638,779.8444659265617,542.0100203097925,6373.5848877457065,1993.9947762351865,6179.255225093038,1002.6841678731523,1468.6864466335978,2055.6747649323293,971.0509808250044,677.3490766757224,1566.7874382537784,923.6700326530793,1090.0955515332705,1711.5749750664636,1620.7133575651974,1935.7572271843771,1922.2915441259936,5685.186014117749,6575.4235452829025,1477.1868336537127,6062.0106381641735,6216.736039706159,1943.4987799954638,6166.935449293262,1791.4138990177648,6220.65956167571,6632.429850496753,6231.810929887817,6044.201540121842,481.11091541961184,6165.329723457865,877.3288165231627,6316.165483745551,548.4263500250346,1586.4099819497055,1498.204494122663,6106.114143936154,889.6923429085783,5828.015527803765,6201.063364263719,2526.053565540284,910.9549894531864,7169.916176325247,2427.337432136207,6174.9181607987975,1042.7034347944611,6271.494296620194,6313.992174510211,2454.3788708456573,1550.8323455579434,5965.354798763186,6218.42815814912,5453.486011083246,6350.419836094987,847.8323401978769,5655.796742852439,4587.864053677091,846.7415469412027,5919.624442968228,6172.668942680533,6109.279993551874,6317.9989136269105,6344.272307832217,7226.319399719839,2745.023199333346,5841.759446841841,5661.164927458328,5697.3903500471315,6171.332283517207,699.7522782605586,5940.55213750904,5908.0766386457335,6142.694822847847,7346.858882849731,6161.787020974704,6752.748529600205,2347.564718733808,5425.250634772506,6154.017275325788,1692.3543142102405,7160.075256342237,4638.627375414504,5999.341612456147,1685.3412397780853,5674.407256755343,4471.123422033687,2579.4599429829195,957.6725861663223,5968.320258594773,5850.595530070503,6151.6472172732565,5788.963625842642,5445.123685941845,4398.1609842367825,6442.530510480708,5948.52093195515,6323.303245298421,6205.267559265121,6579.14275387313,6567.880998631761,3574.991508521986,3589.6134196209637,2241.635817837959,4503.574417066798,4745.159439218103,6194.284684088208,69.63877022461722,4471.5864543645,6333.494391669533,3193.2584159149574,4682.19195427985,2833.731047298584,2547.050084194941,6085.109737140289,5720.15605348919,6209.6291198591025,6076.274761766004,6053.089714773955,5486.374777327478,5974.8590566611865,2610.6486744541908,5332.755033678347,5554.230800387384,5807.012108159971,4757.07015775627,3659.883859912986,6225.722552495047,1352.7161429850391,5621.48432938213,5169.6603828740035,5597.2035488568135,6144.248416480235,5615.436541241385,6074.872388876437,4620.5511702235135,5817.628443864362,1328.6147734511455,6041.275336535042,5326.947417342644,364.69980776299934,6411.091768248921,5955.387359530915,1162.5537183082695,1178.5224748202386,922.3543618544256,1242.8294100437088,2889.9736189307373,6281.2994791891915,5508.778081302914,5354.134608808312,3500.727384827059,5548.956456673185,7864.508671307368,5937.105579730395,6412.390024554633,5687.057941199948,2999.3244572694225,5886.53027983542,3103.984647323992,4458.861640702494,4505.272568467116,6811.758165383396,1569.6097050469552,4497.368368439701,4711.297037573983,6079.513195472597,5807.826441266024,GA
13161,263.15419270759685,1222.724463103473,2171.119762686321,3332.1032029362323,1357.0185607683165,3022.369589548244,3762.474796459386,3661.363639103589,2747.827667276776,409.36266031249414,397.16662390977007,1718.3489360288845,1559.263415856489,1228.3591838335667,1244.33845945208,1158.255206091259,1261.4717563516485,1267.7158110892858,682.5274062373593,1116.1053890168357,980.469402341427,2796.281367338231,3235.721152995979,932.6668130005156,706.9095358721623,1198.3779034053978,426.6763705805486,3742.531498654512,1339.4609877992336,607.2152987565028,921.4698104260804,1042.115192795237,1442.8471348809726,7436.15333422315,1231.3634437805147,3622.9808545641863,754.6209418344412,3647.425315159309,575.0253024226201,1371.3985956456536,3590.8958508326314,3285.6849688934185,1533.754627803378,938.7410985355548,1069.493497171211,988.8749318008884,592.8072263971131,825.4439161907566,910.4566404390894,2233.984021638806,1321.8240779147566,7318.843894591262,1430.3196715574966,621.2080166535799,172.0996459967929,3324.6864752689235,2247.809972654024,5750.871801536241,1284.295123861176,1582.8100560731095,3256.833066846845,769.7741019625548,272.17237587884364,1440.2855673129432,797.9919829526192,3435.89386520198,1484.4413612574845,3203.307566670456,3310.0530661006264,761.6025807133037,3422.1368001607,817.1999099201261,2662.569340056388,7341.077584966712,1256.7780096784898,2238.734143171102,7534.335656559889,1313.8391901637856,431.5747363923678,1443.813700688646,363.25768407057114,1458.9367878295593,139.81870432255278,404.2363136565452,1330.8452823360747,345.11998453547335,1381.2328172761875,434.0113814018149,461.8931188681332,1701.0758834190488,948.0901984430479,1390.340133983366,457.80873892379515,3158.7198051372634,537.8368215837388,1580.9254679684595,2141.0402031926274,910.8251653104307,1497.5183391850874,1312.9323343875474,547.6254724320571,1301.1726394849886,1183.4918359915614,3429.272356599944,398.4702428845222,2894.593424314053,491.12037043355264,1631.2728289792542,715.1108010359696,1844.9640071823346,1070.7271758153206,7248.921747147508,1378.9401916680795,496.7881293875137,275.7202451263224,402.9343865345632,3765.934082524028,5676.942253006664,1118.5100928446561,1798.61859078593,1154.3568558563381,341.44316508717657,430.3356144394294,1803.4490158637493,3717.8187519895796,703.0775783678332,519.0422181919378,1017.8480474192813,4853.382421087376,2711.6149703836522,811.3276190608487,3605.329921587125,2068.6010756682385,3151.083817586173,2319.661592058999,1173.9443836012215,3457.73070594835,3495.434183783185,822.0872132575319,226.67003883163017,2779.255361237855,1175.0136328167994,1044.5697417748072,1804.9554312450725,329.40277924319264,1147.9406575255725,3814.535016525959,1244.0753344773213,1279.8913044307744,800.0551514584967,1475.7236969313415,1639.6148063596231,1501.6728077610935,1169.2845060535542,659.6789520831735,1487.8621230601425,1875.9535653883047,2238.509972981984,184.369859431988,1584.9157111573475,1055.4768895018738,547.199478997484,2146.586677006192,2333.927917529977,2268.547805990899,631.9450078826163,1225.0836485103684,1460.271105655178,3522.192155659752,496.50873340084036,2471.348128082112,454.8249399212186,238.4713106621193,823.4865347726843,4603.281590866078,908.595099353376,3697.213710918695,736.0643329009728,2381.8635393790505,518.9968842683817,816.4114920674423,2369.780247547049,1317.8486752186445,3619.42208155732,1597.0192002919732,1115.6402834685875,2986.6849856191357,2348.976755971044,358.20798304037066,1231.5070648341955,2878.330216123435,12882.32314921745,6390.087197308219,993.5868957739134,890.1850602823523,1187.2822552794498,574.8016783856518,984.3757206324733,2408.2180843470896,1612.1659414397222,1257.9504608102898,1859.2058844750893,2404.790714501154,1442.4839901829214,4865.550481957193,1309.4607026951187,2877.5021675476305,1534.765571883675,1565.3219858364178,1091.9214560552628,1634.429786790768,1297.2411702400698,1166.0385229875174,2204.5540813908733,940.2402580392056,2989.3223547912444,2173.2099782050914,632.9745978916112,1288.2909602725802,1045.7955414803034,1580.9252907097934,888.0408593409012,3377.190354708523,2397.981744254837,729.1263172424948,1306.7398770671225,3560.7061920358174,1538.5345414046546,1162.7663307567386,5816.4750553342055,3050.7244071740165,2226.8470532967813,1154.3761288264564,2427.8964164359227,1691.1681547464373,688.9548684076616,1605.0562762015784,2763.049936718964,7368.01290767826,5892.169076594517,6350.846594625728,5796.795492228224,6511.53312100845,1311.6673955119518,1094.9355438666837,2535.8996574245243,1502.0315484860535,3609.579112602912,1507.0273387085888,3810.784019631144,2708.360316014836,3361.9169126242027,972.811732103632,3607.459794123484,1728.9555230472254,6113.902681829483,1026.1696139150529,2054.726531592471,1379.5929157348864,3343.0488454119536,4716.652043822409,1690.5612589060684,271.9930885754796,1509.4318755492166,645.4061498360176,3428.398968132655,4673.784826936343,230.41667836266456,1203.5404219009658,1498.343790615929,3039.4458974878717,2900.642198484999,6128.133735935988,7338.18135620124,378.7289816551986,129.66910788229134,586.4525789350909,1690.8617779580593,1626.6446207684714,5829.229461059644,3655.9225742792482,7372.874573037616,126.81177536283472,1237.5207097247142,150.56593751113928,2686.960023207901,1363.1687343888675,1498.3351964847727,1078.2181381097578,1376.5657133831062,5501.113922362059,1297.374067102012,2323.0635880498385,6230.201091337273,860.3697416424031,2074.767837724459,5165.459603706817,579.0096272001592,2032.8499944886712,2295.939169235754,1541.244621101376,6824.813428626757,2036.7613079877021,1105.3432705213354,10663.773819484268,2428.083732583474,1415.5270578170175,2998.79100063064,1780.9116508960396,1138.5831529875825,1645.3426931217057,1472.3185423542852,983.1172529139227,1778.5952326469455,1934.8362169723407,1560.6683933700656,1550.514535358046,3349.927194145359,1613.244730832688,3508.7724951932064,2392.190554168165,2581.2356022418217,1472.7874690408325,1165.6089576630134,1696.0094695214689,1641.5141267026322,1816.718638886199,1897.2897108803063,810.347369351571,1627.1445396294268,777.9247092332239,2165.384232672109,3113.237072076941,2808.5228791554414,1593.6847009132312,2585.442203384812,1433.1178485371358,3766.3329007325933,1301.6846123750286,2302.949541169616,1432.8286651475084,2166.1710365382655,6296.896823035365,2070.506431353944,1936.0095660078296,635.3491698883544,2845.408969121709,2296.3828360355733,1565.1429955674844,1187.0395758669404,2110.1139850950935,2225.4288898085824,793.9702855296238,2551.080768567692,1911.585040422352,702.6170525592531,3632.2470857882845,6105.720745830894,3839.787207511876,6257.350278645133,1923.880284985267,1477.3263066248676,2070.086764378789,2568.617986115322,6446.65530490266,3763.769664175125,880.2132399128689,4919.1656404799405,1594.6091334308578,2777.877553622802,1583.918706179942,5549.7298978729405,2272.581616158627,5590.274968790869,2536.778223103261,509.33879533647684,2584.542330564082,1053.4805063552726,874.6786746748468,6550.815376192841,1253.1764894281912,1572.6191821215052,2848.0180396823744,4930.395100258248,1569.8150818001147,1509.1888854874633,6575.404794633074,1089.0594853091434,2448.6444163279994,1874.2279667527127,3498.2164634954274,2209.2144115735973,2164.610658682523,5841.703201912429,4924.9518192293,1801.8877973244546,4893.827541734375,6604.161113400026,3084.927534808027,3459.374167026222,6569.070742537244,2396.5520047396835,565.6986151929793,863.9931851338265,904.6740620190013,717.2062405043818,6567.774224453188,2176.0164888262907,6373.649371232051,1085.451145551163,1554.6769007151465,2229.1096946333855,1093.5089673739121,803.2026972320572,1757.2332073804382,1087.2823823754586,1280.3129624137493,1783.766499058289,1774.9114006914913,2115.36645168802,2035.073744324307,5879.608652688098,6769.8584117404735,1578.7339753383026,6256.200230211669,6410.392231737212,2137.825576039369,6360.973122785395,1922.3451093099748,6411.476738679114,6826.866477767508,6425.786483848466,6238.4645038113795,633.4665128245232,6359.765968839458,1017.3532537019072,6509.9238946999685,678.6410511902176,1766.3529716040064,1607.8195098989252,6300.14769802192,1005.1762492045744,6021.3380022224865,6395.499808988016,2716.887598503439,1019.7919918035864,7292.664024985794,2558.0191412217873,6368.754759593132,1166.2030335350337,6465.702835380285,6508.310810096221,2645.67006680048,1711.8437697922964,6159.791153222382,6412.862658751359,5647.5814032672,6544.811123789542,966.4179778692841,5848.899165837909,4780.15638868863,902.8559703052968,6113.837911213476,6366.542039097719,6303.710648491489,6512.281364017506,6538.223069539437,7353.746109727329,2934.5134440730817,6036.195935834512,5854.269556480333,5891.242832535702,6365.7234477340035,844.6165635123707,6133.474730732321,6102.285102355561,6336.6123821771935,7537.365605722653,6355.654468493703,6945.525333617989,2538.0070646883323,5617.957241985251,6348.123966492342,1769.368656153286,7285.288127209661,4831.233892817675,6193.773731088792,1860.1585352667548,5868.592625024696,4662.527103807455,2744.108555598887,1091.9866251575017,6161.545738777734,6044.896566557242,6344.918054759144,5983.312669089103,5638.852449324763,4589.171759730901,6636.3661871380655,6142.95540637595,6517.59982367343,6399.084099150717,6769.5925773155395,6758.317875621479,3756.5338200268047,3772.018916755104,2395.7016502722713,4694.718812623811,4937.931193115467,6388.100708129109,136.6192715821453,4662.802348748151,6524.313746907343,3325.637458066124,4874.9280112540255,2971.0262804762237,2693.958967931069,6279.381340376285,5912.431260836717,6402.825892608925,6270.584299018536,6247.364489428296,5680.630286028111,6168.042619821982,2752.0229791711595,5526.888347322563,5748.559377145566,5998.680315230382,4949.981786586669,3825.4040326005584,6418.883381296872,1408.4202994048358,5815.5760898809995,5364.061944077376,5791.597859415946,6337.373622620875,5809.865553256021,6266.739862093926,4813.560212845725,6009.732427350708,1522.9027800383801,6234.232241990058,5521.143890150155,491.9818222637177,6601.819049800879,6148.231808430986,1221.1934813513262,1246.361159973484,1065.1409824879806,1420.70460727853,3069.481498268812,6474.882979454294,5702.587993788197,5548.4861183132825,3650.6928923126793,5742.844108343846,8057.0451116191625,6131.147691910993,6606.748212459562,5881.467787519425,3128.9619235765244,6079.665647637657,3229.869633812373,4650.147087913474,4696.235892655904,7001.709606193979,1661.0999621692195,4689.020721960121,4904.40185612635,6270.929458530012,5999.6522958222695,GA
13163,197.28202735541092,1102.6170843342113,2121.9994832308976,3321.163207958073,1362.5466130392422,3001.668850296454,3692.316084466865,3632.0589920546636,2742.812835829279,275.2698481217064,525.522897762753,1609.4630943604702,1439.1341928441723,1270.5998401125228,1121.0835900558277,1021.2014180933272,1139.8376753619375,1145.1505113373678,807.2258484760525,992.3576658312056,853.7273627977769,2749.233284700181,3231.42794155299,805.6651608473085,833.4485432324138,1078.1223008737095,565.2748356403242,3679.6560813830097,1345.6426895755521,517.7573244741407,792.099366113122,954.8495528260921,1477.1021080452454,7428.84396770742,1277.6483592819984,3594.8973734973547,817.1226494533031,3617.6965107608366,457.2933158525685,1301.5995038240262,3556.914516290314,3276.3313092525013,1572.6535536171186,817.4381525319469,929.956714599582,849.1026019938167,728.0402392529502,696.0359134239078,772.7050024056701,2305.9940499618474,1199.0378657593421,7314.228031140029,1306.9957909885784,743.3861757944792,293.39427341974715,3312.517639306535,2233.8856391641216,5648.696977821405,1145.0956758859309,1502.1095961969609,3245.740480098892,730.0934846225058,222.65743897630662,1418.1467547822574,677.1456503270966,3398.239820731637,1365.7328846680741,3145.501134042716,3299.851906185452,642.9003216962159,3348.12092242252,708.957247746532,2665.9838562119594,7339.663448658658,1125.3549332136756,2247.7671260676507,7523.87712661953,1279.56621896179,406.4591985173188,1314.7840211832586,489.25270659859655,1367.9240471592082,154.02682607244543,331.51644667844755,1192.8649757469605,205.15957105196938,1246.024770220253,573.1646171015145,338.30369724157214,1578.1650876482493,923.4518037963028,1272.8927414154912,534.3833985097091,3149.305980043756,407.3996033594495,1457.5686146801245,2099.160319722823,777.7928619720357,1452.0320510986835,1192.9764968376844,683.8993713767615,1177.9731794723525,1143.7821692238651,3404.3161264923992,482.2608254460476,2821.9113146813847,629.7991607495843,1499.8085714723065,587.8845303553625,1856.5597135861622,939.8847993729204,7248.718417617937,1277.2280962663526,438.7878852800325,155.3369902843397,264.46959566599776,3709.1037395996887,5567.148846525072,999.6230903199807,1707.2369308273576,1099.6170353255548,438.2351866586072,337.7563608009038,1800.396428920341,3668.057546218277,721.130264928148,439.2160660622085,877.9204755397583,4755.244452501303,2635.3096280636955,947.5627817917813,3547.206881919149,1963.1484729513363,3076.758229574796,2387.9225821081727,1050.0845078296911,3443.7782268865553,3427.974915617689,871.1744715712101,347.7265025632228,2716.3766650750963,1047.3847895592517,914.367013275378,1788.2688450660305,450.294820418644,1021.3110387794524,3739.574618583584,1107.6946042633808,1174.7047404376638,669.1185926350778,1352.2940348699026,1707.257446171227,1559.195315112719,1064.0208639060684,523.87037662653,1362.6745769080444,1752.7290773137638,2161.2195222014766,54.748884569055186,1654.2669133053912,1068.2538683771288,609.4346247398169,2223.1261101326595,2291.6778162310998,2173.3424627749896,694.367537257953,1094.4064882030584,1327.344763206785,3504.1246355278577,390.6179242681118,2431.227858767132,576.5833483636478,374.7820234908065,721.2285484125943,4512.013053226016,959.3196210057532,3663.9420450770317,596.0040040224386,2452.034916965304,379.9583366826992,703.9719833581668,2341.731968315123,1191.7156766927912,3594.8248948221612,1489.2778057428088,1006.956765734521,2906.938330687228,2304.0901025083967,381.3289436489609,1097.3296795312344,2817.3286718893437,12813.901361295084,6288.024268316524,904.637086812641,752.5567780712227,1056.7252973979803,485.1843228598742,845.8296708436102,2308.526853507165,1537.6682227101364,1122.4758304562545,1741.3072747643428,2368.011966957095,1467.4413912766956,4770.9525528198765,1173.6366087093445,2851.6745091632283,1422.2856791855663,1444.6400146757876,956.2076270920168,1501.9997881902905,1157.7763878373325,1088.979068954906,2186.435892476441,971.908543832798,2913.995261931669,2065.2812803605702,543.4932070064654,1172.978350418449,935.5944283543128,1653.4710783656046,900.8284486800568,3358.785065243561,2348.230125645781,590.6176646200138,1171.717767780704,3530.352039695745,1426.22027053133,1022.7504459476152,5715.6160777728355,2991.7736904304106,2302.9355502787475,1126.851842744343,2363.0081774179416,1744.5272578615259,557.3066934403042,1614.3824236656562,2718.9180345133705,7362.031630290435,5797.528472225935,6237.425907571155,5677.4784604052475,6401.987449725605,1344.5193895002694,994.6381361488113,2441.2215974293954,1379.8387633018276,3541.802601449448,1445.7267288520795,3766.9878201462734,2693.446266237761,3291.0479604211364,856.4471361245528,3536.2462977072523,1658.5284834926722,5993.39036799617,1073.3141713375207,2053.9488473430074,1399.5340886116007,3273.6162024951136,4621.934142126199,1709.03063179298,344.3321026437358,1394.637221515121,543.8407789260832,3361.0728344198183,4579.700101279162,243.04199635696358,1216.5061600162385,1485.8026093744809,2985.5429947560356,2843.119983007773,6031.078182598011,7333.134715651378,279.32482862657935,265.74988944539143,575.4120029502295,1604.8820121829035,1504.3694296166068,5730.392100786743,3613.9892295265545,7367.929927406385,219.27223957395668,1188.2335300418124,237.6540792029619,2617.4316059743587,1241.875110144706,1491.9017577278526,1076.268099715618,1267.7946104863627,5400.131931669286,1163.9768976967641,2285.3419580699497,6132.135244440639,721.0960008694097,1989.3286385643867,5065.858373711741,597.8849616448101,1920.59839208035,2367.121108057246,1406.1175159506927,6735.572843141186,1941.3938123623846,1152.0338531152306,10715.012846946816,2353.995063581413,1384.2994216928564,2926.882421736547,1739.9019557859908,1151.6460281456928,1522.1719242122415,1336.1338964516942,850.1832753713902,1650.3797091820134,1939.525672810326,1424.614317410671,1435.3878384972033,3321.0707947264927,1477.2901189386605,3492.3368958314736,2301.351488729145,2527.109855290801,1370.6595872145392,1031.661454832352,1644.4696389131902,1526.7822121904935,1708.1760704341007,1786.1360164685793,729.3510949250649,1499.7510770807814,675.0597313374373,2064.646268234382,3068.2108228111324,2759.324197759631,1463.691605014244,2522.568841345977,1314.9057433913613,3702.8598216414284,1172.2802765627232,2246.072396558642,1316.1648913762856,2102.3387286492953,6188.9690389800635,1951.7995023845547,1818.559573623808,673.8725558456232,2815.839764185902,2366.06788946643,1509.8551118229886,1094.9061962726648,2071.6362980101967,2297.7661016519173,660.458502474639,2477.3073011833812,1846.3644318365616,564.2065712790895,3601.3562433597785,5996.406033709673,3786.0713026189474,6153.980838386062,1827.317439921104,1340.1336246341439,1943.4223134296494,2531.591126139836,6341.8976243375855,3693.3057675537048,793.0649949235317,4821.191888043528,1466.9835513707721,2765.6277465797416,1467.1534278989616,5447.4025318974955,2168.1928045446602,5476.827992311006,2444.964111067445,630.6646993050783,2537.4447365473943,948.1666657985139,798.009793356572,6460.034756789218,1154.9458247870787,1471.324305816362,2780.320564018788,4830.375971801112,1474.977851570823,1392.0690071323054,6471.2639532434,1022.6328230757516,2420.0220008080405,1753.0825107949258,3470.74931364578,2178.0769915953338,2242.192392059524,5743.305054064555,4824.353262430879,1680.4078840868833,4796.583327646596,6499.953416865524,3081.167386604295,3394.058746312809,6466.923426997595,2398.631803872341,514.3523179445955,814.6061902402063,765.6959823261102,659.8397788472288,6463.0691602527395,2105.469829553284,6266.278596786953,956.5589712966254,1425.7622115919635,2171.848231615916,955.1335858645675,797.5073385550634,1634.2539544865865,1043.7105158743673,1194.1263413457116,1659.9235297569116,1741.7102148484241,2048.8786797455546,2041.866148899096,5769.419083097009,6660.959443770599,1445.323967092006,6142.731495879136,6309.417952693301,2027.1333095901819,6246.383625200734,1912.8059393113228,6321.033678988921,6717.588266389573,6310.803779775418,6125.668297666373,602.7815676677477,6250.374895168962,998.917738664628,6393.773540072398,538.7896382418813,1699.614819304943,1472.468139776505,6196.782438492533,867.7869461442579,5922.12243965201,6286.1572192497715,2627.3353224170623,883.7290332356457,7291.066441266535,2548.792288555505,6266.724761283757,1027.7671844157433,6360.826304765446,6402.1805352134115,2554.824715222123,1670.863369722507,6050.454541898412,6303.229989546362,5533.4826727972095,6433.7074590308275,967.3262288372576,5750.708836512839,4685.322927297927,782.8898903038988,6000.593670438349,6264.280610415652,6193.818837969892,6399.6509397676955,6435.421300436672,7347.766531007324,2848.4130536954,5926.919166771861,5756.068770324789,5775.64807722081,6258.418388652374,704.5610422315673,6014.246933516112,5988.998635569783,6234.063215995581,7447.661074078207,6253.430832332042,6848.541386726025,2449.648425659017,5498.174895834591,6244.176540572323,1804.3594061178146,7281.39524554875,4735.236593631188,6085.175848732331,1801.151500054826,5755.144012574458,4570.638192230464,2698.3262449208096,952.282684715636,6062.760472830582,5939.059466758387,6226.798022602736,5871.574495877187,5522.683050275604,4498.471226359054,6534.306477030131,6033.357497357577,6411.752650197151,6297.174593611843,6680.131124358228,6668.893221461444,3686.1608335201972,3700.141253785901,2362.5016928604,4603.6037562133115,4841.271456812973,6286.195870712823,121.76860545591823,4571.481370968846,6433.850039597407,3314.830251723817,4778.421552778384,2955.4036101004704,2668.504383247438,6173.863608295837,5817.461995442195,6304.137590385813,6164.606421674451,6141.814737415173,5567.841659211117,6069.4461388950485,2732.3053854859563,5413.083712612199,5636.577663955566,5905.733977868923,4852.754896984747,3778.3118937921085,6320.354128659668,1457.9436654574,5701.426093933704,5253.355981325635,5680.662726063088,6239.013164156935,5699.957818126723,6173.1109141854,4715.953871457089,5915.345382415695,1412.5799165704639,6136.607174846353,5416.525141615217,483.6497835364719,6511.6067786079,6051.0807063965885,1268.2823843278304,1287.129887742371,925.0524265337593,1357.6207709791645,3002.697202954729,6357.949992087391,5600.821232899913,5436.850976330007,3621.884676104171,5640.579595112947,7960.864162851544,6027.741568520159,6495.060370520861,5773.782833858513,3120.766108567801,5981.296449656331,3225.200666262091,4558.620072234081,4605.650482483404,6913.5533533992375,1530.6199913968521,4596.350764948308,4806.365027284902,6178.733615286474,5906.197128796262,GA
13165,246.94024650629737,1146.8328388819427,2172.657140482479,3368.2265634135492,1406.3059871693215,3049.9720021121625,3743.358915703207,3681.3580521844624,2788.9071670720764,285.02954755528293,489.5045206106838,1656.6105998896146,1434.7881380870222,1305.966691370126,1119.068505508102,1054.2472282015667,1136.5473917124425,1142.590020323589,768.0439319068566,990.7107040975267,854.6486887330407,2799.82952389112,3277.485883957352,806.8182310953352,795.1319595058742,1122.3079856911984,538.5573674035321,3730.753822340611,1389.2663579003774,568.4614139670376,795.5544920660221,1005.370871918214,1514.7332449239689,7475.631728979472,1311.9182376421236,3644.072280943172,845.7218845511102,3667.035910932389,450.4907828508837,1352.6957056680292,3606.640027833178,3323.1612394763383,1609.1789177754392,861.5740060392459,957.9837656155327,869.7422971449837,696.2152167698982,736.5031605638127,805.0819385353102,2255.1694842995325,1242.1126153740795,7360.607973409833,1305.0767495954624,703.235116396302,257.2101312227747,3359.7526143514824,2281.1846444875578,5696.732625430024,1163.2254787632005,1552.8842606035355,3292.816418028284,779.5208708573683,180.7575377958252,1466.2339777103193,673.0171324573571,3448.2566095262805,1360.3389691889065,3196.525613501577,3346.80725708083,688.3256997761715,3399.0662860272078,696.2577776318969,2710.6628609921922,7385.542638965041,1163.7847428559887,2291.313535964233,7571.1185169282535,1328.9255952053918,453.03195731348967,1317.8996437561286,452.21613612043257,1417.9683246700906,103.4934966991358,299.64136651992067,1207.8866299014232,234.74576038255006,1256.311892332366,547.5930593626072,383.2987174152887,1575.9619805239029,971.4609893191788,1317.8848754412809,557.0150693957534,3196.1284148015397,412.11424791961616,1455.7018810489471,2149.3726191848264,815.4917179005589,1502.3714939910226,1188.435177335264,653.3423899872682,1175.9270714378108,1193.5687158292099,3453.1474928557427,501.8754072320128,2872.9102619602954,602.9637860874051,1505.4304460989313,629.9078321830617,1899.4641483985613,944.8723062467442,7294.398069215688,1325.9229212097086,489.1799109790699,149.82997533221786,298.2123603802661,3760.1155186754304,5613.56523895025,994.220745092498,1757.1555509404718,1150.3787085584095,452.29223578200066,388.57249232976534,1845.9141894052268,3718.827279274186,761.2984743446739,411.26377166647256,904.172781820974,4803.996407167299,2686.193163570245,916.3048249912638,3598.2444964517713,2010.9141290830835,3127.700053890028,2336.954881476479,1048.5455825518354,3491.271886975233,3479.061099794685,903.9746880974727,349.07666042335444,2767.469614127676,1049.1498027757586,953.9021660241127,1835.8126405868875,411.24819067396567,1062.7771371906904,3790.4771906058313,1141.5323223284527,1222.8452490751936,674.2579716848073,1394.9737634735782,1735.3307472395272,1590.436387198106,1112.2254140870814,535.5312073476848,1404.5434500590466,1750.7962634656726,2212.087418501921,63.98284422184904,1681.7232270082513,1110.2868094495377,637.3302021604842,2172.547475810219,2341.9397468419347,2222.7282122938104,722.5855805766141,1099.2038726202547,1364.4375492730985,3552.158902548001,375.55584777862714,2481.352939771321,536.9560979798243,346.38305264119316,770.3028734650708,4561.688608465773,991.8464530560066,3713.612295467349,621.5707438666028,2401.12781814091,411.2057847896637,693.8932490504799,2390.765927873924,1192.139389705161,3643.632890049668,1536.7302612184824,1054.517133820795,2957.645277571093,2354.5258790305193,418.111529809954,1133.5396103322619,2868.4036383383195,12864.930989255912,6336.056483369333,955.0578151513048,785.1757952662738,1095.8345565985014,461.87907099713584,862.3698726555274,2357.247259057499,1588.6763590481646,1133.1843766780073,1785.8957678845004,2417.867735499243,1507.2778103863266,4820.2093847371225,1208.0725736291322,2900.5442161843544,1412.755002823943,1488.3792426202785,991.0203206290547,1508.7040959812873,1176.808884579334,1139.9668944366315,2234.28205754598,1009.5463770334528,2964.9062460544183,2112.4995680541656,520.3986602257002,1218.708667868842,982.8865695443567,1679.8103730180924,942.5774612648173,3406.847207030713,2398.9380236265515,622.0731599150952,1181.759935300636,3579.745491453637,1472.6160544818952,1044.8854144348293,5763.883054952285,3042.81871046083,2252.322092310656,1175.40200222847,2414.1085935458786,1777.1526786096688,563.3049230684093,1657.6003003897947,2769.342180824557,7408.620081657147,5846.742506009319,6282.847996777016,5721.019931563385,6448.4283218053915,1382.377768700749,1043.7299664756388,2490.635981687205,1377.0400430416958,3592.884535959145,1496.7624088824618,3817.4474739775874,2740.9709284193023,3342.081519779057,849.1643870115113,3587.2681708030714,1709.6081283865908,6036.465674688542,1107.0679566106098,2099.184819181961,1440.4277486902106,3324.677578390228,4671.181483301291,1750.4564438059765,366.4020044284829,1386.5789678955045,526.8951829705976,3412.1607871035826,4629.032111543783,279.50522405901984,1258.684582164133,1532.634175540155,3036.453851529909,2894.131468066915,6079.944561803086,7379.581058829594,259.52737865659043,255.5674787425498,620.6518254732437,1655.3059288844538,1501.6576208223166,5778.99460007066,3664.3244795773603,7414.362052594791,177.26010077180698,1238.7354638027914,251.7472581614408,2668.500985314341,1238.3523483844576,1537.8095372621506,1121.0797927563856,1315.1380714750785,5448.390147776713,1171.8776730014952,2335.264033497269,6180.845230763736,739.868205054426,2039.7343304441845,5114.3638818997915,637.3776843474552,1966.8089876762615,2316.257642707253,1441.126014202096,6785.404584906076,1990.8004509640905,1186.0328017086329,10749.285936416425,2404.9688202230022,1433.4031033769172,2977.8987976824046,1789.990299281669,1193.7301431006806,1564.8574923278911,1347.863906587989,857.5897900455673,1690.4884873878025,1983.7667005868807,1436.1189052936884,1427.561621028176,3370.3019087129546,1511.3429602617166,3540.162806118118,2351.2290512694703,2578.010714988226,1419.2402176382132,1040.2900358417571,1695.1918490174976,1572.4588957164444,1755.363888489114,1832.6741833028948,780.3053268443961,1540.4030468970016,724.1076061510512,2113.243635006464,3118.7113475732026,2810.031338144585,1502.822101806807,2573.659997271496,1309.1443324579755,3753.959830257764,1212.0116723164376,2297.047265771549,1309.3289355129245,2153.432406532259,6235.802160218899,1996.0327275054046,1863.2673889469675,708.9335191544998,2865.09310852335,2315.1477143999714,1560.72001188511,1144.9445712876127,2121.5880962083593,2246.9566986308555,668.6799027211613,2528.2858206892315,1897.4630192589968,580.814422695443,3650.8055401129436,6042.919945785125,3836.996628952836,6201.773501791297,1876.5909994395458,1372.6820897595621,1944.3726055160282,2581.486735514927,6389.409486652626,3744.342263052991,843.6803266688678,4869.9659883982895,1468.7736669187016,2812.7989833119645,1460.4345150035574,5495.4185744270535,2216.1188191385622,5522.278971561491,2494.7188874061817,590.5791530972855,2588.0294664352737,996.4612913718307,849.0608895118386,6509.705193935956,1204.2305409513647,1520.0006058043884,2831.4097108760852,4878.82328994897,1524.5683661385085,1385.570524343957,6518.894816495695,1073.7163714282565,2469.1279417946953,1749.5483934496515,3519.851973283709,2227.3949229819355,2191.6783483458585,5791.976500290937,4872.703307213718,1677.1148300961486,4845.468350234156,6547.57001270533,3127.11979232085,3445.158764912041,6514.934114117135,2443.48134840262,564.4265374763045,864.9241487441393,783.4824639620723,710.5108107590703,6510.587310679347,2156.5343921533936,6313.23518023214,959.5328941639807,1428.7680103821579,2222.830338485476,971.1696743794548,842.5061185479732,1676.963032056625,1093.7572328735482,1244.6339833907346,1658.4749589279184,1791.1324658134668,2099.979459881419,2085.76210260629,5815.7274410073605,6707.546755380498,1453.1997131623345,6188.144045625707,6357.643597585527,2073.7125856491816,6291.463305429906,1959.3829410378094,6370.7452450301635,6764.082162587287,6355.761801694251,6171.271489270562,650.9699722798753,6296.859614933764,1046.1972519255023,6438.363457689587,560.4638750458001,1750.715933438485,1482.9136824207828,6244.574335350362,881.8110360596263,5970.657305131211,6332.652268151162,2677.3091629859828,895.4409689175243,7336.973120822041,2595.489888978679,6314.763715329698,1043.8964340093255,6408.313310875931,6449.404073297611,2604.672571944097,1720.9345622666651,6096.96082984062,6349.653491350387,5578.742147352538,6479.753496069362,1011.4840651787192,5799.412427320982,4734.552125128731,778.1619997056011,6046.076623391973,6312.2773352247705,6240.1828645788855,6445.288330183957,6483.311718591918,7394.354203865537,2898.6846525319306,5973.445280875275,5804.770547525409,5820.44263456543,6305.390028179875,729.9358529353664,6057.803523102909,6034.470141727054,6282.0078543158825,7497.428578958702,6301.434874486301,6897.394124620728,2499.754735510044,5541.5542318060425,6291.8536984858865,1842.0282799051558,7327.662714727591,4784.304268022138,6131.8573279365755,1852.159258072444,5800.580443380946,4620.240065766819,2748.848145916041,972.4721626291392,6111.359709812924,5986.363375087789,6270.738807541328,5917.477611110855,5567.309353627718,4548.210762544995,6582.330921184063,6079.800794029258,6459.036120617187,6345.234368860026,6729.940775888111,6718.707022309551,3737.1993383897498,3751.1439451594542,2412.044358411844,4653.2929673604085,4890.240075035793,6334.256871310681,157.31374981036143,4621.148578458635,6483.556573708322,3361.8739985814836,4827.415014690375,3003.061602344517,2717.31012255133,6221.225324028476,5866.631180824763,6352.7443858557735,6211.871515343302,6189.170998012205,5613.473404779844,6118.075134732064,2780.4534063881883,5458.435244203848,5682.426717087551,5955.162868231005,4901.639989170772,3828.956981478138,6368.985618643083,1491.4783973033395,5746.661937384162,5299.55917080419,5726.78555530728,6287.673805875805,5746.339654312899,6222.4460983528825,4764.788517334675,5964.589456071529,1459.4818901444842,6185.3846413415695,5464.1024751051755,527.9707382531587,6561.339233112863,6099.932238970386,1302.31708849343,1322.9075167708654,948.4066790487,1408.6829400006072,3053.7918377491665,6402.28708776178,5648.932662091232,5482.802675036639,3671.134080923628,5688.599171629859,8009.806474003069,6075.531902608957,6540.949944910986,5820.688849821091,3167.4055112087444,6029.964179531685,3271.316675292252,4608.264285846696,4655.398461364704,6963.4923061632435,1535.194155559936,4645.858797863916,4855.130149704975,6228.246470356678,5955.562180366084,GA
13167,194.75295043577304,1130.608818740065,2120.6830817909336,3307.343319654962,1342.6765950545848,2990.9272255599785,3699.160026654671,3624.3021274683892,2726.9788017944925,321.67585785066024,491.6760215801465,1632.0623881468948,1484.6708871556873,1240.2640488428697,1166.9460450256213,1060.074903342162,1185.515466023978,1190.9393294694053,775.5969414353933,1038.2517081539047,899.886503350272,2747.3988774799204,3215.49318225058,851.8376760664529,800.9066084647686,1106.1811501895306,524.8910589691386,3683.755482448881,1325.5564050997127,530.0484998853785,838.4307068249745,967.332003591847,1449.104117256784,7414.309134712833,1246.2699718437725,3586.7248541574345,781.0630322055748,3610.0795312654254,502.0156041816678,1307.4321155865348,3550.724291684399,3261.998072474923,1543.4797603989166,845.9005911194741,971.68891862996,893.6175573393792,690.3865650479428,729.2061324681633,812.2419881680704,2297.3219871668443,1228.522009581434,7298.8400672710695,1352.8906136962307,712.9172308212358,261.56707663508257,3299.0878194221755,2220.691310598998,5668.730803897931,1190.140481568206,1512.4259453426394,3231.953031814314,723.6417567690655,246.2549131283225,1407.0711458729218,722.5715112043558,3393.276133911367,1411.071430228503,3147.636725471695,3285.792574686877,669.7553121719852,3356.3956261543817,752.2412971922629,2647.522980823545,7323.2795999546215,1159.9818679069047,2227.456843418388,7510.345269143674,1272.4143768281713,392.75045416729637,1361.129163733836,456.4901489573819,1382.4206262283133,151.01540774798528,364.45400069788286,1238.519575277262,248.18027573440418,1292.256857725795,532.1710284998077,367.3168826253604,1624.042155686917,912.4131393128197,1299.5683306758515,494.4228215039488,3134.9635215996004,453.72059454659285,1503.4822511370307,2095.272684989698,813.4462267523668,1448.985990593785,1238.4515639356466,645.4918332524829,1223.8380974106497,1138.3267691919482,3395.066510350351,440.7176488627605,2829.570495325589,589.3316952494339,1546.2156327312025,619.595561198917,1835.2869848657708,986.2796333978321,7231.954003981276,1296.3522586542915,437.44808361364665,199.33500701636441,304.86311818300175,3710.982010884984,5590.609807100574,1044.9051617833059,1722.083355388991,1099.4967782027775,394.4146860453772,350.2838550808998,1783.5331615839893,3667.3810407636765,696.2374283971108,475.0141924256032,920.4795173155217,4773.476776950902,2644.335411721327,909.2336538157422,3549.5318401153368,1984.263544228013,3085.10591475632,2380.673812018911,1096.0009026482703,3430.9463993090253,3433.7537603914507,838.4518463243852,301.37983306836776,2720.2889163143354,1093.634872495422,948.1438895377994,1775.722964560702,419.7363942748597,1052.921213541208,3748.2724773748814,1145.9787126764645,1195.351662388463,715.5041317763487,1382.181806095502,1670.946665525391,1525.226665804167,1084.616498520448,570.1100724641251,1393.5511546247208,1798.6515296811608,2170.4943238591068,99.4544264467181,1617.5327899610047,1045.8069342045483,572.8002672002035,2212.716810017186,2288.002715325093,2189.9826201458204,657.9973103847473,1140.8013413019266,1363.0192302083199,3492.633720327719,432.75174755028155,2426.8629572041914,546.0262856429706,336.16367773627127,739.9748232267034,4527.328080218218,926.3698464010703,3657.5295124201,639.1216018640113,2444.0971351225817,421.0411697168772,748.0458832673497,2333.2158307151058,1237.8654622774798,3585.492408366845,1511.2918179322614,1029.1224457723338,2917.381282564269,2301.345851463673,352.5248753093026,1133.8734129011482,2820.5681789335536,12820.632519297244,6308.036243652684,917.7592705059204,791.9704649143953,1090.770630297529,523.7620887732472,891.2978863002742,2327.146625500888,1545.5345198499647,1168.683169384182,1768.35825611102,2362.4690157731147,1442.0107785958096,4787.679190580505,1211.4609203576406,2842.5852673943264,1466.6904326510391,1473.0647183951835,993.9264912725416,1548.3973197599048,1202.6005548696264,1097.43762961611,2174.5757585111883,943.940828561634,2922.7007936395394,2087.5630798638254,582.2429835745097,1198.5193076121734,958.4292162004097,1616.0064765714674,878.0198288712303,3347.3752727661354,2347.231162862855,630.9810566880009,1217.9738539108992,3522.929586475393,1450.3924386604938,1066.7392791898585,5735.077661810588,2994.2965980301506,2292.7248428569674,1117.1870989353504,2367.570431972321,1711.7065540493409,603.7032941079877,1593.6144388360049,2716.046185871362,7347.074727233067,5814.333226043826,6262.611770796304,5705.539849305542,6425.363547252158,1316.776241312074,1012.8798004958333,2457.702201125777,1425.617298830306,3547.719481067684,1448.4498058349825,3764.219903476569,2680.739404691606,3298.1012592442603,901.2939323902907,3543.470799654708,1664.8853806008015,6022.069087342711,1041.454933286074,2036.5295551154416,1375.4636251507968,3280.1179012596367,4638.700989787804,1685.648234668572,303.808358547929,1439.4076935105163,585.4536336321254,3366.7902158199768,4596.197051566791,214.0062778089086,1194.239382022949,1471.677407358969,2986.222878314944,2845.0837710862706,6048.916546153231,7317.882812970062,319.1964082237633,220.47596030559882,558.5594859875515,1617.4186704642182,1550.1705024453436,5748.979196839445,3610.5457604145204,7352.6482355184535,195.55068773267445,1186.250352179327,193.35365560878952,2623.8293755830537,1287.5286735414936,1475.8472413870481,1058.267593423597,1290.1858313253695,5419.631931181915,1210.3493823174795,2280.0913327977005,6150.40964892914,766.1557870219722,2001.8185983986025,5084.740601783727,572.1789411643998,1944.8919344465617,2358.779263309355,1443.4034128865835,6750.182342098407,1958.033199406166,1120.4016681708324,10683.681504789984,2362.077321205661,1376.2299472091738,2934.26597498551,1735.5078812281995,1129.2551611177332,1551.9594242354365,1382.2243639858532,896.5801825534855,1683.0746754464712,1920.3722855370459,1470.7218818284466,1480.2177405938435,3313.10437842536,1515.2348626855564,3480.314708042324,2316.1759327191817,2527.74787560415,1390.0296106647534,1078.0106270451197,1643.7535296108865,1552.1801911410732,1730.6474159952036,1809.8682439261245,738.7443494319823,1531.934090972375,693.996975021337,2083.667440828975,3065.742346804915,2758.2573028397687,1497.4513113848739,2526.425421333605,1360.1668791727252,3707.185131825007,1205.6195978394035,2247.616534266336,1361.2032885162446,2106.4070489202327,6211.596445295303,1979.3065805118215,1845.3991786773067,643.2279603278557,2807.9914842762205,2358.283580526196,1510.4010687816715,1109.64613339294,2066.55199481855,2288.9686379906984,706.8470970262111,2485.303209009815,1850.8365383242733,609.8074096942427,3594.1274383515083,6019.661953862671,3786.8316597078997,6174.562311135048,1844.4330323215008,1379.1409085833548,1989.6514946114316,2526.1917672979143,6363.1022853908125,3700.2663142144734,805.2096324650986,4839.357889543353,1513.2589414821214,2752.087911119637,1512.2343203666476,5467.493920043482,2188.8746717723902,5502.001652984761,2460.2330940203337,600.4205794150878,2535.5648520959585,968.6741406401852,805.7944232808953,6475.264155893299,1172.414805913977,1490.373267966555,2786.061895734421,4849.425595956761,1491.1831688272694,1437.1885911136185,6492.199076152059,1026.8025666235833,2411.7283621156853,1798.7758311400548,3462.3478810890892,2170.5314293440306,2231.39295009232,5761.703967702075,4843.654573238929,1726.1342651021291,4814.435215908307,6520.919258182642,3065.0318709460353,3399.0243739575885,6486.979349621638,2380.486793932586,511.0590585653714,811.9211306362016,810.9487469127299,659.5971776927021,6484.254815163434,2112.0937017653127,6288.655458255025,1002.8791120211673,1472.105704295698,2173.5039997074095,1000.6609099050875,779.9847515353637,1663.9603795057596,1039.4509222834,1206.4444621810985,1705.902030492722,1734.62187777835,2053.9274593441987,2022.132549929036,5793.071219052194,6684.046478813246,1491.6891908244015,6167.937395326345,6328.95538618449,2050.704825553313,6272.129239239397,1898.04850855556,6336.117379029192,6740.851194401599,6336.7407829138365,6150.554186100034,592.6098135763093,6273.674753581614,986.0016431792419,6420.279891436633,583.2705397626243,1704.5801979901453,1518.6732897711358,6217.363756032865,913.662031853808,5940.881414842607,6309.435948337326,2641.6997485934407,929.8747113225943,7274.7364817853795,2534.222011353377,6286.721461882514,1073.2584141169027,6382.0846482924435,6424.001837443822,2569.7122816232386,1666.4105355042764,6073.72245646289,6326.642982016944,5558.970149959061,6457.807177545035,948.2270764900313,5769.018936104214,4702.143042755761,828.2448463651439,6025.6882990701815,6284.3786671316175,6217.3478962271665,6424.466698466674,6455.763400627497,7332.808207974844,2861.401065301493,5950.155123245465,5774.383613019402,5801.8661099658475,6280.765159937883,747.6221689066928,6042.271945945331,6014.112986973385,6254.286414398261,7462.4910054167785,6273.511879953136,6866.384079969087,2463.478355055434,5526.467672763154,6265.017353396728,1776.3952216572918,7265.7792153449145,4752.553039899743,6108.105695467727,1803.2712181848333,5780.328023134168,4586.215590019622,2696.029727594524,996.8728361127797,6081.340498371635,5960.731720407342,6254.2721903989295,5895.953081486895,5549.173548495814,4513.549763741289,6554.326585859087,6056.745288185084,6433.44710053914,6317.119744351497,6694.828527480728,6683.575036007618,3693.085672397342,3707.643955003327,2355.7326551622564,4618.862201801032,4858.876729357224,6306.138541147547,92.19812697172978,4586.822782413224,6448.947627333781,3300.96676952704,4795.957437612661,2942.9992950479786,2659.2376580726764,6195.401616697204,5834.40615715925,6322.686406918093,6186.350573968899,6163.365884005479,5592.705417459136,6087.9453296767615,2721.1683399576364,5438.426016450062,5661.0625722137465,5921.834485618676,4870.602971852758,3776.705244552589,6338.8353411030685,1425.9040429628174,5726.9438126640125,5277.228307553538,5704.658568468839,6257.418490528097,5723.476765251251,6189.509682091148,4733.9555064663045,5932.049446953278,1435.7841824600089,6154.693260595028,5437.629744168261,465.24439720069984,6526.6045563387415,6068.960698646083,1236.6873461831176,1257.199482006754,968.684667914414,1360.9347840448822,3008.142450418717,6384.839218080843,5620.673914185344,5461.165504454366,3613.959556155178,5660.652434685739,7978.407287763411,6048.3341730622005,6519.435216252808,5796.28422056665,3106.031676512369,5999.694096503261,3209.381922208125,4574.046056933928,4620.689765407123,6927.728311210373,1577.0170188223046,4612.255787054659,4824.557171431675,6194.535304284388,5922.5101584863305,GA
13169,105.66494530351305,1066.4848237209746,2029.6157036004047,3217.7442457519624,1256.4572154345258,2900.283222736491,3610.7626518321913,3533.089283501065,2638.2970158380867,342.5590682398848,554.0102222395635,1558.6327341398915,1513.4143318461315,1165.8623760778698,1192.8730934617593,1022.2927425805992,1213.4413025033625,1217.6600106376684,840.0537620861135,1064.1649488772114,922.4722346301718,2656.2297305023835,3126.8777453577763,874.4105726252733,863.4838573969923,1042.2467172449187,569.5390426892062,3594.1234155060997,1239.4996447252847,447.7476650229128,857.3637356275259,883.7001728258333,1371.2492101484545,7325.067436417491,1173.567419754126,3495.5681168640367,718.3398558204359,3518.8492866824868,540.8476495522449,1218.9393317381284,3459.367855772561,3172.6162763251286,1467.2468271154917,783.7190105055155,944.9529606751587,881.9345173065561,741.7468020882875,677.6635081099257,778.0773259608436,2385.30971758582,1166.899544626132,7209.998610823155,1378.0089570691964,779.7928154342552,332.11752475505267,3209.331422775937,2130.807372239084,5590.936878479924,1181.0183402889488,1426.5615947077176,3142.3387772226397,632.2526393649383,328.84323747731185,1316.439100089388,754.604773505739,3301.8840698730583,1441.7016675882612,3057.3440093819963,3196.2931961964837,605.8049463438422,3268.803395230294,796.8672615889379,2560.379642757317,7234.953176791045,1109.748965182953,2141.6202134325868,7420.678893349429,1181.0881039393607,302.580934692532,1377.8141974803948,521.4078520971077,1300.0535643025173,242.40325556429437,436.5884969500313,1234.8516060173642,242.567149856076,1296.8138767180415,574.5334537435521,312.6708454775252,1648.9411811121427,821.694862190256,1232.775945833114,444.5128703052884,3045.5825398754655,476.71787599075606,1528.100260760354,2003.9157693927116,767.4918187831274,1357.717645866751,1268.210290021533,695.0823985036882,1249.5965557097686,1046.9350141938735,3304.089895027327,397.5886276597935,2741.6854444647906,632.8906879189586,1558.0509253509783,565.777858271912,1750.2077878751536,1001.558944841986,7143.837232438265,1218.9225992277065,346.9479113672023,248.51152451595289,284.3392941207875,3620.589346575584,5517.119130931249,1076.7984127037575,1639.7866277165865,1008.8052271253064,363.6565008561454,270.3137716609665,1695.3645009099073,3576.379294781153,614.6913103487291,541.9456970063941,897.7328944463502,4693.784607070273,2557.278807459584,957.359183366186,3459.280782404555,1908.602827130904,2997.5833925827587,2469.365403333549,1121.4588266484548,3340.966666498256,3344.854432278028,768.4633945777715,301.0990423046216,2630.644468413054,1113.6786815945613,896.6667867361957,1685.576783443255,489.0345610132172,996.111836614608,3660.894449688638,1105.9756245618746,1119.9447750723423,732.9392546037413,1320.9994893985695,1607.8870545529346,1457.1575664495,1009.3648006205169,579.0773951715233,1334.3053685214184,1822.7629060035372,2083.6868195075517,153.67703845849218,1555.5153130817214,961.724716602388,512.2323288647856,2299.7292264075713,2196.655658670278,2109.1775688838384,596.3948288641353,1155.5303877033161,1314.9058565837622,3402.2109008549733,483.9664153131624,2335.4818924241285,613.9201096667605,390.0373646480066,663.5076794927553,4444.809992695107,856.7122257577464,3566.1872652093034,621.4759060701475,2532.443303872761,398.3938766615918,788.8424050989206,2242.089491860684,1259.5043698120296,3494.5348632677906,1437.2059416736386,956.0949277456766,2831.2046889523226,2210.0765442649467,276.88002314652203,1088.773156921627,2730.6635998207385,12731.935246854551,6230.164798362535,834.7812264551587,757.5327127768686,1039.3476170291392,584.5689463449784,887.1968645533784,2248.3666097050414,1458.057751684659,1173.0690482374816,1701.5171113769213,2271.0817160933543,1360.9898796428288,4706.459817195788,1169.822677615182,2751.568442659052,1503.8270332255645,1408.9922897993988,952.8063684917804,1558.3505672843114,1191.7342276055972,1010.6121371481373,2084.2266613167185,866.1658493352411,2835.409355026036,2013.3443806122846,642.3893502739037,1130.089229735019,886.5507381682605,1555.8245821478486,794.2723461013444,3256.9254650070366,2256.2088469546425,601.5334373784236,1223.2899408275205,3431.676015630865,1379.4152104086565,1050.8314945554691,5656.629338004622,2904.134951130569,2379.8410490669,1026.1915659755914,2278.2260475226753,1641.3784713607913,621.3568488610211,1508.1114889009616,2624.7559942413936,7258.0264097007275,5733.1058598680065,6191.497780934516,5639.047518485219,6351.6766620185035,1238.6027110958714,934.9271460658786,2376.641447247019,1451.9746850933664,3458.877222072208,1358.5422846052907,3672.927184878056,2590.6945322554284,3209.842166454049,936.8607745757187,3455.2821930452446,1576.5242536687285,5956.602949828169,969.6944657100239,1948.7038408788376,1292.9756430172038,3191.578438909177,4557.5354235319455,1602.4699925266682,259.31242281482304,1474.2573319321966,637.3487542903135,3277.866944891761,4514.774114602232,140.37050679090754,1109.9986406553126,1382.1133545532246,2895.532583276869,2754.7540639726176,5968.705091857287,7228.975077512479,378.3325678784741,250.4097144906767,470.10765631509423,1533.1826099763766,1576.0752676058053,5669.5743419789405,3519.201040570821,7263.755206730691,278.0123713981815,1095.1510311848397,175.4600992122794,2535.3029452748888,1315.4759435361675,1387.205145070618,970.7055461504616,1216.919110499354,5341.254405131131,1219.434291836728,2188.699774679614,6070.643406026793,759.3554978635168,1917.3673618054504,5005.7127477194435,491.64761619646265,1873.5754779819626,2446.931040767125,1399.5610359706736,6666.8930230726855,1877.3338691439103,1048.1952359026266,10610.409799147485,2274.5018053135473,1285.0026300331501,2846.2176987453468,1644.1323505195044,1045.1250637679618,1490.2918132931238,1383.8684230137885,908.4331429582664,1627.1945982253833,1833.6715135876095,1472.4580538687326,1514.6051823750854,3221.915553807557,1473.2016428751767,3390.0573463087812,2233.597516350285,2437.068772620756,1312.7671997740936,1086.5196726075405,1552.8323540707252,1482.9247713667605,1656.9487993967182,1737.851539961296,653.1190139562483,1475.1696354472415,617.9974147155972,2005.4484692901635,2974.48796414133,2667.2079842031844,1444.2988999402248,2436.7765918908176,1391.5253220798575,3617.6411752526014,1152.1590482312633,2157.2026019203313,1394.286970033019,2016.8918353273925,6136.93415161411,1913.0334907704676,1778.1290966529984,569.7947431695894,2716.780151805156,2446.7186986099273,1419.794198142383,1027.8285815746926,1975.1600022292846,2376.8905628293023,719.2971881256267,2397.6566761437984,1761.5333025810974,609.4131479631743,3502.853779409097,5945.850211051861,3696.135489599503,6097.363543262159,1764.2829139530686,1340.7725730177856,2008.583913578965,2434.8024063232488,6286.634774017755,3611.928701531692,721.6276376577392,4759.589128564789,1531.731891883988,2662.359793092601,1544.7702405093182,5389.784678940972,2112.558361844206,5430.952089664292,2378.015685915237,668.4012866310312,2444.3948614908954,893.5977319973343,718.9060508749767,6392.530237802493,1093.2929765606614,1412.6220363497323,2697.19847274337,4770.6049061401645,1410.361424941905,1469.539173663394,6415.395922328513,937.6668883927923,2320.570377392819,1825.5522053674893,3371.224077850489,2079.2720845484478,2318.160644462882,5682.098069188167,4765.112790430242,1752.6392000677176,4734.341864714559,6444.150764263421,2976.5181444230675,3309.7631454567595,6409.144918262354,2293.1287224010152,419.9754823693962,720.7872747898019,805.4098095276213,569.1022144896783,6407.754619667387,2023.761783802046,6213.661597961569,1021.4162456820012,1488.6322015736305,2083.1296571410235,996.5666243522547,692.0490047984355,1601.9791383203562,948.1053634400816,1122.3506306885388,1729.3766218336466,1643.3071382345352,1964.8410371122727,1935.854042448686,5719.820588405265,6609.949602928105,1499.7659593367996,6096.862484008086,6250.545026926658,1978.2743395030068,6201.851931678114,1808.8017632202868,6253.262206947896,6666.984908918404,6266.7485601674925,6079.011619539935,501.58626992432943,6199.898522617325,895.8831341349659,6351.162687078958,574.2316877000582,1615.5282378100333,1522.1420829611966,6140.161362704479,913.8794068376897,5861.645818446235,6235.628031919021,2558.620952439281,934.0381366365157,7186.380554901019,2444.9229859417896,6208.834143669594,1068.4947090201588,6305.6809760533615,6348.290647012119,2487.1161645714,1575.0337986610307,5999.921713716461,6253.0148274974035,5488.381442732358,6385.112986445347,861.3892002241128,5689.318734204117,4621.023215991709,860.3244851749472,5954.463912533105,6206.607898315914,6143.887448467807,6352.795664171695,6378.262153804207,7243.7604565446,2777.1214598315955,5876.323229373825,5694.687985263327,5732.3648833167845,6205.733243046437,728.5669568871326,5975.676750928383,5942.91883114307,6176.662481036731,7379.357623469667,6195.722376616146,6786.123590462291,2379.984295926289,5460.394607075006,6188.1191764018795,1698.4561643075394,7177.050953010424,4671.920408241343,6033.850308977834,1713.085334080371,5709.261783558017,4503.930329327048,2604.8016919484035,985.1483577111824,6001.902549299895,5884.873928233808,6186.73165118307,5823.706740514455,5480.1289759005895,4430.820991513499,6476.446173247454,5983.108033199672,6357.576666122757,6239.171158814488,6611.617513152452,6600.35117375095,3604.730155364671,3619.591965043581,2264.4044892570832,4536.284564866388,4778.525862582083,6228.187955255411,37.29801507004222,4504.322883473787,6366.098446474639,3211.3855753849925,4715.542183892948,2852.85668471974,2568.2502335306212,6119.356720155766,5753.313401880815,6243.197883934763,6110.562714552573,6087.339962387589,5521.190355821983,6008.420880687821,2630.624652425285,5367.634608172722,5588.99301372685,5839.928189073644,4790.5000510629525,3685.5495569973964,6259.273918483797,1354.2677660271745,5656.380967614252,5204.339170508023,5631.893146367924,6177.782475597917,5650.0510469276915,6107.8671794142965,4654.025785021606,5850.716299216301,1363.4286186280906,6074.730084796544,5361.123192868499,377.71679772111395,6443.663378518598,5988.79057629375,1164.357671544169,1182.161584938562,951.1731071355928,1271.2774596304653,2919.1216730722967,6316.3335980313805,5542.676843985581,5388.8758738687375,3522.768544199072,5582.904141199117,7897.782037771842,5971.1588936053195,6447.123164551104,5721.496558418396,3016.8257899661135,5920.068613513626,3120.7062740684332,4491.623941827974,4537.916164473045,6844.062883517458,1590.5760160693314,4530.270614287134,4744.8173953924015,6112.33477722439,5840.803726401908,GA
13171,67.75213589080981,1043.410471941363,1978.7463066483813,3163.1645911042433,1201.7586394301618,2846.196621807402,3564.134909662904,3479.7104768897307,2583.5457719986016,378.3554085392434,583.2906809137608,1527.15218110947,1546.6793424984678,1114.5746364357626,1225.2651088092034,1018.4814100445493,1246.772239155244,1250.3928253422825,869.1228716712574,1096.844611465293,953.9424237271954,2605.0299766295448,3072.121020166173,906.0511938402376,891.1974567132098,1019.385839853572,587.6390380835891,3545.8242136847807,1184.8214203067805,410.6966647871308,887.2706653170335,843.4744813777401,1318.6387427398286,7270.409493374993,1122.9404078134544,3442.076285001135,672.8329331784479,3465.5102011375952,581.6490508411532,1172.6170368460037,3406.461218170859,3117.9815818627626,1415.1697261316067,763.1868008786937,948.6473643536696,895.1016316394886,762.6893336285208,665.9658158762282,777.8373035361209,2431.9378457911903,1145.5491988629262,7155.273779948566,1409.667485580586,810.737486149897,369.2178037062674,3154.798814924552,2076.313049680304,5554.702239674779,1194.588523698819,1383.3358300768314,3087.763121572724,579.8074078280868,383.4592263176449,1262.3383557807151,791.2247876961305,3249.396863109528,1475.9821981725306,3008.024286114126,3141.6869256271098,584.9452914974316,3223.1849096904634,838.838893882693,2505.591512800337,7180.17650811922,1097.0233183082291,2086.9471033115565,7366.125496113192,1128.0814915323574,248.1369157736031,1405.1737820013168,552.6223740355009,1260.6180061726734,295.23153129742735,489.1516202108335,1251.4241137383015,269.44000678304764,1317.8436284022564,591.1784287424998,304.4251582669698,1680.1303963683554,767.6627481304915,1207.212332730167,407.6651725024833,2990.947215751152,511.2649410480342,1559.2936205928895,1951.9426926180447,759.2433357539818,1306.2526417340584,1302.3319740862964,715.1957390886058,1281.793943596912,994.5923628289268,3250.3274779016333,365.48989641146096,2695.768196259316,649.7121777634745,1582.5679864828592,553.3589495553234,1695.6513160084255,1029.0798453194825,7089.048371470097,1184.2951849095302,298.47658170723594,296.6563759672818,300.9784113904091,3571.0699794465527,5484.498602660752,1112.3225148291624,1600.180588493594,959.0112371566361,339.9071965228164,238.77029783516568,1640.571966772154,3525.613976928128,561.220676059515,592.8086698417533,904.1447203415444,4655.956507151373,2512.369330510385,975.2234849368124,3410.0132511802867,1874.9472377200864,2952.073518820905,2516.806587072725,1153.7757731371594,3286.5138748287554,3297.5938337088323,719.4014915387006,298.37231671251516,2582.3897866779157,1143.3129270572056,883.779471831993,1631.186308749005,523.3482224146171,978.8964587476784,3615.4960620917377,1100.3899395802853,1087.2941705772619,762.7092482792947,1299.6866455893805,1561.109336673437,1408.2801643291793,977.0631592082706,605.7256204473083,1314.4430130433518,1853.375805581445,2039.1533907857959,205.62870336344918,1509.2355967696699,907.4193860094293,468.75041142736586,2345.303799282515,2144.7402585287355,2070.793575143099,551.9020241636724,1182.3309632660041,1303.1937909148985,3347.9743439157523,529.9400419440595,2283.281970679449,646.3763475849821,416.27128078568285,631.18023774396,4404.397550857856,807.6587756720099,3513.206454900129,632.9015159383197,2579.4655528892285,410.1367701200047,829.2132490823146,2188.5486324483527,1289.6227849062855,3440.748949151706,1405.2849770723599,925.89151433233,2787.246742527177,2158.5421227480097,227.2229153426841,1079.7390751886257,2682.002167351754,12684.700731630946,6193.818212306194,795.3532179170445,757.2441949629787,1025.9740704769438,633.374876452503,904.7053483460287,2211.7961946688033,1412.9273186963565,1194.29738264423,1675.3066984768427,2218.4592280394018,1307.3956389047626,4667.242932122873,1162.9419356946025,2697.858952463549,1541.139340253161,1385.3029105484418,947.0013820818688,1581.8562945024485,1204.2540419445008,966.5719738258217,2029.9429063961375,813.7997257573523,2790.189451333061,1980.8667155396213,690.7900914986853,1103.3889786155053,857.5459679327405,1510.3825045438482,740.0821283612623,3202.705107335874,2205.44415292438,605.8093738444979,1244.9018940734325,3378.3949594138085,1350.1985017865322,1060.790309400042,5619.821899561809,2855.046152360047,2425.5125004689385,972.4631948484905,2230.447815475455,1591.4902071177605,651.9815089222612,1453.4983029029395,2573.117595596223,7203.33281946159,5693.808373987247,6160.731123481776,5611.931746747072,6318.826881817001,1185.923256798196,900.3006457406502,2337.9283566417325,1484.140666182226,3411.684945091997,1310.0810535776006,3621.2531546173,2536.265410194269,3163.4171573082226,974.4459169054933,3408.926116169823,1530.2301503493409,5930.234415065805,919.605016089885,1893.9036334737063,1238.9972140069665,3144.799579327821,4518.3809803909135,1548.293794156536,230.29975662126958,1510.5239487556232,682.786749000373,3230.578934911679,4475.385294627794,96.61123910119508,1055.6379952055406,1327.5107481241812,2845.483020513215,2705.3875135738963,5930.316131168701,7174.259538305045,427.6675182685557,267.8834778080184,415.3118270486808,1491.6639720427313,1607.854277065623,5631.924910604259,3467.2669660594397,7209.037580847329,323.09315358544194,1044.3153405374467,171.18028668254897,2488.6048990266145,1348.63486248349,1332.4422730021056,915.9103085289787,1185.9897418440264,5304.532709172467,1243.096166882101,2136.188586506358,6032.64660513497,776.0333430966098,1875.4541882985345,4968.44782426695,438.6788049425586,1843.6106433151253,2493.738170286391,1390.6535671907834,6625.609443697616,1839.1471907522466,997.8538684222133,10558.93144549274,2229.0265636764493,1231.6809478661805,2800.088480260772,1592.0229642158693,990.7962615000557,1468.3478846391206,1403.1089770947171,934.5138639405056,1609.4038343386396,1778.914527623512,1491.5894138684034,1550.6044259388827,3168.4869970421714,1465.3981929670178,3335.729079235274,2193.471330965864,2387.0680632435265,1278.1765305911902,1110.220866351125,1502.3858537378335,1455.0017090861065,1625.152877637526,1707.4069664302242,611.1399151386669,1456.934307320346,586.3550319819509,1969.4846694503174,2922.984863383001,2616.351296912076,1428.7533497577076,2388.5336122791914,1426.2276015917553,3569.4698092860413,1136.9812204172479,2107.7326018189074,1429.8144654881014,1968.9005050625024,6103.300113264029,1887.0928915473776,1751.5096481365656,519.612364741068,2663.401945956203,2493.855990151149,1370.0594150259756,989.2618134167468,1922.7336740837961,2423.445474754877,746.6346353589435,2352.0754068475417,1713.8982874856958,630.8279611565554,3449.627030304787,5912.930196239066,3646.0433209263924,6061.603234862253,1726.6708084552163,1335.6910807259794,2036.3643719311374,2382.216112023913,6251.482573768702,3565.376065525104,681.8172645520667,4721.686488718529,1559.7818163893676,2607.8160598969307,1579.8464293415063,5353.638948463805,2078.2274089303,5400.306834999314,2338.1993758696244,700.6053853805322,2393.2012832987584,861.7326607169597,675.2016592633588,6351.790420853125,1057.267239079787,1377.4818630782786,2650.0389787655845,4733.543688536201,1372.351141151389,1504.6159595417355,6379.9509186714085,890.6144930018177,2267.0860736780905,1857.5083380920607,3317.674289423495,2026.0169338813587,2363.474629184967,5644.26921873117,4728.2972902723195,1784.527503075606,4696.149656753664,6408.733268212564,2921.7515592160753,3262.0114677238894,6372.81875510464,2238.3334167002263,369.6595965091009,669.9839814506364,822.5266362646782,520.0714193433537,6372.566611534963,1977.3935935730246,6179.747524435695,1050.5409267944244,1515.7310602272587,2033.7390219680685,1013.6207181996783,637.2487435480986,1579.6550288737938,896.3147694808126,1081.2982010810806,1759.7577027153513,1590.2362894067978,1917.4748245005105,1881.1340643705255,5687.377427723714,6576.745968135806,1522.344584421756,6066.1349179947765,6213.730369924521,1947.3194437229065,6171.746275165849,1754.1306880166865,6212.413760445239,6633.965837472051,6236.861644068324,6047.913292689971,447.9193777652818,6166.9873614969165,841.4658831303493,6321.953208997978,591.1930591889218,1568.286385452314,1542.155835707495,6104.395007498659,933.6829511585976,5824.133139661495,6202.688234280735,2517.919669436786,955.9213548974056,7131.605953026847,2390.267066832268,6172.475261156125,1084.9160451849268,6270.581376083081,6313.769786552553,2446.904389244475,1522.9163423250873,5967.006304911743,6220.220434801229,5458.096260574479,6353.065922778351,806.6426846840179,5651.405414996989,4581.90539262407,896.5477964129768,5923.629940659946,6170.349625137508,6111.238203411463,6321.572202664533,6342.224268416956,7189.066759151501,2735.174579972843,5843.392452498591,5656.778378909723,5702.91205069411,6171.788203135051,738.2418899679767,5948.4475477902915,5912.10993573398,6140.53251580373,7338.194267415041,6159.4486848220495,6747.6444691027245,2338.9125226166057,5433.6186129818925,6152.608761418867,1645.7492308213514,7122.311729760695,4633.244688616297,6000.55946312253,1664.0765824246023,5678.5760138973355,4463.734106915772,2553.4074056202053,997.8385447519561,5964.201739926277,5850.264193525465,6158.757539866701,5792.066752670328,5451.0590412710335,4390.208385323838,6440.0761799319835,5950.3275537509635,6322.92188175292,6202.7574158150965,6570.41172361156,6559.133530453824,3558.155505657929,3573.3926637532604,2211.3744604435637,4495.807767182066,4740.09702524673,6191.773199118458,62.91934106350494,4463.922796266492,6325.250250480141,3156.800960318258,4677.0604003735325,2798.471393818758,2514.5025551905405,6084.5723897277585,5714.13814802546,6205.437329163634,6075.99467816932,6052.573901969452,5490.164854845246,5970.642962932643,2576.464278453317,5337.2010826646665,5557.516618509677,5799.996055724579,4752.294307665707,3634.362000568313,6221.4477699192885,1303.971178088822,5626.099600842333,5172.23867187948,5599.851572915639,6139.895005337683,5617.471478308594,6068.1651122345065,4615.988162747789,5811.314444901699,1333.0734029777313,6036.5572372970155,5326.008717608967,322.95488550924284,6402.723767364276,5950.437517965469,1113.8856432597734,1130.623929859465,960.5506190399743,1223.2463116174292,2871.7295173878224,6287.6025151722815,5506.2701882670035,5357.241720999227,3469.343339974013,5546.7095058431605,7858.922418386884,5935.427522013323,6415.378965198066,5687.7918713883055,2962.153589357725,5882.206585239331,3065.955802424186,4451.2989073861045,4497.251821388673,6802.407622479968,1615.9666136347587,4490.355324696187,4706.942044922563,6072.112485075537,5801.057468412608,GA
13173,316.0993215119396,1290.2176335593647,2181.6909812616886,3314.4401217557374,1333.3197172396026,3011.6627834243805,3786.23418589105,3655.8555303575263,2726.964144258554,504.2743593288865,335.89718802992735,1775.1271006178247,1652.1306590857046,1181.4390627753571,1338.082290251288,1242.7872489020715,1354.843205689685,1361.2979590381171,621.1728024598225,1210.0096027746852,1074.9648801301041,2804.217867679728,3213.739717924281,1027.2188827423497,642.891371251645,1266.0752812153776,344.3969634242064,3760.8878102442964,1315.4333133497578,657.1380780103718,1016.316148126064,1085.0542587215436,1399.9089753490182,7413.850784615982,1181.8369525823935,3616.6659386290034,698.9046595302231,3642.2231202937733,668.3326439923068,1399.6021104973763,3588.696928792435,3267.012160699491,1487.464752693913,1008.3549148631613,1158.274435277136,1081.551300287447,516.5610330016464,902.5940010345623,996.287171815238,2215.3478948200896,1391.3865282745664,7294.8034059790525,1524.0096838468444,563.8634931352898,144.66588598139722,3307.854766299409,2233.8447130962,5799.039874295458,1377.7411079776998,1618.0684180322794,3239.355099098929,782.9459533012616,352.24062799166944,1434.7427269356754,891.5402485426217,3436.413589447805,1576.9613278539425,3218.462375859444,3291.919692334002,830.2247186956849,3449.0871355023096,907.495267087426,2636.2760625794367,7314.932967556011,1334.6792557432445,2209.5553233125033,7514.0897625007765,1317.3759713350105,446.1426635550943,1538.5362775379972,307.00751074350205,1502.398534495708,213.88651354836014,486.860397716276,1425.1109495921594,436.0969579994844,1476.1804807961512,349.88899837113433,537.5282381219187,1794.5933448967596,948.3211455183624,1455.0760444219286,398.96771113164,3140.2325880897038,632.8488959745828,1674.5779735472204,2146.569786149736,991.1560698094894,1507.810187808083,1405.867696686206,469.756089103622,1394.8813847322765,1191.7143515647108,3420.999169428413,336.57157068571183,2921.0949068655273,408.0519884809156,1726.2358171796118,790.9359831683037,1815.1453998754766,1165.6791023579842,7222.016536631755,1430.931766172595,529.4478731652471,370.467070740266,491.2282424733258,3779.8406483412587,5731.713920428726,1211.3013621980442,1841.2943641833608,1173.2627861658755,271.96832048052516,487.13731228622817,1783.4402003525124,3726.656545243944,678.4133624599466,602.0241328592604,1107.8218406914903,4898.47733785845,2741.079664684973,732.0622858069438,3620.316840129454,2121.89783827463,3178.530986703244,2303.795458281616,1267.8451223342909,3441.95744769824,3517.39983340814,774.3627448244592,142.2659228533444,2798.642151627172,1269.5846756739431,1121.7139739751226,1794.1080689782057,282.6475520135244,1221.4336633467562,3841.881181532551,1327.6193832908639,1334.9891442006046,895.0441417343816,1545.5297429453747,1575.2877761068155,1443.8751265785052,1224.929722397295,754.4762105493396,1559.2664838068774,1969.505759050401,2269.482130086287,279.11939073583625,1519.7211785147595,1029.2393592075664,495.84233346458734,2124.52241096303,2339.279998593639,2313.2633451795355,578.3892373613577,1320.0081863875419,1539.4792843451594,3509.131796398161,587.5063365833823,2474.9312416838666,401.4938940918112,168.0368147182466,879.2353497873534,4642.887648555545,858.7549512261861,3694.4224665195534,826.8860475915125,2364.385810837124,607.5945358162122,907.8999284549462,2365.1741027500398,1412.138885927821,3610.715344005011,1653.1441133042001,1174.2174261821574,3018.426613816547,2356.156785928304,345.0387261855765,1312.4157752063627,2896.2080360411687,12901.689881617407,6437.987230953277,1038.1324153568912,975.8767542543652,1264.4375189098446,660.4696751882698,1078.3225778567548,2456.3196139863435,1642.7336044505118,1352.8621092776586,1923.3977848371592,2406.164472304309,1405.5475058695777,4907.734774975715,1392.2250656788356,2870.4975002574406,1625.40106897308,1632.4806887128784,1174.833917152079,1729.4481647167472,1390.3857273608317,1200.698283056864,2193.526983262368,902.6344412736937,3017.702505539118,2228.39949286844,718.1078510509179,1351.5273215841555,1105.9221124228773,1513.8574615903563,863.7315442645088,3364.507040025147,2408.5162451945275,816.3839890225798,1401.7030672308615,3556.018483161755,1598.5681846176917,1254.7324456107513,5863.51314809773,3066.8881372731207,2204.976209194744,1154.4572382782499,2449.313091466057,1635.3207732196015,783.9837569760889,1577.6020211318232,2768.9675125568892,7344.855432251741,5934.021957214956,6408.710648632039,5860.253910963548,6565.88755802562,1270.3055863175355,1147.1681330938409,2579.814173746231,1595.4366821774604,3631.681108530459,1528.464768260394,3815.2862847359856,2694.1854590735284,3386.553609948861,1065.0968322665976,3632.1366273027647,1756.1304881630685,6178.447645962309,977.5424808821904,2032.4452385968696,1346.2525610081614,3366.628569550804,4758.997090391999,1656.7885600133254,229.17904972991408,1600.807662320883,734.3490708600772,3450.327104836162,4715.633615371134,241.75774902470852,1175.921821100883,1485.9783851224038,3051.964135197871,2915.9566162748256,6171.905922716628,7314.4179722046165,469.2829092139132,35.052598480186006,584.7939803121687,1729.7164601820834,1720.030213672376,5874.570148860257,3659.241414780534,7349.033192120689,153.93188169356594,1251.9950234420787,120.89104325184393,2711.38460946071,1456.4115070894863,1481.855780960018,1061.6363680058257,1434.162275291777,5548.351160453465,1392.4128086488988,2325.263792611975,6274.783666163407,953.7412695196796,2112.242731836992,5211.6527304367355,557.0975987480632,2091.888691462053,2277.831331673404,1622.9199154585874,6862.009004816798,2082.010661916017,1056.383877146228,10604.534726245442,2456.312584513361,1416.3514285014714,3024.587943278074,1786.8931766179805,1111.4097175457878,1714.6119242925656,1567.1309658382447,1078.1563632647617,1852.5108355696466,1909.2762543133447,1655.5075012010486,1641.9666754465964,3344.4199663017084,1695.9042962276635,3494.6216819846363,2433.277847346897,2594.5713363795253,1524.7784338423576,1260.6347263260632,1709.71278241254,1703.3482006901763,1873.0110787655915,1955.612965757659,851.1475992518273,1700.4350047845162,834.5812839223775,2214.686361744085,3119.314984181989,2817.974012756264,1669.6172481308804,2605.1160099259478,1525.5280677217472,3785.1111268251934,1377.469722837121,2318.781845520333,1524.8040394483914,2187.33896136398,6349.874752352178,2135.1325826362736,1999.6933779515207,598.212233333761,2841.026490669882,2279.449961272217,1582.0351595131926,1232.6100263083335,2113.338217665404,2206.5516664962047,888.9973331769178,2578.8744775070463,1934.402888409692,796.6151824576874,3627.862967887357,6159.963247422005,3851.3724230434095,6306.396424148892,1970.3000766829919,1561.7621376939223,2164.352910082061,2569.858517253754,6496.844990227759,3787.7571877850646,924.519424613184,4964.098925015479,1689.1041323073846,2761.8009366780516,1675.841130779633,5598.087064308075,2324.6981803399785,5648.334330656742,2578.4255760116544,455.15999687060065,2592.848723720213,1109.777042477103,911.6585726441,6589.3303897064625,1303.0055782854013,1623.6456192927606,2870.8628767935743,4977.022604024574,1615.8119856049893,1601.2521983067036,6625.033418789004,1116.711722477882,2444.275907816263,1967.2617364501511,3491.5978005423494,2207.0939964565246,2141.6665819353707,5886.67423288884,4972.065405328696,1895.0267541428327,4938.1686927392,6653.840373764178,3062.770416992969,3479.7809461752736,6616.997951835536,2371.604463672861,591.6075966815523,882.2582400125298,998.3136085038882,743.3464683965581,6617.889843256865,2202.091191810487,6426.122156283949,1180.211078054303,1649.3714840165273,2245.3752088016377,1187.562304339473,792.7182426444074,1826.1566955252429,1098.9940724207788,1320.9597650055546,1877.4814099248536,1775.4828770605775,2138.589906105036,2007.8508096024493,5934.679622271538,6823.585597544269,1673.7731388149768,6314.127748054718,6457.365368548625,2195.3893339276688,6419.90205469344,1906.2893578474884,6449.758770419187,6880.917123909942,6485.063685358069,6295.7862254159745,643.6317831538038,6414.0172009735115,1012.5532621700838,6570.264626620867,771.2032291390843,1790.7144957172384,1702.7589612450704,6349.1794113456335,1099.6513560423582,6066.938414418243,6449.7001599141495,2756.5293213701143,1114.5984959535165,7266.654380789074,2540.275644673005,6416.6322547135105,1260.2256141700814,6515.99032711009,6559.672350185332,2686.4144391217183,1718.0580536831476,6214.040218090235,6467.315832125157,5706.218310177624,6600.545410023077,949.1071997417453,5893.695138470476,4822.5683900117965,996.0990617002631,6171.592267914669,6414.616616731416,6358.417878122792,6569.395774311492,6586.714900807331,7330.592012786783,2971.2108875556078,6090.421609123327,5899.072612978479,5951.194303626995,6418.140696408635,935.332023056098,6196.782809563705,6160.080269370553,6384.939187856622,7574.751682715576,6403.69970426191,6989.021986802131,2576.947466597981,5681.8963539660635,6397.641728208409,1724.7337918965375,7260.783486872166,4874.575784196414,6247.363954364803,1878.6333670148706,5926.587244286661,4702.6048200334135,2751.224083303824,1184.7809841149535,6206.74717957803,6096.117075375907,6407.135170115722,6039.739075489973,5699.3907799090275,4628.328642147555,6684.202595850492,6197.439319678652,6568.7137301497705,6446.851661730227,6806.981246783977,6795.679996881137,3780.458712540792,3797.0638599382014,2394.603337132622,4734.159357021448,4981.77387116966,6435.867095608349,192.1299648000671,4702.4229479585965,6562.579973929136,3307.892497981309,4918.669814918761,2956.9453849405736,2686.9776857463603,6330.267100045003,5954.547357789078,6447.880924360999,6321.870223699395,6298.285783317194,5738.072870285016,6213.084683255197,2741.032261579741,5585.287475079268,5805.2600383034205,6039.116319544936,4994.286602556905,3832.2399129978776,6463.801319854289,1355.9508565479025,5874.2203460037035,5419.725220060647,5847.352896807309,6382.172456427054,5864.704290649982,6307.652544641078,4858.232046622113,6051.34150337325,1581.330194931384,6278.447071602798,5571.460493949113,492.1835574388327,6639.8601823441795,6192.077445180666,1171.214230642009,1200.2775492632195,1156.6081500579648,1443.8317605588106,3091.3785511286897,6535.960008860476,5750.425087387138,5604.9269590236345,3644.8519265421855,5791.090480171972,8099.620190016034,6180.257747034948,6662.993541909045,5934.335346384547,3109.6975771692732,6124.543071143481,3208.143648812372,4689.939172079256,4735.250652664331,7037.985396595631,1755.9746015028188,4729.716563873188,4949.393048443709,6310.6728709871395,6040.502726543946,GA
13175,196.7672837091729,1152.5764957441013,2115.262777271128,3290.6467974507705,1321.439575528005,2976.9546193488472,3700.663552317948,3612.826849461892,2708.6540166910418,362.93688381813456,467.2278369031296,1648.6272436083696,1526.1404549076515,1210.1771874523727,1208.4952813136042,1092.4967851219096,1227.0266434149514,1232.4753950696488,752.6933182925543,1079.805937981062,941.4422647395315,2741.3144645657862,3196.991329378189,893.3908071504197,776.9862215966498,1128.2363350593248,492.6804274999069,3682.7875975795673,1304.1459446251838,539.3663973168718,879.9074774628328,975.3416070763536,1420.8611339045044,7396.6765595334255,1215.310048071119,3574.891467543477,746.5690398277502,3598.7287822933613,543.2291964372494,1308.9595463620974,3540.633743056101,3244.8660784250364,1514.2098979262496,868.6785583927942,1007.0483527001236,932.0185214253787,661.0538272029497,756.5381379080487,845.5014247945993,2295.346122196162,1251.7994755561333,7280.484197202782,1394.4440954894887,691.3786131436751,241.65490462308742,3282.7293400099425,2204.7854526482693,5682.169828577885,1229.1199321130487,1517.8115360521745,3215.296617885669,715.2975807155368,275.9646425408482,1393.4528956031302,764.0198410406633,3384.2900579165544,1452.4757179502114,3145.000748406876,3268.89291619883,691.4601414436286,3359.250027722657,792.7187913364276,2626.9632207108084,7304.074712174312,1188.197659740892,2205.423175734182,7493.567165095991,1262.3889764358805,379.8501154099563,1402.591049296934,433.4386059770088,1391.71563872561,164.790966405076,399.15699632013343,1278.2950442331785,285.85906104302336,1332.9564101970707,499.18878962780633,392.3952836181775,1665.5925297100002,899.4791828767646,1320.156616015573,457.05331122480334,3117.8446281424904,495.2062239247357,1545.0379512149134,2087.580535395091,842.9701745145159,1442.431525247601,1279.9042687259266,615.3764759725229,1265.3875278743726,1129.9715795891866,3382.3218482442303,402.12425052279406,2831.9758300828444,556.8812188285389,1587.482049506859,645.837502422354,1812.5659234411005,1027.645808409436,7212.429807512734,1309.958638546672,435.33737985211764,240.44920139127075,340.0151892754992,3708.0190040303746,5607.285189439721,1086.2955906592172,1731.449160447689,1095.9542524297515,354.0918919881259,361.4529755150675,1764.6244304293107,3662.1463335391422,671.5295788370411,511.1935815584269,956.7260551428806,4785.299685910252,2648.026799749873,878.8494929497165,3546.9933998485008,1999.2787425119407,3088.078045933965,2379.964829929921,1137.557748098765,3415.0843720365924,3434.3377853405946,806.6955362851177,259.92455003004346,2719.343562107909,1135.1649391836584,975.7330842253333,1760.5693035143222,399.3716172770334,1078.3568380785562,3751.4483993469307,1177.767713606696,1210.4592250968346,756.8999305067754,1405.7306080399462,1635.8383192511915,1492.0241286469575,1099.810502637677,610.8731218967765,1418.0310091325146,1840.2079668405124,2174.5672135805567,140.931659880063,1582.1035652958567,1022.626939308486,538.1081909120734,2209.181590484312,2280.424204460729,2200.778351205485,623.3915392029908,1182.1666450673822,1392.1327948193582,3477.9239239643553,472.76080106914026,2418.627553589786,524.9441034238763,306.97608646584814,754.1663272878287,4536.468410303828,894.3303283778969,3647.227786301058,676.1247326732017,2442.740985856889,456.3817188702858,788.9288257184735,2321.3555590873816,1279.423266413238,3572.646319105884,1527.388602611902,1045.8302908637559,2922.293249519677,2294.587603229376,325.900297349435,1163.9610122029794,2818.9935703744814,12821.464509769634,6321.416126244422,926.4438126272518,825.128388563684,1118.4811608481582,561.6130040271912,930.8622686661954,2339.724174393786,1548.6777091140393,1209.3380920900156,1789.0231947545276,2353.214127275593,1415.9395927064097,4798.101495863321,1242.760670644412,2830.085367003397,1507.6861505124268,1495.1755253719955,1025.2563805221491,1589.5530277677285,1241.3063441682966,1101.5979436401747,2159.846710976924,916.1160113674756,2926.0324739802995,2103.625635328283,620.1322307924514,1218.1399866040038,975.8563534753599,1580.0080497007684,854.7654202192152,3332.7582462426312,2342.007553989051,665.2476358917509,1258.7254034672258,3511.7622936188777,1468.5346969070097,1104.4925878633865,5747.976294765394,2992.039446790528,2289.342439839876,1105.127892419607,2367.314652115439,1679.3791352188925,645.0665768594461,1571.4392345950216,2709.049585669022,7329.084539209433,5824.749722726546,6280.891533957571,5726.611184692495,6441.911518354897,1288.8216209783902,1026.0298312129528,2468.2638168798594,1467.1502575006643,3548.4091685382036,1447.046587211116,3757.115581197195,2665.1266328312445,3299.8601250558063,942.517879573324,3545.3425483511687,1666.5809208770456,6043.722112878488,1010.2307865321741,2017.034774030384,1350.5913240042576,3281.3815681830692,4649.174146404949,1661.1937026111366,266.44845901256247,1480.5779603150231,625.0640641728685,3367.330424368177,4606.424031763445,189.32564185640203,1171.0581083181785,1455.3352965723984,2982.319943352247,2842.3604033902825,6060.279512820095,7299.642144887853,358.1768582997271,182.26750095443424,541.5548505334717,1624.743453501103,1591.7076264899792,5761.059488753346,3602.866522330321,7334.380597274738,186.895770142756,1180.9222223509635,152.992310649532,2625.1480779187305,1329.0329091805208,1457.8202557960096,1038.9491240175494,1306.804581497826,5432.587770206721,1251.3996867130086,2271.122568620121,6162.172997090649,805.2369886257817,2008.8873647042892,5097.143831316167,547.1295185180567,1962.8900380752386,2357.0831560263423,1474.0684031688604,6758.509052426862,1968.921880395728,1089.309037469387,10652.074443387704,2364.999332240222,1365.2883757656807,2936.397431096344,1727.548629603707,1106.0303895408254,1575.3172017871807,1422.6582304519104,937.7412778601853,1709.1591150843856,1899.431204804041,1511.1824031025853,1521.4138461797681,3301.494737962761,1546.5312483763364,3465.146133712469,2325.258403272019,2523.925141957305,1403.777713265261,1118.9903083369884,1639.1229886677265,1571.4011766874994,1747.039816176631,1827.3980445251032,744.5414475049023,1557.589095041216,708.5018382333182,2096.7011178813464,3059.0225796713407,2752.8521442055653,1524.6417623953168,2525.48456452097,1401.5435494321785,3706.4167926945192,1232.568848122234,2244.697399083996,1402.4919583697656,2105.8069242898405,6227.446103611032,2000.321356969364,1865.8323244400292,613.5839454836439,2796.5858509368763,2357.0953906171985,1506.9967844427294,1119.4694447241602,2057.813310520211,2286.8812898550664,747.9734964565969,2488.1072255390905,1850.7228141176072,649.6110012802491,3583.119057923895,6036.117641934817,3782.859174452199,6188.484556508551,1855.813632552204,1411.5511090892846,2031.190529159023,2517.0128430908053,6377.60036417964,3701.875107786224,813.2790681807443,4851.113340473114,1554.7771520558729,2735.737108242455,1553.5377639811593,5481.000361410205,2203.4110859788707,5520.311807355733,2469.6786198740633,579.4581262556458,2529.4980731174505,983.9594333172412,809.9460775956771,6484.179542254295,1184.6403913232512,1503.7474380486492,2786.74555668674,4862.0041774465535,1501.9475957227164,1478.5090162199524,6506.436394729043,1027.2212919074611,2400.038244808073,1840.2877542004167,3450.3332859038737,2159.5809281187953,2227.492069711832,5773.607804081171,4856.468735484287,1767.6545394392606,4825.900419126731,6535.183965539397,3046.3826647941687,3398.8816233275643,6500.39058142127,2360.2612562808567,506.5892896953791,806.6757655458147,850.2546059397715,657.0592599812212,6498.728472731031,2113.7921468252193,6304.2639115969605,1044.366158223947,1513.5694876444936,2170.713497888611,1040.2868139922318,761.5952258387024,1687.1879549849687,1032.3104137932794,1213.9448524080076,1747.4641556941401,1724.2810170571493,2054.231799285596,2000.6564487423514,5809.9158190965345,6700.307177351525,1532.7104460096127,6186.241143604035,6341.889181871657,2067.986525061076,6290.943984048819,1880.9106921561624,6344.906271385866,6757.276015929449,6355.735713445675,6168.553270041566,581.4636945350635,6290.158281401827,971.2673385110257,6439.817219789288,621.7663146260037,1704.9967905134515,1559.3128605539573,6231.283414493289,953.7851431899707,5953.109966633284,6325.8975414082715,2650.263853439759,970.4286618575264,7255.579543441255,2517.0321373667293,6300.088216231328,1112.8269392477393,6396.632269307022,6439.078130741774,2578.776099669697,1658.4427404092276,6090.186508834132,6343.231085997688,5577.576577710822,6475.041306925213,928.1070186175036,5780.839441210288,4712.659745332347,869.666689589738,6043.893235864903,6297.8406597863595,6234.0519576779625,6442.384929309746,6469.445042705551,7314.817449993263,2868.649577119273,5966.595808222024,5786.208191802723,5821.1580277243,6296.345585353442,784.4893548066351,6063.291075446356,6032.337375865654,6267.8675755722115,7470.9838366318545,6286.958524941004,6877.704661604291,2471.602181944893,5547.772298596517,6279.178332810938,1748.0460566790616,7247.230400929179,4763.525902339105,6124.247406568394,1801.0739389840576,5798.63177818123,4595.5925640671,2689.548440639932,1035.3354116733767,6093.3932818709045,5975.693251222554,6274.749174629737,5913.4824138053855,5568.740969663362,4522.473128186766,6567.700571244107,6073.323995055099,6448.4031671391795,6330.436423961523,6703.239540636714,6691.9722845474535,3694.663245341218,3709.742227533024,2345.399740758941,4627.94136366274,4870.108727114078,6319.453512622097,75.50892694651897,4595.981656568374,6457.742651687559,3284.233639614227,4807.130374499355,2927.5917950540675,2646.626226971037,6210.223103173996,5844.950823412635,6334.695804665526,6201.366996128755,6178.201557090508,5610.714515814999,6099.922236383949,2706.910035338893,5456.901037040005,5678.706668977644,5931.590547231512,4882.059808636913,3770.628292466459,6350.780676729394,1394.3104003336182,5745.569415377322,5294.314147554857,5721.834858262858,6269.297691389523,5740.199075710639,6199.525492465645,4745.5671120614315,5942.364766387024,1453.0373726223565,6166.280694703894,5452.089676398461,447.3834645942048,6535.302767319421,6080.361221000957,1205.5528026956722,1227.4416729979196,1006.0673503123596,1360.1438893265672,3008.5075198123955,6404.74641479507,5633.946302044807,5478.659645133767,3602.338556230878,5674.128567774425,7989.394467265572,6062.2742113852455,6536.928301389294,5812.038418505755,3088.579995767844,6011.581618543525,3190.980618905576,4583.284296172984,4629.566415188363,6935.644112939184,1618.372274104229,4621.933208224774,4836.3382370709005,6203.997249460565,5932.463221194131,GA
13177,203.88697545482486,1177.4214603955909,2048.4884695703618,3193.335566214773,1215.9955392144816,2886.4507746234362,3651.716590980753,3528.155710976948,2607.923247572579,479.94787472363225,465.2402819475866,1651.6606741974106,1649.419114692138,1086.8630742720563,1330.131128125522,1157.8911121801214,1349.7156137343193,1354.5471100087461,747.8900718967352,1201.32899698664,1061.0017682739942,2671.6976838432106,3095.535407002436,1012.886487009224,767.7757610318207,1153.5920236784632,454.72018816700586,3626.6424702310637,1198.3505019354766,532.6278470272073,997.2656145158318,954.9132781773101,1300.5531733726625,7296.064408776251,1090.5467407193455,3489.332890472302,617.3460845003597,3514.3841091191302,669.6112358853492,1265.399298901567,3459.5732234396073,3146.556568478938,1391.972589137217,899.356285048051,1085.792116142928,1026.113098056754,631.5253920990841,805.366343754913,916.3722453143117,2349.342459566988,1280.6574245363945,7178.2663175914,1515.7630052359436,693.0423994182021,276.446960522857,3186.223423692425,2110.3169460463228,5669.416967045938,1325.3023803998242,1484.957348629712,3118.124776455449,648.8124503126977,403.9196724573922,1306.5664899427838,888.1401628978641,3306.2333104055156,1576.6369439173225,3084.5689710443376,3171.11533646742,721.3655723178719,3314.636459231099,921.6611487467688,2521.228771997317,7199.977414823279,1236.0329002529872,2096.796667089735,7394.885887209301,1185.6979082952455,311.6297643255415,1518.912110983806,438.71027314470496,1371.9167230804699,279.85823404121663,530.005890058479,1379.3004635021427,386.1649631030896,1440.6725556071353,456.9580399477851,443.9939836727993,1786.9162956268756,817.4297419313012,1338.9037407766696,325.65060327128424,3019.642436724321,614.0520161918828,1666.1573163119465,2014.58823015994,898.9047919967742,1374.5118060271673,1403.5418771010266,583.4305853158885,1386.973354418567,1058.7212537428695,3294.58634044059,270.7462832911256,2786.635042896452,515.3179892980514,1700.6081359955801,692.7251472441625,1702.8741062222614,1142.8583789529928,7107.648237169338,1304.7900657787034,397.4653205943332,368.0732974922712,428.61189815673856,3646.1653644184275,5605.531411561967,1210.7850828526946,1710.2667583744799,1038.8049280923556,225.86128052804662,370.884520613321,1663.6257702994035,3593.9961085097393,561.3272355568811,642.5412094343557,1039.8947208919203,4767.676591531861,2606.8369287738174,840.6459828778544,3486.4679706190504,1995.8146841407788,3044.112938965171,2437.401397518455,1258.8879484514391,3319.6854272065275,3382.9177559271648,681.2850536717924,159.2725764168374,2664.279244909403,1253.4208879348027,1022.8410275715138,1668.710785535708,416.6631235069197,1116.4539926720047,3707.443005517669,1239.9998471418694,1211.0352655749728,873.1912490768236,1434.671584063122,1505.6047830930574,1363.8628835404104,1101.618476527909,721.4909273721114,1450.3491245087464,1961.1561212751515,2135.4524609044306,267.4866937327757,1451.6107161062616,913.7452030814007,409.0033926031056,2258.851937370989,2207.3856328661177,2182.7955993450682,494.2140547166448,1297.1143838837845,1442.3739794403327,3385.269911810911,602.7084349560904,2343.591135188165,533.2878471026208,296.816029897313,757.3188940046808,4510.339859041518,768.293864390802,3565.5501995708173,765.1937783840997,2498.2422089844204,541.9523145958361,916.6323715893243,2236.8939349621346,1398.7157973060391,3484.5374166747447,1529.3706768688035,1053.2913355681856,2884.4281982728785,2223.7675343873148,218.4564519369946,1219.3355776877218,2761.975400937821,12767.464619722949,6308.197380739194,908.79718100233,895.7825507859646,1164.8483555704104,693.093942694053,1031.6309552595403,2327.263644103466,1508.7582304099767,1316.91048298373,1805.8685628963672,2275.5428176040477,1299.8192638094788,4775.921512278049,1302.6059417546953,2743.401311313586,1634.6888224715556,1518.4220007192264,1086.6122933937584,1701.3418657756354,1335.8637933589255,1067.6985409843742,2068.341803912084,797.6239875296291,2883.352237612911,2103.433452314684,751.6104976644376,1234.1654025602195,986.5329215687648,1449.1044509173246,746.5746333643558,3240.417570576743,2275.3542898323667,742.4603686040881,1367.0160939247962,3427.942457302703,1477.8503622571545,1194.3417594176206,5733.400927983084,2932.8528382321724,2339.296300606395,1023.8157583487633,2314.8308367816944,1552.2858938715306,761.2991754015594,1463.3094418575542,2636.977150427489,7227.67729442063,5802.0379430839075,6284.439872513427,5740.3800677748095,6439.368235551472,1169.2298475390116,1021.75334278165,2448.9461460873604,1589.1720360669867,3497.195810420781,1393.9541533716174,3683.810082358216,2570.8660803722805,3252.0373264575123,1068.4521434420387,3497.619840436827,1621.7736532011263,6059.485032832948,885.3045515476473,1914.2901433022118,1237.048864509789,3232.111156427154,4627.247123429704,1548.022669752171,135.24837423870815,1606.6436681855635,755.5264567938597,3315.8454495688957,4583.7300213808785,107.62064087571079,1061.634453484525,1361.2847176942294,2918.4829257118126,2782.022752283461,6040.532413998935,7197.678458591126,489.18205762214035,141.90457773166872,453.8985824814747,1597.487467711101,1713.5464831485406,5743.783114203051,3528.123295435706,7232.351515308908,261.5144776089143,1117.9341097199595,31.779501980401815,2576.8697108593324,1451.8018259795083,1359.6092675211812,939.182663501822,1311.819850420698,5418.348227412957,1362.4837406952906,2194.345027483701,6143.6897561590185,903.8068016709855,1979.4907425700503,5081.250568548279,437.61921177231676,1969.7661316854008,2411.7645700739317,1530.2335681459035,6728.778443385446,1951.8622237306552,964.4827218785408,10525.292121612698,2321.9785337377834,1285.6146861971338,2890.099109553829,1654.6987743200002,996.7250813978278,1602.7525608516569,1528.0738080612218,1050.6216032052023,1746.3076364890371,1793.5499974326544,1616.6701348258373,1647.304643653452,3216.688345237644,1605.044656852011,3371.3863602193687,2301.470233060621,2460.9097565625884,1398.4983437358553,1229.6185212679873,1575.8716793471226,1583.9868722051099,1749.0925528539105,1833.078896025956,720.689833777872,1593.6756612911704,713.6513827966254,2086.33001596156,2987.319369766913,2685.095258689832,1566.7476225414691,2470.725844944483,1526.0192265868047,3650.828485510175,1275.2419580455016,2184.734172451637,1527.7528468612936,2052.857948738964,6222.59012923205,2017.7670288484023,1881.5936727921764,492.84498231412505,2712.731433293463,2413.219165880697,1447.7834414029041,1103.370269398132,1982.040987521373,2340.57493414748,861.0868777597702,2444.501023039405,1799.8841845009229,753.4784260521174,3499.6606702866284,6033.418550553436,3718.119033828087,6177.127355129836,1840.7164401293387,1475.2799670981797,2149.124429910004,2439.3119017134673,6368.100562092828,3653.238398997347,795.3737472085373,4833.231320541194,1672.2888900894968,2639.634491728918,1678.632542793537,5468.565670977394,2197.792678739264,5524.293416674772,2446.760492858209,586.3055007411201,2460.211856061761,987.281837203432,779.6756188921077,6456.407443053113,1175.821155209341,1496.679486198237,2736.3512746842507,4846.81879840629,1486.3008878250641,1603.4828590275174,6496.010727453413,982.5423278856938,2315.9078288010023,1962.6825560548275,3364.394457667207,2077.7367409150233,2276.0576654683864,5755.7478242652205,4842.064452236021,1889.8814032403086,4807.085424098812,6524.839396091073,2944.6763806819263,3345.371579791762,6487.207190555082,2255.484754956686,457.7312562428057,747.7770933752611,949.8594617991208,609.2560491033688,6489.100025779206,2067.6355226792857,6298.554085107862,1161.641458055272,1629.8308189636662,2111.2690103191744,1141.0105503850314,666.3425969422574,1713.6982101006151,965.2694716128424,1189.602840616518,1868.0234532440052,1644.9859835015507,2004.0707805045688,1893.4582579774954,5808.655161231313,6696.6790624612595,1643.1173585711765,6189.911449659327,6327.1828939169445,2072.0796399702645,6296.376397839444,1783.9352534087823,6316.785873027322,6754.191478415715,6361.781666565937,6171.16072424766,509.7612035459683,6287.451989829068,883.7207493939343,6447.762502067619,718.6788120013288,1656.2143726849242,1666.18924817042,6219.900372265537,1058.084247667952,5936.236909813564,6323.101676355573,2624.209552342662,1077.7995673545747,7151.594183188681,2419.1243041724706,6286.834201372395,1212.9468962668127,6387.291913253857,6431.507366873063,2554.4362718798347,1585.7803512269727,6087.493795947521,6340.864272381172,5582.575456774883,6474.859457358556,827.0128797979833,5762.703665290326,4690.83478241234,993.984992691043,6047.274103026408,6284.904303309832,6232.1282734096285,6444.60176513828,6457.1740761099545,7213.411081549761,2838.1058297787904,5963.874306428515,5768.083372471158,5828.478083391368,6290.5433555854515,871.8642032001106,6076.7282147112865,6035.791395419384,6255.339900693545,7441.540547554122,6273.975389066595,6857.510064865331,2444.4680414718077,5562.472140821117,6268.584469344675,1627.234081526161,7144.588214572544,4743.146609722859,6120.43314998385,1744.2829159386704,5802.4645270145475,4570.181186290153,2618.9072915377405,1129.2716511741976,6075.885139450289,5967.920452547832,6286.135298598042,5914.553791868061,5577.1564289346725,4495.6635041759655,6554.368042225292,6071.033188160536,6440.421751288882,6317.004080662226,6673.793990151108,6662.487351143846,3645.9401572917,3662.550597621579,2264.884724396777,4601.561223882553,4850.509084410209,6306.019794567407,107.8975614100376,4569.874876850385,6429.599164542301,3186.839692926797,4787.375043562229,2833.6086358871376,2559.8420355610488,6201.880058433203,5822.643489467235,6316.949157638524,6193.686833227474,6169.919360200766,5613.597019675793,6082.162835045136,2615.933122721814,5461.493186145118,5680.281606443361,5906.713082896814,4863.1853018513975,3700.095581149311,6332.818012368018,1268.411789114668,5750.55991165819,5294.1308254649575,5721.7622846715685,6251.1504806417515,5738.546823835359,6175.3706797307495,4727.276918796732,5919.277047458125,1459.3606017816178,6147.2215907226955,5442.860775603035,360.30490928652296,6506.824354031623,6060.728081682138,1080.521680086938,1104.6702731657697,1094.4772552190668,1309.3189163628176,2956.892768053625,6414.029691782718,5620.661466156331,5479.804750161465,3517.302736534332,5661.502865665001,7967.75925146934,6051.028159948094,6537.6241086112905,5807.030547861785,2989.616327966855,5993.566130058948,3089.7583005479523,4557.438190001053,4602.541740261577,6904.5614976687875,1732.696614988894,4597.465700334712,4818.548498067861,6178.069631555591,5908.216230150892,GA
13179,344.30668489348847,1266.701635488015,2267.7238526086603,3440.323537012778,1467.149533356802,3128.45003312878,3849.329156814259,3765.2859626128015,2856.968069580554,381.6867428436059,375.89680506270713,1775.2459398441067,1493.1959989069287,1339.1787293022842,1183.590507077423,1169.0689945200895,1198.48699501792,1205.9196172079821,650.3507367696483,1056.7836361656132,926.5847978963428,2893.950896657123,3345.0478078320043,879.6263797401834,678.112265851187,1242.1794525383189,438.5182860711656,3833.282853423369,1449.657023125265,679.6244013979948,872.5028260395475,1117.0313781178977,1554.095080927265,7545.288742798,1341.7932617459767,3727.2448642506897,863.3443511502219,3751.22251728964,515.3565785393499,1457.5434225340757,3693.3935709716493,3394.1874622997584,1644.713668260879,981.4417553470198,1068.2727992973387,971.8269528568164,586.8501832966599,855.9511218356737,919.7075909077832,2147.039179551685,1362.0069341949315,7428.383938200171,1368.8315135813398,584.9042810339346,147.6739868908723,3432.6725274207465,2355.2045708982237,5814.4256229646635,1260.967678105392,1662.626348193943,3365.0135940099553,868.1458140115602,180.1270301097266,1545.323947811466,737.8011231897333,3537.162646447796,1416.927054286967,3296.430797662402,3418.406421819578,807.8871567763805,3506.697755760483,743.2574402483863,2772.827020222232,7451.052094572892,1282.2279323232194,2349.47936135872,7642.945710705776,1415.217251589363,532.5033514274445,1391.0492997437975,337.6307409184528,1531.4936080962775,43.000561527193575,315.11570873184417,1301.0401470360307,350.58820223375665,1341.9760845398164,449.4098861680497,502.9172000103279,1638.1512232027994,1051.7621528459913,1437.6198934251702,564.9513422782026,3267.1924402585278,497.5072495932123,1518.9557764804092,2240.4331484947243,933.7304813960159,1595.114891590324,1247.5968681393258,546.0248587230061,1240.0676931902276,1282.845170030888,3534.3563030189052,504.2375996434026,2979.8402468737904,501.9062330766071,1582.435376350914,749.732142298488,1955.8439444280687,1023.23416649685,7359.042550114228,1442.7060838247423,586.0668596611582,239.09507755219929,415.61455734805116,3859.6184820867434,5732.749027457336,1052.9444722663302,1871.0421960183255,1247.672534787963,443.3547659807505,499.5743336300882,1912.6381161527752,3814.592675391221,813.8491814495289,429.8938351769318,1012.7194395535893,4920.593335699929,2794.646969792598,806.8541115286304,3698.38307680577,2128.9475070193043,3235.411852327493,2230.5638775106136,1114.4203469496783,3565.383650438102,3583.740385796439,932.6153015411827,316.9588298033914,2869.80360154088,1121.1605448742662,1072.9356209562661,1911.5657693643548,294.66910410568283,1182.428040049959,3898.5850150901506,1256.916087950753,1340.4420452354386,755.3576623200921,1514.8280016196536,1745.6529593983787,1610.2024210675834,1229.744083157714,628.3832029858057,1524.25796035878,1813.0236427572675,2320.796058601528,180.10666987930836,1690.5278162244297,1166.1554899729747,656.7040862033579,2062.4297670495803,2433.2702869102827,2338.064975448019,741.0810043900736,1176.3211709224934,1482.0391012123855,3628.974986485385,427.25640186132637,2571.5106639885284,419.3129133924341,247.95612055929595,886.5036429768459,4676.165927331226,1018.8232752116423,3799.9520147067733,730.492974191595,2293.881988616997,526.32568360375,746.5089152775545,2473.7519780586154,1260.890392517886,3724.631819565752,1655.0899089004733,1172.7702941046905,3067.602146922691,2447.336445163534,468.37091895439636,1250.6737719642829,2969.8408712132546,12970.72215460593,6453.752501715193,1067.252911045673,900.0347488262845,1214.6341561468053,490.4110348062826,959.0861417445514,2473.9384478629954,1695.8362021110265,1219.9839178575387,1905.7253149667356,2506.078250274643,1553.8787743008115,4935.773391407525,1323.8768297833149,2982.239869482859,1460.4200496734968,1608.2854809691864,1107.2842938611404,1587.5922176444924,1275.7533209343599,1247.7493052860702,2311.0163777783914,1051.6392607432258,3073.014301255232,2231.0771714418124,547.2814754276733,1338.1967557955095,1101.3876947834453,1685.5769687595816,998.5771955749899,3483.8739567529155,2494.422539965421,736.4009815484825,1267.300054155972,3664.3057894871913,1591.7820886112765,1148.2391679222349,5881.258227605777,3143.2714695451477,2142.427232676975,1257.605673079196,2517.3053758601427,1800.323044842973,647.3622121795303,1715.68549497575,2861.839371528141,7477.352430467844,5962.391912031685,6402.496404259581,5840.92441039646,6567.598790524777,1422.9904585331726,1159.8330201806564,2605.88744959512,1438.7662952391674,3697.731923935973,1597.7202316275348,3909.9285440024396,2815.676606565952,3448.303819884364,905.4407446571267,3693.6904402702653,1815.0449996040775,6156.335600566566,1136.669898928268,2164.333694072737,1490.8551731546604,3430.2423920722786,4786.769705399576,1801.8142609732224,382.00572472629204,1437.5100040987954,568.3448518020884,3516.765510203969,4744.421382925655,337.00081922986266,1314.3224596553387,1605.656675347077,3134.3085994684475,2993.825734876986,6196.318566611341,7447.659383534551,309.92627491423605,207.04194262382407,692.3313661069394,1767.1880894403596,1563.0868751596054,5895.845197813367,3755.72992088479,7482.368791798383,60.98714117838234,1333.2928435244555,260.7300464370205,2773.953322977417,1299.277640939894,1606.8132993879226,1187.0868011683071,1433.5983942934079,5565.779143617639,1253.944515583055,2424.0016650464,6297.507250165219,840.2495419053166,2151.6247325088807,5231.378218323321,689.6280260518176,2086.0898613673794,2208.522286197598,1557.2377870846994,6899.356397616725,2106.1030430781093,1215.8229591051077,10772.252042446027,2512.377514638497,1517.9791503282825,3084.5102614325037,1880.4140755890692,1249.3383986983386,1684.7079741408206,1435.5516219069968,940.6121166993493,1809.615714908713,2045.0931000908972,1523.2080008055368,1478.8077208913633,3453.9238516043256,1626.6619980926637,3615.913264241101,2465.1812527023244,2675.8688796145057,1536.2013418994266,1124.167478232396,1791.3197812011365,1691.9809589770275,1873.9657708034335,1951.7605417066834,888.9755358035962,1659.7545552768293,840.37181715745,2230.1485571522917,3211.778068696497,2905.3282156784962,1621.5338894076936,2675.935775624277,1365.2144736070695,3856.783662598999,1331.055050027329,2396.235875025832,1363.1815061616905,2256.020570929233,6354.70417186687,2115.911792180246,1983.0768378446992,746.7157548362743,2949.088282362386,2208.090706676607,1658.708301360379,1258.5730354887885,2210.699119492675,2138.677849189154,754.7474838399443,2635.59823314726,2000.592306107576,679.707258284381,3735.699831278627,6162.04366154109,3934.890593076715,6319.7657273646755,1992.213303893356,1486.7963899947422,2011.7602921121875,2669.880060961789,6507.710332645898,3850.451414060573,954.9590180458431,4986.522188641038,1538.953295220164,2885.750039300458,1513.872830484055,5613.137479643303,2333.9644712843233,5641.9158070093135,2609.04370045252,472.4547274730239,2682.126307144101,1113.867211127615,956.1081725069336,6624.162600286361,1319.9056520896754,1636.8011972379315,2936.0603140280195,4995.931344142578,1639.4561317060059,1439.7755086010718,6637.069459941217,1176.6326489122525,2552.479878245582,1808.5848541320431,3602.6319674888396,2312.217772835585,2081.1376979839847,5908.708757128458,4989.960187411109,1736.8347000169765,4961.817193054832,6665.7601291827805,3194.3133794369896,3548.8183038209904,6632.657703050455,2506.6102135773317,658.4611754334004,958.9520801632159,882.3194383841899,808.1772023015584,6628.881633844639,2262.2684627530066,6432.0416564167945,1034.293857256202,1501.3186384699654,2322.186943813537,1066.659889458976,910.957359249816,1796.8139709138966,1185.0587769973695,1356.230170408563,1721.9011574046874,1877.0468214283414,2203.8108277050337,2145.5755063444426,5934.975695467782,6826.623652461316,1534.253374139504,6307.795423557239,6475.076091413963,2192.775896632319,6411.212372308578,2030.4815920766107,6485.08169136528,6883.219956652923,6475.540332934823,6290.8550739262455,734.2597161660301,6416.002397319423,1122.7845025261563,6558.211668155169,665.6280460187802,1854.4757982723847,1568.170687313482,6362.567407544642,974.861803408569,6087.619269112186,6451.788570692832,2790.910621151003,984.9776625681925,7402.613662708436,2666.410611638525,6432.450981664988,1139.221745414806,6526.63965329763,6567.9836954391785,2718.700672879745,1811.307539301284,6216.089529547628,6468.834461005092,5698.440157560894,6599.14397756958,1075.5921432308037,5916.08817166375,4850.181020992917,840.3386716488928,6165.703701751626,6430.019296164601,6359.399476940062,6564.85940747495,6601.18658735945,7463.0853604095155,3011.0988288279946,6092.561012971198,5921.44946596601,5940.2546072737705,6424.184440928638,838.1338760461223,6177.70836525601,6154.101174582092,6399.815909564961,7611.576512743577,6419.167455035081,7013.7887430109095,2612.8859397816777,5661.450913763785,6409.977561278061,1880.521491266375,7394.929928952737,4900.2865472962785,6250.869052948691,1952.2246656204254,5920.222923805601,4734.927501225435,2842.259641726649,1073.5839216842598,6228.213967108735,6104.868764515058,6390.644700367536,6036.9351679938245,5687.150563481672,4662.496996236257,6700.036549251708,6198.969056757211,6577.560787605512,6462.894217256379,6843.965239212791,6832.718252010957,3843.2660713259443,3857.891089399567,2498.144288352382,4767.727917319879,5006.42441675779,6451.915126638464,228.37718598859462,4735.6489480080245,6597.906559369914,3433.881547823333,4943.550006628877,3078.249282812618,2798.7496022959544,6339.6758652700855,5982.38143268479,6469.584596102709,6330.413077636206,6307.626778341844,5733.044697049404,6234.878790138167,2858.276908605731,5578.104695597486,5801.908061554818,6070.2919069538875,5017.988126719145,3923.2781429295533,6485.7836460228855,1518.3354271888302,5866.367282751991,5418.865005931293,5846.135224547397,6404.421950536716,5865.54461100257,6337.80592303522,4881.233806806436,6080.168543511908,1578.3097734475061,6301.924695889002,5582.335171311556,597.8990698044372,6675.6091627445385,6216.334443229936,1331.541107588407,1357.2883647386286,1053.5296583438003,1510.4297608579698,3158.0685109694746,6522.167168854774,5766.525385745256,5602.236540719987,3754.755953782671,5806.313046374633,8126.019286566488,6193.527001806748,6660.415090866842,5939.534532505671,3237.6435763110994,6146.701466761457,3339.1385459262847,4722.831612839166,4769.656223513008,7077.077231536462,1610.2534024470394,4760.802082447293,4971.702807411422,6343.1516819718945,6070.85183262484,GA
13181,183.9081643225872,1027.6727534915317,2083.4950568658387,3302.7849170215272,1357.716329697337,2978.0269525566346,3640.8932401942297,3603.030655980094,2728.4402625008247,209.42587203831675,606.080956220742,1539.4688895278643,1380.1069183724576,1287.6795148368526,1060.0780647114211,939.6293288510662,1080.1982577923436,1084.6866482758949,886.5093935806184,931.298752621845,790.3939462344118,2711.05209580306,3216.944062335461,742.2855674731658,913.1875886335183,1003.1407917816156,646.8358822509729,3632.130639681811,1341.2781563103565,464.5184654827778,726.4218863499162,898.3338837513218,1488.5360470650864,7410.735732733699,1297.0562015658736,3566.5808150025487,849.4291253963447,3588.440126794392,406.6559326216389,1253.5115145510408,3525.319800526804,3258.900676568349,1586.449939210872,742.4328005735495,848.6075455381412,770.2979548122861,809.5683360822861,617.2724539287526,691.0670462659047,2362.0128178445348,1122.697182131944,7297.686254967074,1245.5071554851368,822.0781748877387,373.6512342397653,3293.4442955594877,2215.1585598657057,5580.557827029374,1067.322070235296,1447.3031868271978,3227.3417844990013,704.2409550426204,244.72143708033366,1396.9769953688574,620.4560863293772,3364.7107754138674,1308.0255197259153,3101.052762532716,3281.9150470514337,569.9378866914894,3294.8309153134887,663.1468709597629,2656.583836123382,7324.948422039583,1045.375609668757,2242.2945741939047,7503.954506047508,1252.0180813859386,399.0401321310835,1248.1769545836135,569.41980310085,1307.770975377874,218.57267118801468,325.7164201300476,1116.889547080886,124.5001544881647,1173.3287145557608,654.6048657131868,265.06576076942747,1516.5928381056372,904.1232405777414,1199.0278878342458,578.8720566394402,3131.958627780237,343.6997040095633,1395.7910388403773,2064.7652321911387,697.4051451130487,1417.264073484221,1134.6322000652794,765.5223181491974,1116.8719053447655,1113.8366388221468,3377.9035257412734,531.6819040262429,2769.6732631784835,711.3536432457823,1430.6932976543485,510.458008811599,1853.4593033471133,872.2379944960695,7234.722517012404,1211.4849648506622,408.7585190035849,123.7639021352793,182.81901976491642,3664.8266052205854,5495.47443249209,942.8212042472957,1646.2257408247933,1061.1778675699136,495.1692700855917,288.05724533642615,1788.9327038751894,3627.657721892109,729.5293096049393,422.1970926202443,796.9758817466901,4689.186729306616,2581.2858999433474,1029.1628639839282,3502.321137400477,1894.545911971265,3023.464987084277,2442.039332576783,988.7413970503217,3423.5768235163764,3378.129349328207,895.2589425257573,417.90531179738923,2669.521070598332,982.593121395548,834.9941527262988,1768.9578035431414,529.5098711620665,943.3880606176732,3685.593371955063,1026.2294130482994,1107.3335897174934,602.3676360612802,1275.527516765598,1737.7036466022953,1584.0428564446888,996.8992766796792,452.05875727381766,1285.120051661786,1690.6842066773645,2107.1461200839003,64.90486131373339,1685.882574559671,1069.504108594535,644.7011882619968,2281.394838526744,2256.7533380656496,2109.7814860861668,728.2523159561338,1026.586325960935,1246.777912539135,3481.534022080314,353.4723361790772,2397.296771725372,655.5447097300126,456.43725835966484,657.41392882429,4449.399270824652,983.4761708814692,3632.67073292136,515.4579696073098,2507.018490874913,298.36545519234915,654.6197207518327,2314.7525554257177,1127.9746702030063,3568.471237619979,1420.009136311334,938.1435168141077,2850.887830200745,2267.667875539345,403.3890009755884,1016.4231840904628,2771.404218822897,12761.552360239191,6219.860954070613,847.4338747171241,670.9306507684092,977.1115327751551,458.85212619679055,769.3111642813693,2242.566130385099,1486.214076572681,1049.606615936191,1666.8187547215275,2336.051511555066,1473.4693225900955,4706.6268655778385,1092.2808539055122,2825.28344673417,1369.4784745525506,1369.0622897657915,874.9075270658316,1431.9474294675967,1079.5171738208776,1037.6530163034477,2165.3905714438747,984.9615971449692,2860.2789672831263,1995.3726034205163,515.7017718119389,1100.3185769675536,866.1758493275638,1687.009537737939,903.6736394723767,3336.1190052834477,2309.0267160552153,508.9671616545268,1099.2994665802887,3500.8067269864287,1354.7148163941436,943.1337805830163,5648.094398161641,2946.8201528259992,2360.909133725382,1104.1321831914431,2315.427658764111,1766.3356691478416,490.4613417094503,1610.708748331961,2682.390750669445,7344.697705760745,5733.001121929494,6164.06746483574,5601.627274278884,6330.3470130307605,1355.7282246769134,930.4959626194079,2377.7220929862883,1319.1838802731133,3491.7245621917964,1401.9580693981295,3729.808200084311,2673.453212571569,3239.461520987797,802.5189843295133,3484.3414206574516,1609.0499907755511,5917.026569109151,1094.4834124065032,2043.1696052425068,1402.9323144526081,3222.806476300927,4557.5806790872475,1710.3777586380704,393.1734552769116,1340.0520507086962,506.15516243418574,3311.3374309721826,4515.669011816005,271.7970333751363,1216.8212348006198,1469.9094092165426,2943.3558950892616,2799.0729997691665,5965.342281586725,7316.341875071666,254.9509312259221,343.70593039888786,570.0171441759418,1546.9589288218508,1443.4384035157502,5663.837515491653,3577.9339077321442,7351.18633506503,296.32861619752924,1152.4558513266868,299.4558176617319,2567.0617557181813,1182.2702715903267,1479.5280905450634,1068.867462478941,1198.3363853734247,5332.59510007356,1093.3029086678646,2252.976319542971,6065.89823058451,643.4633102724849,1931.095785332093,4999.036371870017,609.3154261949818,1848.6778355463496,2422.67771789602,1324.9020275762794,6673.567921780306,1877.9751467537192,1172.4026990364075,10730.739196440614,2301.4274317298964,1358.0183020098198,2874.979531825319,1706.788612805682,1152.4421814976167,1445.4103460873025,1262.273343633684,780.5848519022203,1571.4395744369958,1932.1877720355585,1350.8445986073414,1380.447787152543,3292.527356281789,1395.882478767541,3470.6828758585348,2239.94480567162,2485.253006919922,1304.504853437733,960.5950515557615,1605.6346463752093,1453.9714284537893,1638.2526123479056,1714.8485997392277,678.3293946397094,1421.1936846821525,611.2437096096438,1998.341172689684,3030.849481023285,2719.940340678379,1384.1241753054571,2475.90948779012,1257.7203219128905,3655.001182196112,1093.0611567668386,2203.0541841305344,1260.2493261033508,2055.688209232666,6118.084804136965,1876.8244289784134,1744.2337021805006,694.779792875754,2787.3731122096106,2420.900211475217,1469.292667659141,1034.9640518812878,2039.214283428285,2353.9509122880013,590.8563071421154,2424.7829493736467,1799.3842141698804,488.37381091257987,3571.4596916613004,5924.906920056856,3743.444234503315,6085.21665522708,1763.4053594517588,1258.5312965716882,1878.2853965709055,2499.263829508713,6272.463559988117,3641.7204993129308,737.7168200544156,4755.2016884938175,1401.4566991549686,2747.070065409596,1410.8307044571663,5379.21781939048,2099.9684611832295,5403.521084719029,2382.936656394817,709.3682658509139,2499.4741602096024,881.3995617513251,748.9106376674935,6397.307084374876,1091.4071058754243,1405.432093584351,2730.79539980248,4763.392504473179,1412.51685142033,1335.609866032398,6402.104535963323,977.851817011706,2392.596857155193,1692.7623563154755,3442.870152301782,2149.6189253288308,2300.9344600449244,5676.960294959618,4757.091505388328,1619.8992315446314,4730.9535206753335,6430.7598689164915,3067.1360422006237,3345.3821889776955,6398.700570848691,2388.854238225136,485.9741341596546,781.7561561514289,688.5554326050142,624.3407718170972,6393.6473502778845,2055.129915912815,6195.6425667980775,890.8003148798264,1359.1149509528695,2128.725970569541,878.7708542518582,790.8741750828383,1557.5160501256048,1012.1814340671144,1137.1638596071612,1597.460937929907,1713.0470723310211,2000.8475347590493,2035.510298591856,5697.5445852592175,6589.5902483110085,1374.3443952815335,6069.359135484799,6241.768040808825,1955.8985256457681,6172.512295553408,1897.2891781372198,6258.492918576992,6646.042516152543,6236.756804024077,6052.594417255437,584.8563881086839,6178.8177821085155,982.5180942890274,6319.216870619589,460.00235894747436,1652.0966273123945,1399.4434165845444,6128.015480824897,792.8945849515628,5855.360048489356,6214.618926091716,2566.3486644034438,810.494923645349,7276.258926840118,2532.255778309043,6198.579411604066,951.2595536555564,6291.3349367831,6332.103244061602,2493.2189202291447,1637.95735551339,5978.9403916621695,6231.558708507229,5459.882740365896,6361.362846892705,962.5513606356247,5684.4632988052,4620.898885697386,726.2302782957158,5927.3315818051615,6196.026176857943,6122.0398874247985,6326.629163108514,6366.893446858039,7330.437262475138,2789.074175134515,5855.44395011956,5689.817429840749,5701.374406431866,6187.813312405667,623.971516645825,5938.412235175212,5915.718825057268,6165.676358156072,7385.333927172067,6185.195468833479,6782.738161767529,2389.412713308793,5422.1416550180875,6175.131299182738,1815.123503508813,7265.275458167643,4670.229456050824,6013.9949870629725,1757.7270947122936,5681.81188989557,4507.700543558316,2660.9026386098762,873.5977382126538,5996.186374459493,5869.1654281447445,6151.414347573617,5798.993181780374,5448.180238561061,4436.145120279077,6466.117728263031,5961.726258042317,6341.805430879971,6229.082790830134,6618.024564922621,6606.806458582231,3634.6272407920032,3647.803743645057,2332.570250326489,4541.044830330589,4775.918795780929,6218.107512833841,165.57369834050434,4508.827103137422,6371.282643965255,3296.533437010638,4713.156117104395,2934.7013046327666,2642.5386746823146,6104.093119647803,5752.770976138377,6237.579706575771,6094.623315396279,6072.032699275256,5494.818826222856,6002.961901861018,2709.5221461577185,5339.624326428978,5563.9086885452525,5842.021084108483,4787.122881987388,3739.3114534145016,6253.870591570954,1478.431432650705,5627.789277303361,5181.3004524445505,5608.459820722477,6172.620796808452,5628.217957384611,6109.023540798269,4650.1628688192295,5850.924385066095,1342.0974932065176,6070.582050201106,5347.262029712635,482.8538906000116,6449.152538654866,5985.2958770457935,1288.2098196322936,1303.261229999525,845.0120247501511,1313.1453836480396,2953.4893951046565,6283.060953491579,5532.882283845089,5364.356742020182,3593.1420597719566,5572.398941541263,7895.328074157917,5958.9743739245505,6422.449968864886,5703.051788095296,3104.1450136786525,5914.933118779022,3210.5063459194566,4495.865910802777,4543.3560851806515,6852.061526789263,1462.408100693248,4533.0180790435525,4740.346892873871,6115.3489899235865,5842.234169358835,GA
13183,327.33426123461425,1261.3994040841033,2247.577536334685,3415.763944555253,1441.5522705926765,3104.841174813407,3832.418168352575,3742.559830166792,2831.943949856197,392.1674161934974,371.5375829232677,1766.7312384720135,1514.0864982960886,1311.7755283137967,1203.2499932343228,1172.1157485387712,1218.6270742048696,1225.8123058115088,650.0901770247029,1076.0662591397586,944.5847171201988,2873.476906654895,3319.9281714057943,897.3948504771125,677.0232790797007,1236.9066039382922,426.5197823864439,3815.138384647784,1424.0193536507172,666.0840171846255,889.3567830795016,1103.239137304251,1526.9132012327832,7520.283959675179,1314.284928830404,3704.3839883761407,835.6661879967837,3728.544956729442,534.0130174777179,1440.6066059657605,3671.21213096882,3369.4907300427544,1617.3590675000705,976.2273402166527,1074.172837985103,981.4210238041428,579.7044512857932,853.7004272020134,922.869543399266,2163.62651081933,1357.7542175891895,7403.158110652458,1388.7276873185472,585.5737944707824,139.70431655168034,3408.2240125037683,2331.0122523296513,5804.454000504205,1272.2925501986936,1647.6291012217214,3340.472382879815,847.157493556474,204.71897066997448,1522.0847658349755,756.982678024384,3515.4340494437524,1438.091893792446,3277.4966754665948,3393.7825885590105,801.5090012493457,3490.4805328973466,765.3813535248726,2747.1612920716325,7425.572645225083,1281.7030360731392,2323.4710739762727,7618.211971174596,1393.3341818813428,510.4413483872647,1409.0885989976111,334.09346782830966,1518.5555512123105,66.10831999897688,339.67965444971463,1313.8917653579422,352.61362599690614,1357.0036597090755,436.67046039019203,497.0752182117381,1658.4310162285058,1028.9857183685106,1431.547835353942,537.2536897009771,3242.5092998436376,511.6217389197856,1539.0033203774235,2219.3274261839847,933.5118600452404,1574.5667226287067,1268.2509448416845,537.6783484566471,1259.8299245996914,1261.6489842574535,3511.164774158903,476.5627764519753,2963.381231294559,490.4696409946271,1599.6912831153713,746.2483577536177,1929.7265368463266,1039.9004927983322,7333.472471470833,1432.1927852651434,567.6340024327072,250.3022875674802,416.37896261018113,3840.520470511537,5724.928547289975,1073.5513844661707,1858.2344414722845,1228.4557254779634,415.86529037781565,486.4439614551825,1887.576858123084,3794.456842642216,787.8091163128194,454.71045999948194,1019.5067264822444,4909.55345107766,2778.849694594813,799.8761473032127,3679.487315906161,2119.578566782087,3219.2509220276092,2247.861726808954,1133.7814554130575,3541.0910795834125,3566.363272650456,905.1396263332747,290.36838837082735,2851.6792218185988,1139.2996661067739,1071.4973619426823,1887.7027895830927,293.17066344019037,1179.5243772725246,3882.5429617433892,1259.5310342220184,1330.7616516286016,771.0957015411115,1510.9366006875516,1718.003879374931,1582.5116010028673,1220.0266039159885,640.7611266413545,1521.0734588924688,1833.345014683515,2305.177027121705,181.3712918619997,1662.8997918011414,1140.1904743131968,629.0852786300102,2078.112936075162,2412.193440548879,2326.170913663417,713.4283659322533,1193.3766065049922,1482.5652150954807,3605.072087632188,447.8224237563594,2550.150657215949,419.0669601573673,234.5202737781068,875.8063404313193,4663.484346572228,991.2831977441324,3777.6816837465053,736.9536616527442,2310.8212425315123,529.0125121963513,767.7916662305802,2450.9770669322465,1279.777562514018,3701.391897959395,1646.2171358271796,1163.915588629386,3052.463221244296,2426.6026040759007,442.6963868981329,1251.7079074639544,2951.4140497623803,12953.480379543427,6443.769441524541,1053.7821767495336,903.0212556488008,1213.577441123614,514.3705872292621,970.6083500190538,2463.1360865555016,1679.7023039659948,1234.6499010655416,1900.033192242701,2484.310533409009,1527.0958420317393,4923.8720339107,1326.1477846376738,2959.177574156149,1482.9713258202898,1603.4278111270153,1109.147303620444,1604.4115293895986,1286.6580483832336,1232.0640456322487,2287.229140765101,1024.7121177570293,3057.0372391169667,2222.408680525472,571.5767326127504,1331.376076811403,1092.8921600472597,1658.0080335099824,972.70956907808,3460.012569148624,2474.346366960657,739.7344385411124,1282.3278776329144,3641.7034882620983,1584.1892881800713,1157.4081195991114,5870.942003881699,3124.5183704360907,2158.204368589541,1235.0277469401658,2499.517150373801,1772.6567265319045,662.1915809314148,1689.7614277063208,2840.9760559821843,7452.2376793469275,5950.525213758167,6395.835528243659,5836.265896070062,6559.735534960876,1395.8896959487147,1148.8598175404265,2593.895978649285,1459.0593862496194,3680.4079723907844,1579.4133758372388,3888.971993183569,2791.527686072824,3431.520147423985,926.3300258831197,3676.966893373385,1798.202028284974,6152.140131752867,1109.1814368419923,2139.050987939195,1464.3464532487546,3413.2067935700493,4774.8926648284305,1775.3171748020166,354.4862627362236,1459.5737305170474,590.9116376323533,3499.366405157915,4732.393205458296,312.76928738498117,1288.2810853143435,1581.4769570059327,3114.793669942983,2974.857841133043,6185.044288643,7422.468269388242,329.88164728001215,181.1869861170541,668.6247129554157,1753.2340249922077,1583.4782444665605,5885.0096936626915,3734.534503591035,7457.168706772795,60.518481671616705,1313.3052219058407,233.29150315318324,2756.940401563695,1319.6513263153215,1582.0995897700498,1162.165011884212,1424.9182472634693,5555.485573752303,1269.8605336230944,2402.356782761247,6286.487051988504,850.3985066704819,2137.589578512062,5220.717721327629,663.6938747456222,2078.6475081037092,2225.269341424901,1559.2487117615026,6886.255989593621,2094.2197249913747,1188.3279760352225,10744.556111761225,2496.172013190605,1495.7196819908481,3067.912673732168,1859.2434425422712,1223.3170845758975,1680.8215730634836,1450.0632395261623,956.0822922258591,1807.932105802492,2019.4237658198858,1537.9146462049102,1500.839353395269,3431.1634440073053,1629.34587503294,3591.852589303989,2452.311673679403,2656.4070610233866,1525.8225167904748,1139.554105252348,1771.5592550743286,1685.1700428454792,1865.3843907999265,1943.95290453612,873.9633546887657,1657.6061950363571,829.7720671688005,2219.574705722815,3191.0143432915233,2885.1500958850797,1620.5873572051667,2657.8161097521906,1386.4424969400327,3838.736461130404,1329.5671171511128,2377.1971142693883,1384.7646132544712,2238.0698363315882,6346.353610488254,2110.570087436346,1977.2609060136288,719.702603702296,2926.4404087247444,2225.1224999425963,1639.4980651110627,1245.8132247140113,2189.1697147777672,2155.2015679336505,769.2293765777014,2619.3359226665507,1982.8767676783693,690.2211062425054,3713.1554531800816,6154.096459604361,3915.323086738637,6310.130216624147,1980.5923679542666,1490.3886845708025,2031.160168709781,2648.1283051105265,6498.4614929212985,3833.59427986622,941.1008402460964,4975.4435170238075,1557.6701407332416,2861.3487167682506,1535.5797574748274,5603.200068085815,2324.3480595146343,5635.22963387226,2596.400566541593,472.8623267232949,2661.671915740482,1104.091396895338,940.3462183297197,6611.406338895435,1308.5174466862675,1626.2456663859664,2918.7316484790617,4985.369848009004,1627.3773424627575,1461.3343417004226,6627.653843437386,1159.1718029106196,2529.7603405137397,1829.4639420924534,3579.7092471094984,2289.806796009208,2096.6065838990935,5897.762661319808,4979.547698600753,1757.5777702277676,4950.557007334716,6656.3637245896,3169.160850247149,3531.080014027763,6622.701851770287,2481.068066496844,639.0907554396466,939.1097831865587,893.0569918650972,789.484910727426,6619.621718596742,2245.4379804732307,6423.53157158777,1051.781777521647,1519.528661391091,2303.210204856795,1078.6547845801829,886.528215702859,1792.9120136686483,1164.3744414924272,1342.26923014955,1741.981066049387,1854.9345451580136,2186.2952117255795,2119.7441479653826,5927.283385723396,6818.575447152121,1550.533357640148,6301.146184021455,6464.806040941474,2184.894098685854,6404.934401356381,2005.9420993937656,6472.246628006156,6875.286961018032,6469.395860236247,6283.9889147707845,712.3965105840546,6408.0873471677205,1099.3472841512273,6552.465618074914,673.7384458949109,1837.0144356548287,1583.3870927066278,6352.931997101165,987.5721949768788,6076.884828733041,6443.860249654308,2777.7797768238643,998.7373629144298,7377.149259112592,2641.760674686532,6422.458584411742,1151.308831073112,6517.424409504076,6559.122119007069,2705.8494298772066,1790.144100724668,6208.150895561463,6460.9939342465805,5691.968363338689,6591.757493786381,1050.5110869077123,5905.0900163516135,4838.333315157687,860.1394202444451,6158.975994659602,6420.088530386974,6351.633257236086,6557.951249782649,6591.405384622096,7437.970734183384,2997.2405259937905,6084.599842693648,5910.454071282549,5934.291465133696,6415.655066994966,845.0146368412596,6173.034971828623,6147.38657466391,6389.961322875479,7598.589011615162,6409.226305437618,7002.513702760858,2599.4878244106358,5656.95402265578,6400.5023315427725,1853.2650254517896,7369.646398229844,4888.719870533269,6242.7118768564915,1933.5365863150348,5913.550331351219,4722.388866909629,2821.6173796810917,1083.6044835288671,6217.3736239151185,6095.90938000502,6385.580395811722,6029.724191599666,5681.369774578866,4649.686560201958,6690.059071664267,6191.108212155003,6568.619290459234,6452.870593259516,6830.913623913584,6819.658236823357,3826.3929068479865,3841.2858136096747,2475.9511486491747,4755.01371335504,4995.022110804044,6441.88997082763,207.7464365449992,4722.980736114882,6585.07781733191,3409.3105137676457,4932.108374737874,3054.1457744466716,2775.6619917608086,6330.634185929058,5970.593921045358,6458.725371086039,6321.50084262461,6298.593084676872,5726.151825280113,6223.990807938638,2834.5902207442805,5571.531139133792,5794.763231728517,6058.026645436917,5006.725408545637,3902.766510569938,6474.884525130675,1490.7392756056506,5859.9203042153895,5411.307538991,5838.667137866211,6393.478342724759,5857.764117162143,6325.706072441776,4870.060501849501,6068.243713049166,1570.130462194615,6290.794288926452,5573.017779600749,574.1388053556851,6662.724516008119,6205.084270602833,1304.0161617784195,1329.9248224395246,1061.917246364014,1492.4073604898072,3140.582081710502,6516.689865754391,5756.444104835243,5594.974335193826,3731.9745616938567,5796.365042951939,8114.565362915579,6183.897740230384,6653.212766784977,5931.098391160233,3212.85695486252,6135.7539934082,3314.049852444545,4710.209991406482,4756.822346183554,7063.737814235274,1627.9561592654486,4748.443916006607,4960.639372302978,6330.716436177861,6058.706004501693,GA
13185,330.2411763770274,1305.98194949336,2177.637484862521,3301.5038501919316,1319.3649461700845,3000.8358681552727,3786.0206147082586,3646.476854633752,2713.209092043236,532.9139597739676,327.59233468107374,1786.7055866256042,1682.1556154122209,1160.99988155601,1367.9783696548495,1265.3446470641647,1384.8051769216033,1391.2255391045255,610.9085715682452,1239.8680649602368,1104.623065152411,2799.138218112166,3199.566136562545,1056.8486899141203,631.4447970781125,1281.9332710298286,325.6484389834275,3758.9287975794286,1301.398279123616,667.8191640525683,1045.7425681544694,1092.4168092893028,1380.4077346959107,7399.2449007957985,1160.6849986455984,3607.0497708268654,676.660094978983,3632.938862410169,698.2869633772542,1401.704743814615,3580.331984351972,3253.789105883774,1466.9940850981545,1025.1601275212822,1182.8202007890266,1108.2230349980807,500.0801598495356,922.3629645360282,1019.5393003284184,2218.448239713451,1407.8575229773571,7279.708855748651,1553.9186690603422,555.471441271813,155.86075741405736,3295.162769448289,2222.2565047975568,5806.90032761414,1404.8813963788696,1622.3248262371142,3226.4854667236627,781.2697353928578,381.6754796761354,1426.1397544613003,921.4651649722833,3428.9045651475462,1607.0133253170611,3215.5707646996266,3278.849800503156,846.9134385331157,3449.9712872549785,937.5739546950688,2620.977396165197,7299.243192890515,1354.420396612772,2193.548877039016,7500.067641672907,1311.6896833703236,446.73619863156404,1568.066563919227,301.2838489348784,1509.5023209353415,243.16342585522796,516.4257662027562,1452.9010461651035,462.24904638718704,1504.8040568801098,330.04247145100817,557.4277814909169,1824.5360790127454,942.1563404412401,1469.7118223034427,376.85792774121285,3127.0855242496227,662.0302310655939,1704.495543722509,2140.950401964989,1012.09681746,1504.0603273884058,1435.8840148116599,452.6665046864435,1424.7853017902712,1187.645642694385,3410.8251215277983,313.95394673408333,2921.9358115000523,388.50180207230767,1755.5112653977494,810.343958643233,1799.1063723240939,1194.9757606038654,7206.117138018969,1441.027917145885,535.1343950958278,399.96546561799516,516.087492170765,3776.4570933934133,5741.942322212121,1241.3291227339093,1847.9194787926901,1172.6123170159533,247.52519285232356,500.8826649853392,1770.260225292651,3721.6813667143683,665.3345080467283,631.5674336292238,1132.979817283517,4905.325027723733,2742.940391575408,713.5808231115362,3617.3011891734027,2132.0950868576488,3179.6279522655395,2307.7510053038395,1297.7052310590961,3429.554414020685,3516.6443910036637,754.2170595836271,114.3364722683956,2797.1997399154548,1299.2068796035126,1141.2829806517248,1783.6459474202998,281.2633827937298,1239.510764762716,3842.835167366443,1349.7117157401633,1346.250287389353,924.2756153595141,1562.0095578199125,1550.119694027523,1420.3832003077948,1236.4840273180428,782.8998052133318,1576.3500239925427,1999.4436086099595,2271.9862723951314,307.6729192819524,1494.3599352252168,1014.8883840587424,475.46969183700065,2126.5478633366615,2333.5316043100547,2320.395910058317,557.0595245124832,1349.3444697474285,1559.664226470212,3497.517993458399,617.5949224177982,2468.588175585281,395.81150287188177,159.1464242440772,891.3012728308075,4647.862524263003,837.8690181612941,3685.861306298382,852.5950015430153,2367.8041713448865,632.4092847217534,937.9860086939473,2356.353215239275,1441.8854989305712,3600.3817948086385,1664.5518053953922,1186.8565851276871,3020.977939469636,2350.972832901789,338.03244779448767,1333.3968150387716,2894.2566068224705,12899.481159508392,6445.715013285139,1046.106178029004,999.0799642825017,1283.9182976971401,690.2701795342218,1105.8760855989224,2464.5838530020733,1645.4172010130856,1381.4186658690319,1937.613115712463,2399.1606052969682,1387.7190332462628,4913.571705402438,1413.9566610753416,2860.8112606123545,1655.4823544537435,1647.9208630452051,1196.7238727436627,1758.590376162583,1417.3141770861798,1205.1427400372784,2182.8297087061887,885.1588227937068,3019.1399853145117,2239.2355164050246,747.8441338402469,1365.683762979594,1119.1846962849581,1488.05036635764,850.250093912768,3353.027764503066,2404.3674477214513,840.3938920864439,1430.3632604227726,3546.902936605945,1611.407034653758,1280.939845779146,5870.971103480164,3064.349434968157,2207.0320637067184,1147.8966473920225,2448.6260139814103,1612.2548827116495,813.0966965867584,1562.3694103882813,2763.266343719649,7330.009287549951,5939.667940265439,6420.032667883251,5873.692972197256,6575.9186290712405,1251.3348390049707,1157.6178291173571,2586.592361671561,1625.3959789909354,3630.951542019809,1528.2546855192431,3808.9467915351534,2682.3993456062108,3386.690198804925,1095.1582202927016,3632.245693936118,1757.6258356071314,6192.284099784669,956.8350319639396,2018.4869862678759,1329.4901934108009,3366.4238281948183,4764.902656308485,1639.702708566456,214.62454193672505,1630.8965056379895,764.3813027381187,3449.570783670989,4721.371903517781,244.94310644665063,1160.9760226375538,1475.2638831323054,3048.2692191251354,2913.180612109284,6178.202226904455,7299.401118830578,499.3718737940225,5.796116511520827,579.2561773736643,1735.1072613920694,1749.9934529193233,5881.432042630559,3652.558628935613,7333.9926367542985,178.14250646469227,1249.8274799587227,117.68924961233108,2711.597875866146,1486.3926733284009,1469.912777397383,1050.117971328864,1446.2304689925022,5555.8999680177,1421.3793668474273,2318.5426697060047,6281.356123385117,980.8944530757691,2116.9806125549026,5218.859212930664,545.3913539008008,2104.1554125638518,2281.078079470814,1644.1098302179278,6866.002379496267,2089.4101129752185,1035.4987276368536,10580.101135821624,2457.846845213443,1409.7235880307514,3025.1747600762274,1781.5935200854713,1096.670859991779,1730.81290115164,1595.518733612684,1107.1609680118015,1870.4614816229405,1894.4185347187567,1683.9325111713547,1672.0551393158062,3335.091382183444,1717.4970781539564,3482.6879996306457,2439.128050879182,2591.2500914235,1534.80675980874,1289.49456535426,1706.8935619918743,1716.786986121393,1884.371696889046,1967.6695636755667,858.2282728207518,1718.1911837011999,847.0489593632251,2223.4446847489903,3113.5835560504834,2813.365954131411,1688.4284441241653,2603.818370702852,1555.58657519745,3783.284240921967,1396.3461859292206,2316.344751388547,1554.8821496572546,2186.666095154848,6359.419289544409,2149.4408844657555,2013.6937999544834,581.6603592018158,2832.1402014602318,2283.073297763733,1580.322405114109,1240.677162124639,2107.016279424713,2209.5777136011016,917.8777148388054,2580.2283439204048,1934.378896946773,824.2613346926279,3618.8283275857843,6169.975129199362,3847.2434550076064,6314.5373464110935,1978.149907471577,1584.169776318035,2194.1126213931025,2562.7628487490715,6505.382115114488,3787.617814441056,932.6107313346204,4970.884766232216,1718.7672953589895,2749.4373522659985,1705.921419815119,5606.02746776319,2334.4116663012687,5659.769390266947,2584.4256251866877,448.68296603011567,2587.942021997965,1121.6851697069044,917.3399469988208,6593.789310223108,1312.4602805189666,1633.2737020526763,2870.521482063976,4984.399798621826,1623.7034557106742,1631.3275751613378,6633.363908917533,1118.969394409233,2435.501668327253,1997.2717353568955,3481.909488383493,2199.087843938815,2143.397347077685,5893.406180051496,4979.613643925907,1925.0243337812908,4944.750496869405,6662.187366419511,3048.572402687287,3478.527069245813,6624.725561195782,2356.759971602223,594.7708598768861,881.9326193799991,1025.6468088659446,745.9456994755877,6626.394135135718,2203.0082543802973,6435.48069824052,1209.7124838767834,1678.9215349113053,2243.103857766552,1215.1886356708553,783.6149237883329,1842.1837225149052,1096.1603337217653,1327.2683446287645,1907.3881134764565,1768.5103421253252,2138.603205511642,1992.4737589364445,5945.004796471911,6833.376598563368,1702.75707181363,6325.4779057032665,6464.765170533993,2207.0888156815154,6431.616927688116,1894.214856538262,6454.146293376743,6890.822514060218,6496.904515241301,6306.914383846733,641.5261574162016,6424.018645877787,1004.7070065485092,6582.497159116167,797.8982960460582,1791.2707939616764,1731.3594950145596,6357.312809108565,1127.667980756808,6073.879111822614,6459.681306130168,2761.799373189772,1142.9993805180432,7251.004757475938,2527.477556698602,6424.3532638916395,1287.8189270734233,6524.56130092775,6568.624907273916,2692.077678930713,1712.873664908223,6224.051522233438,6477.387756634747,5717.862981035439,6611.0768544357115,937.5589544694844,5900.365523220656,4828.491398351763,1026.0733803565995,6182.885987615692,6422.407385199911,6368.587691073295,6580.434084572325,6594.643900322105,7315.747480880035,2975.43392897748,6100.431247066353,5905.745124849737,5963.3125829977635,6427.479684094955,960.9361489202953,6210.148301659441,6171.389617202832,6392.8208224384925,7578.772427751812,6411.480709554751,6995.1765113572965,2582.02551210049,5695.526994839921,6405.945051180473,1704.602057822781,7245.5590089646985,4880.816026789814,6257.1350285410745,1877.2372256320252,5937.982600235567,4707.735551193329,2745.901207903229,1211.5075350775628,6213.5398338917685,6105.0446231246215,6420.078699221964,6050.552582044645,5711.741325348632,4633.1513459441685,6691.894530573988,6207.536672134056,6577.577150008233,6454.532161309835,6811.043445175207,6799.733787610517,3780.299960707348,3797.2686886287775,2386.8433228624185,4739.0689950470705,4988.178778784073,6443.5477909374595,209.89056493029165,4707.397150931588,6566.95544874686,3294.9333779304598,4925.044998243629,2945.127711745128,2677.3430951555106,6339.061748167653,5960.282971792153,6454.608351497838,6330.808466474031,6307.094899983889,5749.2758564640135,6219.821248396095,2730.1810270840438,5596.851481765236,5816.187102112976,6044.26725337865,5000.851098136432,3826.6234796880817,6470.4799286165735,1333.8923860152415,5885.8582505839795,5430.2971629012045,5857.932102391762,6388.814130500105,5874.949145156931,6312.950825801771,4864.935727789872,6056.8957661250915,1593.6008192312793,6284.891087910577,5580.097800138927,487.8335079591537,6644.154331945276,6198.3980792504635,1149.9477427616546,1180.052976245196,1182.549921603072,1444.2405144556271,3090.680083567369,6548.469367319281,5758.171806819143,5615.770881023229,3635.374432022029,5798.979108014406,8105.400501991276,6188.4285553361815,6673.708693945114,5943.863437144404,3096.3295689266542,6131.227458646511,3194.0447455793683,4694.973248147059,4740.014660842908,7041.65644054491,1785.3713163902228,4735.056837516218,4956.200299270297,6315.568990836311,6045.796151335448,GA
13187,110.84562266612544,891.1384390671348,1917.8730356214976,3147.7511034661943,1219.0836047722887,2819.287808434161,3474.887979598574,3440.899944270711,2577.1221993269132,287.26745734415647,728.5908278702808,1389.8490208073615,1422.3075116433758,1180.8837750210764,1100.216349428707,851.8602670802022,1124.066718079383,1126.076460738563,1014.1826307126128,973.471556595846,828.7346435144899,2545.4147498183333,3065.2045400064244,781.830710804439,1038.3405483770323,866.8172575998598,746.1571495592062,3465.5020804184724,1203.2876954767594,298.3072411951669,758.8785804133843,733.8754608797337,1371.3286275342646,7255.016877390438,1194.098271722895,3404.8348892280683,777.5692555312636,3426.1942376718293,495.2013835391251,1086.8474470326073,3361.9544552014095,3104.6458969358778,1472.3365588600107,607.5821602107925,783.5040226104436,737.4386275141827,918.509146327082,501.7728439960469,611.5300760745248,2526.0716759660118,990.7896929169397,7143.187895531788,1281.7790034167674,952.7594760936273,502.1154166123056,3137.871614649758,2060.5623534661354,5427.320067191924,1036.4505604840124,1282.2240051387362,3072.3262646996986,548.2392228069236,410.3794570126143,1241.6328293214985,683.3701260820939,3200.5462406792767,1354.638121402995,2934.3798136333476,3127.241437750144,430.06144752742136,3129.356406315437,749.593846274673,2510.0663391227754,7171.9225193498105,933.6872522985736,2100.464916300813,7346.898606239216,1092.2446551692542,277.1045379790304,1267.5782790918786,694.9303822405742,1145.8079875708431,375.638922290696,477.0276497911264,1096.6158481461628,166.69045699594068,1169.1160010109274,750.9101603504104,138.0198484888883,1550.1044808336997,752.4639163396484,1058.7419146300729,544.5595378049292,2977.835025969517,405.60247324772087,1429.6734901512345,1900.5568704410166,593.4470606280822,1253.2622764216715,1181.4455008988664,871.865740006094,1155.9064396380904,952.8183511611516,3217.2807109385703,512.2476693769735,2603.847782348165,809.3356366431003,1438.9560802761123,389.54037764633364,1715.1448322977433,893.8267563908196,7082.311473808774,1055.2989985472375,254.19685780573727,273.7226602040518,163.92106724565002,3498.1555092118156,5348.386165528485,996.8358781466516,1484.9916875450629,896.0667504438295,497.5134715902064,121.63478575012066,1641.5892338608994,3461.4439612910246,617.0501875613404,560.0574191136719,740.5489853875372,4533.141726217772,2416.0333748347234,1134.0467476159645,3335.628228131292,1742.345924089834,2857.979117976037,2606.923280380676,1029.0130820359648,3267.0955697156396,3211.7848535025114,806.2126271601683,465.0086418367032,2502.839709546306,1012.010402704799,720.4873904991761,1614.4318260724076,660.2732194188486,819.3303985255462,3520.379220482844,933.9998909378647,953.5274708026013,635.7367634100154,1144.8226139619176,1651.5904524320802,1488.4601931567547,842.7936996709473,474.4507331941413,1157.7625718622173,1721.532655427271,1941.873053410793,230.09590570677346,1602.3227585019447,940.690627383928,586.1849729266263,2444.2433105006944,2092.2720110499977,1950.9435975157946,663.3509291804421,1044.5784532636274,1139.2587717926615,3323.3243296364094,469.7932515439045,2233.168793827708,786.1680089474046,566.2437615754509,499.0518741625602,4289.637005399571,892.8769842273545,3469.4353608490783,474.8882993755022,2671.556036389605,256.33554728302,733.8303557743736,2154.200207842243,1158.6035625685608,3407.834514864417,1269.137954642672,786.920689606008,2686.5216622199564,2102.643324652074,336.07840817205863,914.3817211488956,2604.701873955088,12595.924628115125,6066.641359764792,683.3286296294665,590.9404676659072,863.0731347865989,584.4984256778372,752.4715816052787,2086.4937102378863,1320.067312894028,1046.307376007598,1527.6145284175134,2172.8087301925907,1348.424410465734,4548.575686698793,996.8624695729784,2664.851172461318,1428.4031085361032,1233.7364906285538,780.6191017600923,1436.473801503385,1045.0247913256385,871.3798659988049,2009.0120294841363,874.96960306286,2694.931287094569,1845.3903467688335,637.3110865522939,957.017436727208,716.2098724179573,1607.2273001404465,779.1055647897473,3177.9063397358223,2143.1812566615613,441.7089316857038,1097.342623334264,3338.430297388216,1208.3125084118262,899.5119439029145,5493.964907127819,2780.12927113874,2523.937290089188,948.389169796062,2148.778756449813,1664.4192717249018,529.521000739606,1472.4334109168005,2517.248634782355,7189.576241487624,5575.162693129306,6020.6496436601365,5465.1709906042515,6183.138869371387,1239.0276015331551,772.3959156367524,2218.818196956699,1357.1973096121449,3325.4249852662715,1235.4234278477084,3564.348519699162,2517.494645747011,3073.483204979701,866.8912239342709,3318.455269849331,1442.5560219554254,5782.23007756353,996.7873185554657,1896.044032414561,1274.6209576251356,3056.6451689204305,4399.560247817899,1577.9953316504725,385.5856399099483,1394.725243741986,613.2303575751848,3144.972138164342,4357.305960780572,244.21151295862504,1085.5223617680037,1319.0181447196035,2776.8906204962823,2632.42807818378,5808.884936871149,7161.643955394945,394.6064331759915,426.4629688084749,441.2015690070943,1383.4894015378495,1479.4867707503167,5508.4053173493885,3412.8299674367067,7196.522376004812,437.31335095524986,988.2857864625785,337.70252214932003,2400.7825193396884,1224.8841237233087,1332.0521752019736,928.9051260468314,1047.9779925342136,5178.494933585847,1099.0330139197597,2089.5765862751587,5910.05553568231,623.4965145733322,1767.867463594576,4843.967580369936,506.11327427721517,1702.8002616886831,2586.956584609565,1225.3175159959371,6513.270710596304,1718.9926492543511,1072.350339806728,10611.760842696222,2135.6667741427136,1198.895966503466,2709.067475509848,1543.316033079616,1022.2751725972952,1314.2724905300515,1251.4882697195274,796.9735308021733,1450.4136417025727,1788.8725031246756,1339.6210871654835,1433.8310182305293,3130.721180744038,1299.659116540852,3313.129654478119,2079.075537583588,2318.860295077563,1148.8406519776738,966.8414589271033,1440.0537944521927,1310.499574961061,1488.4457145430579,1567.6877567829288,511.8505690540319,1298.4096293558434,452.923713909998,1842.7416973881986,2865.4033279278988,2554.000424439602,1267.6428025853672,2309.218640443989,1306.2921369209073,3488.400858676001,975.5248270093857,2036.5261785863015,1312.2230667594486,1888.9921111637125,5969.41327560808,1738.8613701905338,1604.4788708851606,605.3319367376187,2625.753940739051,2585.494848942113,1303.3089916581007,872.7856008774456,1875.879134609806,2517.929255583057,614.0827639559128,2259.018707685715,1632.6929476079965,487.89134178532316,3408.892969515911,5777.438093710908,3576.900831439209,5932.912835034659,1604.948510199666,1169.2478422212462,1898.0287020490955,2335.7970998318838,6121.228057145533,3475.755959478277,572.5878719716712,4599.071598060919,1423.098036034617,2592.1897331373098,1460.280888547043,5226.053881855944,1947.1169991614627,5260.044518578512,2222.6156358212193,840.670856993902,2333.9248883909736,726.8617971994017,582.244713577104,6237.6584091921895,932.5869037692654,1249.3885798794502,2564.3765445006275,4608.545515776722,1252.5758398739647,1385.371186069425,6250.416877579255,811.2916612625992,2231.7364456503665,1728.8421594313968,3281.3908123323804,1988.2891772345638,2463.496271995279,5521.259211442512,4602.624173738979,1655.8877559764915,4574.384358630961,6279.126341524374,2915.886641814181,3178.863460186869,6245.564676810441,2242.251070238484,330.8817710919385,619.9964010599198,670.2637449058738,461.7979278123594,6242.387457157278,1888.8135474429816,6046.505324096273,918.7175093955144,1377.2253383897034,1962.1910292702305,860.2181202889337,654.9401155184922,1426.066012900676,850.4475596549637,973.0425098045447,1627.61740811443,1551.9227113248367,1834.2215288419345,1893.065748423952,5550.853545307733,6441.828271866887,1375.5470319814465,5925.982161168654,6087.805573091063,1808.5013978592071,6030.357352546791,1745.859598798698,6098.671639381534,6498.627552559902,6095.045299647821,5908.51271523999,438.8538009412577,6031.450415409999,833.2132926025546,6178.85074992135,441.2027749185466,1485.4228745641144,1391.3410499320587,5975.7146658823185,784.7070069822771,5700.195247988084,6067.211875003499,2405.140949269018,810.2345256308353,7123.163537358924,2379.202076593188,6045.333823417386,930.4090053671699,6140.193608957968,6181.9581650008595,2332.528719809021,1474.6296453831603,5831.498439467901,6084.418458293499,5317.1135260208175,6215.623775731946,826.7996741368738,5528.636718495,4462.954367324673,785.6442903366158,5783.702516337996,6042.942428882536,5975.1253019854175,6182.4064373928495,6214.217206260365,7175.32120724055,2626.634338127254,5707.931571870478,5533.998072955916,5560.305909610699,6038.6195627673815,577.730175740286,5801.8601573171145,5772.132860420441,6012.791888481346,7225.324028581913,6032.083612815199,6626.35374102296,2227.6058388976785,5286.302244835989,6023.267884416871,1695.3877924276928,7111.115986100438,4512.932648399531,5865.895326412005,1591.188184693801,5538.37060481576,4348.243185954323,2495.486589151913,839.2906209790697,5840.773927830256,5718.721444677992,6013.437431348371,5653.810652671722,5307.755303405521,4276.119304165187,6312.929626070555,5814.520667286881,6191.433967872429,6075.757584482036,6457.815922889891,6446.580389880766,3468.6493962359114,3482.044183218357,2170.3379059810736,4381.232329674509,4619.020126177851,6064.777519860376,211.02179591671668,4349.10276140164,6211.486146569841,3141.566806328097,4556.156317665287,2778.0605492206555,2482.443485956709,5953.4278704652115,5595.1115932302955,6082.142653202352,5944.323872407128,5921.3883904454215,5350.663614876844,5847.433703104198,2551.495893439951,5196.522165772648,5418.939828574449,5683.327430852617,4630.555527543684,3573.3814579149157,6098.337801374012,1375.903121063161,5485.095339132046,5035.026311953112,5462.466601967246,6016.9728489918825,5481.254308922448,5950.714861975996,4493.789978609344,5692.970392137092,1193.5680763413195,5914.475749560369,5195.781346612538,365.51778927692254,6289.253292246079,5828.897311713299,1186.2218495779398,1194.7676401952554,799.010251513244,1146.548966252812,2787.030926076646,6143.623503346831,5379.352093567882,5219.015482043482,3431.1631280596757,5419.222966663684,7738.617038823243,5806.679216574334,6277.2889307287805,5554.1148912796925,2950.635870925251,5759.251993505282,3058.585712073245,4336.234867516974,4383.302406720364,6691.329020562042,1473.8670425949215,4373.944163223465,4584.251702707715,5956.327616163919,5683.796621734045,GA
13189,181.92764434818105,1057.7131514669452,2096.3805760207338,3306.9701571754936,1355.7473486522713,2984.465229549223,3659.743774180695,3611.867153488122,2730.848053860717,237.9806841387786,572.7234720168482,1567.008362375456,1407.03271238324,1276.557842148106,1087.6929580357862,973.7845517855804,1107.2889474393778,1112.0988789578075,853.9281570272533,958.8910406965216,818.810452468972,2723.8668899040085,3219.4467691076397,770.6960076440347,880.3454641900443,1033.19817840678,612.3764143211845,3649.205783229242,1339.1043959854035,483.3451301103514,755.7142614956292,919.1715254356351,1479.8167353456952,7414.965188755034,1284.9901339800822,3575.10330098425,831.8974483344533,3597.3756874993874,429.49248549669096,1270.5556550096844,3535.2785503372056,3262.6738638934553,1576.7908653376562,772.4610183422336,883.1190010903,804.2806586679071,775.4735353226391,649.4111695595158,725.3361412599795,2340.761089063408,1153.5019106020245,7301.239607489827,1273.3550609343042,789.8205260386943,340.4464532974907,3297.9288456703816,2219.3727010580833,5607.298682461884,1101.0156840364573,1467.5155266780425,3231.5298567573063,710.8441854450972,235.4864743032175,1402.0444408575988,646.1270163542956,3375.51202359033,1334.4239227455773,3116.7077825260862,3285.9082595248765,598.8128231995455,3314.522943889513,684.4468635797349,2656.85641872231,7327.71872370827,1078.294918157809,2240.8388473041327,7508.967884218563,1259.81836051755,396.7452055884438,1277.9684631697405,536.2996805775887,1330.4778542880738,191.8530151051896,329.099910654199,1150.0123192927706,158.87239554281769,1205.3323574262374,620.1098631109361,293.81638817033087,1544.5203409855085,908.0901673097046,1228.5152446076645,556.2996061920308,3135.6854189587425,371.8019714573276,1423.7782001534654,2075.816750801964,730.5832456729381,1428.3313458675157,1161.2344873105314,731.2976660642837,1144.5398430718649,1122.6265917640103,3385.581131709127,507.1968079521354,2788.851952655365,676.8903726847723,1461.436325296329,541.7850953688679,1850.9211764193265,902.3369831445866,7237.182695139699,1236.8746270261367,416.52653506857206,135.10076951851153,217.1439242111301,3680.4358082927033,5523.955471636129,968.7497793361057,1669.3993172027292,1073.7395872726925,467.92237555569056,304.5690093568369,1789.9349989365023,3641.5261515428297,721.4960008700605,430.89786551970496,831.4627418966295,4714.9098405343875,2601.274717972351,994.974637881916,3518.196487099973,1921.420942475372,3043.1446526146074,2421.6567970676665,1016.4645914881123,3428.5586544923976,3396.247438584147,881.0375159765872,386.13905526496836,2686.233941237535,1011.6414278269605,867.5236651561645,1773.3345088412525,496.9252984271342,975.0646142912268,3705.620200462541,1060.2585003152167,1133.505665683844,632.0045156149846,1306.5761836598865,1721.3354210314221,1569.8810326427576,1022.9219039534323,483.53150965697455,1316.6075820139188,1718.8143270721384,2127.116390122085,48.837489215299776,1669.0351485075973,1064.8069802654404,625.755212025452,2259.110789995719,2268.06833628438,2134.2200848071675,709.9658401077368,1056.7899088810298,1280.0910764281775,3487.5551201684643,370.41532493213305,2408.189349489125,623.1203145192317,422.12757263665605,681.6508897291283,4473.475097116241,969.3016126633023,3642.493679986145,549.8712265217121,2486.2484738666612,332.8318450691875,677.3560244907441,2322.572661905408,1156.6593583045849,3576.1358598598827,1447.1735546748155,964.9975282736923,2871.833224783481,2279.650198223501,388.9235356548898,1049.9771663229083,2787.7029937098173,12780.98071633278,6246.619747668529,868.5723240671911,705.1741159777155,1009.7971834387184,471.62859538027215,802.577868385358,2268.170519887836,1504.875637070896,1081.6565518754128,1696.666042445211,2346.064779408389,1466.9858441799327,4731.520817411882,1126.2023830142373,2832.905977326509,1393.9706212789715,1399.470759521195,908.7780179716606,1463.0314505064573,1113.3578304726336,1056.1133469145354,2170.600710322462,975.2982487477203,2880.1442430271727,2022.901831519293,529.2578789461446,1129.1663832025565,893.3163282738777,1669.3977599867276,898.1673551873113,3342.1624918684474,2322.2555214763347,543.3598918521711,1131.1959262818625,3509.8634989795496,1382.9997580091613,977.3473389882463,5674.536361144586,2962.6927651584133,2338.766450834267,1109.7324271085465,2332.4375314400304,1753.453610841293,520.0462527537985,1608.3453941508812,2694.4664129482157,7348.592562840272,5758.006051484308,6193.401403893255,5632.2477391644425,6358.817210297415,1347.0483512354272,955.0279610618339,2402.149038757075,1346.726099188063,3509.9541209836925,1417.0733450555847,3742.2475150296727,2678.277334111487,3258.368511420061,827.2300179904228,3503.405982564332,1626.826182089257,5947.920419874761,1081.5919817046927,2043.9362615854252,1397.5181895925268,3241.357024111861,4582.485286061571,1705.9291268448144,368.5313891791163,1365.2368754891056,523.8320685379908,3329.4019190264235,4540.419183309164,253.78765357718976,1212.6099603686998,1472.7174564199474,2957.982431538609,2814.525510510176,5990.9274800562525,7320.00351473607,265.683145270533,309.7162039850597,567.4607811340733,1568.6537333222116,1471.1091088720968,5689.812641261011,3589.866041750235,7354.827620139309,264.6958283301223,1163.867498281571,270.0256991943462,2585.3684194237244,1209.3759202736508,1480.825476471908,1067.828405201173,1225.5666071814755,5359.040881167666,1124.5712414924026,2263.1572834680483,6091.724977605458,677.0744805312085,1952.9888649878753,5025.1322547479995,599.8131003649165,1877.2105789333789,2401.6409515552355,1358.7008447305807,6697.389458199256,1902.3261516469647,1159.8825067778578,10720.783730081275,2320.7208750906493,1365.3062638514355,2894.0110571229275,1717.2010982071406,1147.9909950344218,1476.464797607317,1294.6922772372645,811.3872670440076,1603.7332409034366,1931.464123920036,1383.2390541738516,1405.7811973813557,3301.130784870796,1429.8534132405832,3476.296996219609,2263.3651317917224,2499.6914057149647,1330.1128543600591,991.9833662855764,1618.5762714603552,1482.9336954618307,1665.765161901214,1743.0525623294045,696.4028521495006,1453.2592639487461,635.447344150725,2024.097117938142,3043.3257523623142,2733.292846462004,1416.7922529770922,2492.5163685287657,1283.9033468137668,3672.2284779109173,1125.5085213883308,2217.9835749002127,1285.9362760008596,2072.2440634472077,6146.177439057808,1906.9365098693945,1773.9994996723046,681.5873244174921,2795.9004488715473,2400.191874925331,1482.9755150009437,1057.4959088062947,2049.387166422044,2332.6230254083684,621.5799793712931,2444.0674451377013,1816.0515439264539,521.3419804096217,3580.675002363493,5953.303784576989,3758.3156283377193,6112.2667650338635,1787.9824917797782,1292.7298681340194,1907.5990552343656,2509.459211893162,6299.84277720959,3660.645404932212,757.89729448836,4780.893344353537,1430.866280881855,2751.2817837328985,1436.7114610058707,5405.978671121261,2126.6698633623464,5432.8239922843795,2406.661679285708,677.091581842342,2512.174022020865,907.2119509717007,766.1479503715327,6421.466250567742,1115.6930916479305,1430.9268890700394,2748.728396438325,4789.563120878189,1436.3492840767954,1361.5277092150327,6429.350366188128,993.2534547875633,2400.622828333609,1720.2343315025664,3451.1931975768957,2158.062707091858,2278.435440381405,5702.83458408786,4783.396673694898,1647.43407330337,4756.471690929928,6458.022620845282,3069.431626426918,3362.966163633689,6425.489871540968,2389.252168483537,493.25789228556647,791.5816360206917,722.0146613440616,635.1530796825006,6421.021537479703,2073.3719283121604,6223.612877955945,920.1893643739083,1388.9379383399369,2143.6926764119557,911.9996787984606,789.2417476284445,1588.5621712630332,1021.6129437801673,1158.3096215126654,1625.7386774981387,1721.4941738057607,2018.0253571446772,2034.3912798696804,5726.127259060647,6617.927014219827,1405.7572238871735,6098.699594382915,6268.278009514293,1984.0900675110065,6202.107748249965,1900.0573439064635,6282.562167533307,6674.467556166067,6266.4425339112,6081.783312242542,587.7495315069552,6207.245385086707,985.2800096553619,6349.1651901606665,493.9428591560962,1668.9824847220868,1431.5829130863192,6155.0673227029065,825.6137876618111,5881.437396520221,6243.037393707329,2589.591106038969,842.6345055097023,7279.067721468626,2535.570438168249,6225.329285659914,984.543297482651,6318.742392088747,6359.79886335058,2516.750414504666,1648.2608116709464,6007.345149713923,6260.043632345585,5489.335272776507,6390.185776114212,960.3117073452572,5710.289961193653,4645.838280217158,751.9794504496782,5956.615159331587,6222.82903879737,6150.577835508889,6355.793312202596,6393.830827098082,7334.329789497848,2811.552141664714,5883.828383131945,5715.646943240445,5731.173616632607,6215.7682555775245,658.397513646102,5969.025512886003,5945.0113304785655,6192.543352538421,7409.314876810769,6211.9889631089,6808.363893977765,2412.289154833789,5452.8575936717025,6202.319428049437,1806.7796953149486,7268.646852112613,4695.448285118354,6042.234086493835,1772.770934936673,5711.129494504773,4531.930961382896,2673.3750996425465,907.5525365957117,6022.174508288105,5896.767113194338,6181.791601435129,5827.931554014169,5478.096084077066,4460.084551327454,6492.891037632926,5990.18930201149,6369.437116787931,6255.806932710111,6641.893325548832,6630.665764896328,3653.5281983895147,3667.0735799225336,2341.688685027529,4565.096509289802,4801.304770122963,6244.829882657615,140.40249566663658,4532.923283185657,6395.365820296906,3300.683040405694,4738.499303534351,2939.8596101399,2649.9563711758424,6131.63603469802,5777.854175146652,6263.562492996389,6122.270704803715,6099.581025157087,5523.978194440212,6028.9068578955075,2715.560468389455,5369.004385275081,5592.889619404933,5866.640016896292,4812.642985219545,3752.561232627029,6279.817770592936,1466.0001230318771,5657.261723468577,5209.969711355816,5637.206461851901,6198.52331519869,5656.732757951819,6133.823594691947,4675.757154422041,5875.880099686461,1369.862429923397,6096.307097373988,5374.549037655017,478.0885519494892,6473.183233412251,6010.904747239218,1275.9284200533411,1292.534561069252,879.3265530160925,1328.5546192153965,2971.2928232102345,6313.181109661424,5559.525358344818,5393.248069435785,3601.8527668282545,5599.159892141918,7920.835662352639,5986.024815157689,6451.406977019591,5731.065235083226,3107.556614344237,5940.818979796672,3213.0988308290525,4520.009145078391,4567.282683513599,6875.643798969107,1492.8232550331486,4557.436411322799,4766.051753478007,6139.815606027613,5866.971875833817,GA
13191,372.84887605938917,1302.2768412294367,2292.492676982424,3456.9406354878556,1481.0090227485914,3147.274089785647,3877.9381265443876,3785.864964637579,2872.384958657485,416.079884077976,340.2227722377605,1809.7061154490614,1517.7108005356586,1344.5822498631362,1209.9007926917652,1205.292837769432,1224.1584560233198,1231.9181009073582,613.9936463454624,1083.622733090474,954.9669181391812,2918.2459865369206,3360.1793168127397,908.2818299841482,641.7958304803145,1277.7615043887633,406.3925840047461,3860.560612771155,1463.3923517751145,711.1101652759644,902.0779635966336,1148.3632855763146,1561.115683335027,7560.668474625102,1346.166270680859,3747.568345834419,865.1503306400392,3771.8929669021295,543.4358064958966,1486.1277558993545,3714.964180787285,3410.4568658330345,1650.4491840658002,1017.0237878326764,1103.9827299722733,1006.2789582031093,551.9391227821147,892.1214071632494,955.9295133891513,2118.104855344008,1397.8459609010172,7443.139168523705,1394.7695007174789,548.5395632693571,114.60034380426306,3449.565997425463,2372.755283371653,5848.228611454675,1294.5028114919544,1693.0085452267956,3381.679025842061,891.7834943883952,200.72286047913548,1564.9951369063285,764.9789374336219,3559.508806807522,1441.0528708050863,3322.7733800832384,3434.861795180741,843.1037222802472,3535.990550459492,766.2390701438006,2786.340735194607,7465.048368422611,1318.5683934075025,2361.861911702245,7659.052375165313,1437.3783210618494,554.5574008340323,1419.2100001496945,301.7853951349711,1563.4598072792508,72.85259575134556,334.34493031140056,1333.6507632995547,386.94410860701385,1372.991669210711,417.79829824524694,538.2437651485006,1663.5018356680007,1072.3933703033488,1472.9778093856726,565.5739056853664,3283.500891535166,529.6706094540215,1544.6506989377924,2263.8009443366395,970.079715920627,1619.335571584028,1272.5342074298333,511.6523182071646,1266.223886765825,1306.1196008033949,3554.0344683590283,503.77773910772913,3008.899391335605,469.2952616486531,1611.3766112613216,785.6929125418577,1967.8688040942761,1052.9122819219465,7372.756898422715,1476.1743682945387,613.067465729973,273.48018815854016,451.9775016293944,3885.7542845932458,5767.5348288242785,1078.035952489788,1903.1066655514544,1273.6956272810135,440.20345251409975,531.3193487225769,1928.014666912875,3839.3571025205097,826.4572521210472,447.9399265012467,1048.194266577628,4953.806540312949,2824.3312618165114,771.7914639486701,3724.7707401048433,2163.0238784847816,3264.757899799678,2202.3663923291747,1141.1360365276034,3582.6518510305327,3611.8646457113814,937.5263194128552,308.89233097270414,2897.1076762600287,1149.2991094812344,1109.2072671017577,1929.8939121108035,258.47973033253515,1218.5180478419177,3928.0440840361493,1293.1829149672665,1374.3414566029346,786.0148370405757,1550.748851635713,1743.5575597432255,1611.1227915775683,1263.6191690424014,661.5389880076463,1560.311625955369,1838.2817556861971,2350.640546216885,216.4491618679937,1688.0265797650745,1178.872994831205,660.0779146739238,2032.6251412001432,2456.6775003344933,2370.7412680033754,743.6963163127784,1205.5660135716234,1518.4054529117475,3647.143388551571,453.1778441509685,2594.472745443061,382.96847537487685,217.72529350794997,919.8345444226557,4708.339712930486,1022.9729151226753,3821.364080371639,766.1090367241194,2265.306363184989,562.6258712939489,770.8356573126207,2494.270448377532,1288.125186818253,3744.2086402319396,1689.387008451704,1207.053912974073,3097.8729057861506,2471.260101833529,482.53788423499367,1287.0345773788015,2996.7950695182026,12998.985004114294,6487.551520195665,1098.8210210992124,936.2773162581053,1250.9409497298284,510.3077361620923,992.5803339399516,2507.270107158948,1725.2038579664795,1251.31645622034,1941.2108640885606,2528.379795936361,1563.1560497769196,4968.463132053412,1360.172650356991,3002.188165783121,1482.2338356585724,1643.9893165719686,1143.6129366755695,1616.9653629644915,1309.512494819537,1277.5251725742655,2329.4861345731483,1060.3318209626084,3102.533030801066,2265.4799009912604,566.2774673735719,1373.3040499673245,1135.8261155262371,1682.1613539400028,1011.6860763564675,3502.138462686719,2519.2843225518586,772.6162515322765,1298.3329299580016,3685.1178545020775,1626.615757514579,1182.8419364489307,5914.8795877093735,3169.836051371831,2112.7099856918253,1278.5708879081094,2544.9874211371107,1802.096665900277,678.8392426698116,1728.4306288521136,2885.5623697026504,7492.425419766978,5995.1068760517355,6437.710335914466,5876.710257796191,6602.370103071311,1430.5604954329503,1193.0298736333652,2638.505185356346,1464.148268420742,3725.9124097594654,1624.825940529605,3933.4973971525055,2833.3075460284563,3477.0417039215413,930.2159954111144,3722.488607876627,1843.7236255896914,6192.226427133721,1141.3361741008614,2179.059673266108,1501.4018587093021,3458.724008113105,4819.474303912492,1812.3561175687985,387.35742395870835,1460.1853214608955,590.8134589752963,3544.866466835884,4777.029388821577,355.16077103731453,1326.730616240669,1623.2954273792245,3159.9157343931524,3020.128614694332,6229.398082094045,7462.514741477627,337.09468297107014,197.5198266930543,711.2358251513358,1798.4144304820218,1588.2999564465006,5929.179306813196,3778.932099191357,7497.197935871045,27.03611421323843,1358.3088627494149,267.56187683288897,2802.458734436916,1324.5916552649276,1623.1489931366807,1202.951397294996,1467.9739704042047,5599.411626028508,1284.2293678903786,2446.5082660279045,6330.736430265914,874.4841883862723,2182.7936493302204,5264.808698723898,702.6923247167731,2120.9940579169,2179.749362581073,1593.5498064757223,6931.242569620305,2138.7825338360512,1220.3865256632214,10772.39292668384,2541.680078776813,1539.4871966039655,3113.433526125857,1903.6937237348052,1261.8345780187724,1720.634002348761,1466.956804777991,971.390372614565,1845.876595350617,2058.6477236739497,1554.4453003862882,1501.5249179313364,3474.4437692644,1662.9142854185898,3633.7240035051336,2497.2114748440035,2701.54955607421,1569.746201381755,1154.945517941988,1816.6235637188904,1727.104711215141,1908.3993903635446,1986.519939636903,919.32589874213,1695.9622449497729,873.7515369690274,2263.6041084555013,3235.644812023895,2930.042653113691,1657.853623893688,2703.2461448719755,1389.2602416802752,3884.172052349642,1367.3279849517705,2422.4563251485274,1386.6724193957996,2283.523674998998,6389.273409637549,2151.5000507050663,2018.5276661326966,755.1338497283356,2969.830524740497,2179.6115879050026,1684.7266720724524,1290.6531316145633,2233.3999995743147,2109.6798880661217,786.4085932516404,2664.8468599341572,2028.356601468531,713.8328691562131,3756.617642440805,6196.779982799268,3960.423217762601,6353.741019413904,2025.054154706228,1522.9389421062076,2038.2055846335584,2692.2039211877373,6541.874598423276,3879.1150794893297,986.2328729177827,5019.71307046458,1566.3124749443955,2902.7772848610216,1537.1182402135978,5646.957463832205,2367.92335354629,5677.118878578753,2641.2314067649904,436.08902996654786,2706.4527982493114,1147.7057181110135,985.8091727692932,6656.290274202439,1352.867735205465,1670.253177954339,2964.2369040975923,5029.415878523368,1672.0010379127993,1463.2807291229685,6671.153863179402,1204.6769317889498,2573.0998257252763,1833.0451490006967,3622.83857621625,2333.4130541667982,2051.137464144958,5941.979626049591,5023.52631767692,1761.5083118651623,4994.901073258191,6699.853935163632,3209.357298770182,3576.5521789011364,6666.4713069564295,2520.5307969282417,684.3377865310076,984.1879592275563,916.253684453688,834.8599908876732,6663.040965522166,2290.959496394636,6466.542375994385,1063.158979246964,1529.2644103235543,2348.484976875209,1099.853687426114,928.1463946145424,1832.7391520194226,1209.1071763306247,1387.4422422722582,1747.5072730643797,1898.787931001025,2231.7903710382598,2158.5878847620843,5969.812746353554,6861.3207354992455,1564.1463194203805,6343.013007648175,6508.72399656405,2227.510588232231,6446.551643469594,2047.2155577751453,6517.154357779234,6917.964094752533,6510.9217023522115,6325.9983913332835,756.5596850586631,6450.752468618679,1142.1127928104586,6593.712987329316,700.7554455466658,1882.5147924386215,1598.9877144552993,6396.542875991746,1007.644938907202,6121.011140018493,6486.533392537039,2822.7597195165145,1017.0549259095476,7416.656814642793,2682.8277972012797,6466.245096613416,1172.343306120437,6560.819945171448,6602.32840269101,2750.746210611735,1834.601143730863,6250.829482969265,6503.614574939925,5733.714810374707,6634.100166834565,1091.0556002735298,5949.329017598855,4882.904409300969,866.6568946700781,6200.894307210283,6463.8452751323575,6394.208778029835,6599.9888456396875,6635.089479862833,7478.158849454755,3042.411258147233,6127.291458418837,5954.691925549568,5975.68998227472,6458.676730441313,873.6093900224687,6213.4915435497605,6189.296205867552,6433.680890628809,7643.544318183001,6452.988048546859,7046.869907376526,2644.5401381067104,5697.273863902729,6444.032254323917,1886.964884732864,7409.516942173468,4933.185054832429,6285.5194614793445,1978.8779991523575,5955.431482382664,4767.198841658079,2866.310984174428,1107.8196554247143,6261.546308245245,6139.1673463077195,6426.331958563742,6071.954708301621,5722.639328442187,4694.581815622769,6733.839147696457,6233.740249503037,6611.869005511737,6496.672186727325,6875.886118215368,6864.6331274167715,3871.913486459492,3886.8069541111963,2519.7199683433373,4799.8796188031765,5039.423343462724,6485.692267102032,252.84029472878072,4767.832107244353,6629.983871851578,3450.470060738983,4976.524919123446,3095.9762948852162,2818.653318803394,6373.937112001421,6015.14637448672,6502.906850991305,6364.733984199172,6341.89163828434,5768.176987900917,6268.183965528851,2876.9422749100145,5613.345355086422,5836.950935183077,6102.749758698591,5051.07071596937,3947.50765869076,6519.083140400229,1521.5363483805893,5901.650579246324,5453.7525550243345,5881.058370862595,6437.695681330412,5900.346730258766,6370.37253504071,4914.368791775931,6112.846923524139,1612.9069218476684,6335.089578599493,5616.463702764276,616.7470920512601,6707.647593535159,6249.428357390079,1335.7302923750105,1363.024383757184,1088.4608808776677,1537.8593944248985,3186.0767388617573,6557.744634462633,5800.271104029714,5637.235850056092,3775.2306354196985,5840.128217970886,8158.995270387949,6227.50502718964,6695.439605733481,5974.065767519491,3253.684162960945,6179.972248449886,3354.3571584639503,4755.046562364451,4801.72511768149,7108.790799935196,1638.7265785771426,4793.1944797484275,5004.902513372632,6375.497268870279,6103.387900482259,GA
13193,145.9526687158207,1121.7140085379074,2025.1598939198734,3188.353907240175,1216.8019176200858,2876.873113948,3620.383141107653,3515.0272318806233,2605.3393212061405,427.3711401138161,510.29587818727236,1601.4623862407075,1598.1946112455391,1105.600294524474,1278.0173180434144,1096.9699969651022,1298.2718609173394,1302.690656435305,795.2452569920513,1149.2594956017638,1007.9556692614044,2650.017433107775,3093.530080334102,959.869499837762,816.4355872391492,1097.759526874206,509.1735178111912,3598.5305377530485,1199.4374703358915,482.9293508330779,943.2012235361391,911.0464586747047,1315.5141245177638,7293.594524678278,1111.291222819289,3476.7363844267998,646.5266176915537,3501.058230697082,622.352198300174,1230.791383145087,3444.3065631630047,3142.2738597596313,1409.2417721771021,842.2184241732791,1024.638631964408,966.0094076582308,684.9013112416326,745.5416416424811,855.217223331675,2377.2728656010063,1224.266691876204,7176.97115940615,1463.3253847592719,738.2907380091618,305.69134424188906,3180.680987463781,2103.233559770288,5624.7179405455445,1265.3214573173288,1446.2842464781024,3113.039128377372,623.7274382958648,380.2534417042537,1294.2359164813647,838.3087931388513,3289.232663736854,1526.1093154303535,3058.3835133232637,3166.4589479320753,664.025467698186,3281.395576566836,876.8763907485844,2522.467857969036,7200.097621111059,1176.6678377080439,2100.3720448076,7391.038678200805,1167.1799838058341,285.19033998066953,1463.9291129130536,481.252475869345,1328.4359643980408,269.2088471599395,499.5058554846432,1320.0440594287975,328.78401625423413,1382.8432254086765,512.3378606517572,383.2887629434948,1734.343348287779,801.5905907661946,1284.6210299006136,364.1833750323447,3015.2725890959005,561.6515901405976,1613.5174763743698,1994.510144481896,838.4968069455281,1351.3970915891662,1352.7299168888173,637.1785361050069,1334.78502691077,1037.0490773656334,3283.3064357288936,314.33608494296755,2753.5870921003716,570.8520223141848,1644.3000103549448,632.9525929828526,1707.3238445687705,1087.690249505966,7108.292652515463,1256.6149153909282,357.39443427672796,324.33189470290387,368.83430510306283,3620.7567302036027,5557.477008932383,1160.7954430177615,1667.5339685775439,1009.9595991774257,277.67533641211367,315.7034302659065,1661.0936755160444,3571.717888555188,565.9739959376077,609.3062705428323,978.8886883452803,4724.493181130034,2572.0155993635954,896.4013607294983,3460.39582322888,1947.6250987548399,3010.546842118468,2463.803336772423,1206.645857538492,3313.394526815453,3352.627585048743,703.2894078293411,220.4441543145943,2635.4825344157707,1199.5063246345553,963.4217105470061,1659.7598429944546,454.9516267934515,1058.3484972987997,3674.012903887628,1179.2821823255267,1161.121999333676,818.8403747781599,1378.3745368799393,1536.6142285906146,1390.098811190176,1051.2267812382588,665.3134099547807,1393.4423249372503,1908.291650997039,2099.625419538284,224.77725975086702,1483.4515780698694,917.3473477733121,438.554099030001,2288.6486653819425,2187.3972438060696,2139.223016504873,523.6073046172555,1241.7076831786342,1382.818225343101,3377.1462833666246,560.5686491291824,2324.729328292323,575.6201739869371,342.1344170427776,705.8656014982151,4470.079923847216,791.1868460864706,3550.65414948438,704.7436405338011,2525.544607151759,481.4843468204408,870.181336943738,2223.4328651298565,1345.2134821564725,3473.5101843829216,1479.3730038034255,1001.3524432299637,2848.341189601171,2202.5997681901167,220.2182362621901,1159.1530275151445,2734.1067800065475,12738.934639942714,6263.693041832404,863.8975573984462,834.6284043118344,1105.6222632692557,656.2494523851824,972.5370906060323,2281.9456588069547,1472.8855688178394,1259.1109334062292,1752.3079110007864,2258.1288638784877,1310.2509590293914,4734.293016489701,1242.0754550211066,2731.396945446211,1586.7198019696204,1463.3063835484213,1025.901843178414,1644.5823203502814,1275.674879379681,1028.928804559985,2059.2715939959803,810.6251296746269,2849.215896504404,2054.3554741790554,714.5769847893606,1180.3954973264242,933.6963553850908,1482.454186599074,749.5066751029352,3232.0740700508104,2252.042967542025,681.3315215999618,1309.377810989167,3414.293397712394,1425.896641850597,1133.7221889724465,5689.2954225664025,2906.0428648318575,2369.0000470896853,1007.8218225574617,2284.757850477288,1576.5183142277135,707.159618620097,1466.392623158145,2616.5833152596674,7225.785329229889,5760.683742941072,6234.938016476508,5688.19177102312,6391.598830387237,1183.389009208016,972.9371981762912,2405.920452713471,1537.1300407571398,3466.8329919694474,1363.6443906957045,3664.2467929692953,2563.720309078292,3220.149865294289,1019.8842080687103,3465.732395680561,1588.011853539317,6006.833516316347,906.3961671920537,1913.1267232369141,1244.9481386975713,3200.8477366161965,4585.515379397776,1555.589500282517,175.6688531371305,1557.7368685058389,714.023364193182,3285.5724197416985,4542.260664974177,85.03238304447856,1065.7517003210453,1353.6853657506774,2893.922640152565,2755.728860791496,5998.1724581979615,7196.195442065838,450.4005312984494,190.54553303108182,440.6586433111668,1556.8214926176554,1661.324597397352,5700.568544509591,3509.3180644827535,7230.917543136388,273.3390842043001,1092.044715650599,92.96340265712773,2545.022736454419,1400.3383256501647,1354.9355197710995,935.4325517864011,1260.8238242646848,5374.108872234826,1305.6641432665958,2176.406337307352,6100.908671039971,844.4446905011548,1939.8432155744895,5037.522998422348,441.5514720017692,1918.7192954854575,2439.409144690309,1470.083145762819,6690.0142812604845,1907.8773150981567,985.379833918584,10548.60170900736,2287.8195519113715,1268.898788321382,2857.4825796962664,1634.3846528634203,1000.7223945168706,1546.841637004305,1469.6454655723892,994.6640787308487,1688.7123879694711,1794.829415559298,1558.224452874026,1598.2099489607785,3203.605552803886,1544.7010412173165,3363.994485021511,2259.936837201852,2435.8346332235706,1350.448838376998,1172.7466373933435,1550.5329351506405,1531.304377997492,1699.2199425294425,1782.2792258129246,677.3712568998732,1536.1932288257058,661.5489851145871,2040.2595807674395,2966.7992406457015,2662.457081668635,1508.3099517855428,2441.7350859164903,1475.7699300718496,3622.463614662016,1216.5771498516613,2158.088233372408,1478.1583731540295,2022.8938823527994,6175.4886828736935,1964.1597471611287,1828.3184447763215,508.6896753672679,2699.0029550825425,2440.212813669761,1420.3803910157185,1058.3237313317013,1963.4730709310948,2368.637302244489,805.4805168137456,2410.627255635987,1768.8498437523454,695.3708325389924,3485.8046358118354,5985.668634682347,3694.136707764576,6132.020161265606,1796.0279432193954,1414.521268209566,2094.618932641651,2421.9561393874915,6322.422963435754,3621.770463941004,750.2682708551225,4790.141079212755,1617.7575393774455,2633.755405726657,1628.8096102037214,5423.7492034354655,2150.3218314677315,5474.622640911501,2404.972896419632,629.4444329442096,2438.3079376512555,936.305016062362,738.8805382156621,6416.90587074782,1128.5830490202056,1449.2469070818952,2705.4724722995816,4802.836895851652,1441.5452339444294,1553.597518906958,6450.630628620278,947.9922223339702,2302.2657323981753,1910.716053086794,3352.0157051458277,2062.671036382163,2306.335687618957,5712.729280817684,4797.827391077259,1837.8322859218233,4764.306512978043,6479.435654805681,2942.845697503822,3316.011158913913,6442.703036750446,2255.941173587812,422.9775142465387,719.1570946449269,890.6287636079365,574.9591324623269,6443.470160611466,2034.6952148580594,6251.712999608104,1107.3462078746588,1574.7656602531945,2084.3471383828683,1081.8290855516723,658.97675177405,1658.0245193255353,941.2281489221766,1147.4830886090222,1814.9689437644101,1628.2699689671335,1972.8397344765613,1895.82354725042,5760.473166777758,6649.243011545792,1585.9497318520355,6140.3703590806335,6283.161760091285,2021.8114052029916,6246.363683472218,1778.512813520727,6277.402257657625,6706.599037038957,6311.608409786651,6121.911078399245,486.93598279020887,6239.720678871599,871.4273978262912,6397.091913735187,659.2858283688088,1624.185546780986,1608.0536839193342,6174.804218801285,999.6835527539928,5892.902260029192,6275.398770098276,2583.588738006832,1020.1246549045804,7151.628085899211,2414.4788855488896,6242.339807557506,1153.6161219316534,6341.565956210764,6385.238727479237,2513.1831388126184,1565.326364837831,6039.745608631102,6293.037383623134,5532.632993575396,6426.41174784028,824.1872088812869,5719.77820230878,4649.074303446198,944.1269798211653,5997.803367426763,6240.307657141643,6184.165883202631,6395.477197633053,6412.375605607763,7211.518182142181,2799.1875879074073,5916.126248347889,5725.154633028565,5777.933774954189,6243.7295282549985,811.1851140162802,6024.64186471925,5986.299844154942,6210.610337307076,7402.711815676236,6229.393041413237,6815.3561420502365,2404.1810527070193,5510.045766983631,6223.242596395527,1642.7440114636895,7143.6082597829345,4700.893348420021,6073.016182684906,1715.9328919925194,5752.853888398283,4529.670657998624,2597.751347523135,1069.0927935056318,6032.772060516198,5921.683029233804,6234.571650829418,5865.71595037816,5526.308550775706,4455.647597069206,6509.916147543405,6023.166870546227,6394.279465903907,6272.569133358077,6634.920865839602,6623.628082405292,3614.508585695535,3630.4611460593937,2249.0940278290327,4561.401827930058,4808.00044315947,6261.584568203686,52.6130472732483,4529.613646291138,6390.2314858347645,3181.9153548106005,4744.913145969895,2826.3106155824207,2547.8684763322885,6155.833565436938,5781.149728493078,6273.932298476737,6147.436338501857,6123.852019775886,5564.234062378105,6039.134261888211,2606.622625374283,5411.651911232575,5631.286456642138,5866.130518943514,4820.432016168404,3679.064620163841,6289.874628340071,1290.787130662714,5700.631392079048,5245.602427977801,5673.234472136187,6208.263618945736,5690.472731618967,6134.550787126674,4684.313101211377,5878.0631286839,1408.1545417691113,6104.635340365603,5397.033091829522,346.1707373349941,6467.58439871296,6018.33073779791,1101.6611089286334,1122.6887172612435,1033.7748856630233,1277.904648305724,2926.6067357904108,6363.009456877094,5576.129542522261,5430.915389543698,3504.392778971277,5616.762522214501,7926.163257327354,6005.8772195971815,6488.931239517058,5759.946172391068,2985.786153808957,5950.617177468926,3087.579543939575,4517.08197181888,4562.615391428452,6866.311995005287,1676.8111301875858,4556.622041788507,4775.42590171448,6137.8818515645125,5867.4099540948255,GA
13195,125.53829574935108,964.3251939958983,2004.5385154998432,3227.622796206259,1288.8295806638248,2901.410518337322,3562.6606570852773,3525.1801623892525,2654.728495505917,238.89621329819985,658.7564231819538,1470.0756929725305,1402.0415724010315,1232.127172988447,1080.3310903276165,898.9854620119089,1102.2890254115405,1105.6056234916707,942.6726439210632,952.1125574522122,808.7610180687116,2632.095979997053,3143.09841388787,760.974446980724,968.0386166137953,939.861775060504,687.1572033583586,3553.340956353695,1272.6430979222666,386.0897652913082,741.5950941273595,821.045983439304,1428.7277808943186,7335.393212920072,1243.175164440708,3488.8667984438653,808.0218526556291,3510.5487294155114,446.7316187455063,1174.6734474635732,3447.0425006417595,3184.046169427113,1528.0514885731088,679.3521832297523,818.2032822529895,754.60549644181,855.5685455174284,562.4873207146059,653.1226704113959,2438.9027953305913,1061.671274966357,7222.8357308186805,1264.3693778084441,879.7641775886328,428.49089450430006,3218.068568475388,2140.0925920549194,5509.625951467819,1053.8334617871508,1369.6789751085985,3152.1832819935967,628.1679354709904,323.55688138645746,1321.4903623044067,649.7364134712487,3286.172208034264,1331.9306020485824,3022.0305683865254,3206.894937961683,503.9997131092224,3216.9725872316803,704.2415638225423,2584.823975301185,7250.6995022286565,993.796728674395,2172.4098774782888,7428.078277122202,1174.8754731144666,333.65610816762285,1259.0188634492824,623.6178058862819,1231.9387822495153,290.23407135149233,397.6837395042954,1108.5631700931997,124.17440850701416,1172.7716831202106,693.3642715670061,200.33458859820567,1534.6158093886875,829.7914990358075,1134.052092929243,552.445520638869,3057.1495990931676,368.99532942049063,1413.8009348007422,1986.1943455038668,648.296810728423,1338.7329487923473,1158.267916300033,810.0203969607138,1136.7514527453786,1036.2367244177865,3300.5941613510304,511.5794773927874,2691.569315425893,751.2449176903235,1436.5982030433306,452.5240476733661,1784.933699909635,882.9516132013417,7160.724829749571,1138.6657831632276,332.55577384636837,193.20662040273942,157.2588757375907,3585.802242407127,5427.757082124218,969.3582588935803,1570.8302031652215,982.3211256662456,484.899061729674,208.9969943172157,1716.6837209454814,3548.5964162921864,670.2788618579533,487.7075517159848,770.3758359358146,4616.738291402442,2503.5705068659972,1073.521888358187,3423.3244343558476,1823.9307732669965,2945.597597391229,2519.4657106450395,1008.8415326663827,3347.849202777666,3299.626707907837,846.5211042377481,428.73298239429175,2590.647604935251,997.4806962088048,781.5821655665393,1693.8601328407885,586.4958346862595,885.7964093333028,3607.9104405728194,983.7428436839638,1035.6719902697964,617.0691944399522,1215.2372004844988,1691.7245616352611,1533.7213523995447,925.0282873192773,459.59666092391365,1226.4454697849005,1707.6719156885638,2029.4120077687146,142.27368484041185,1640.9941137098651,1004.3691223814283,607.9873803163016,2357.530937037371,2178.10411945282,2035.7242816931146,689.297960967524,1036.1666548748472,1197.5084197947785,3405.137296761495,407.3286596007196,2318.7572933863185,712.8479367092839,501.30566189014297,583.1848650592938,4374.923111336969,934.336738248167,3554.4382813703874,493.8674023833471,2584.2180141157896,270.75739204676955,692.1161958647767,2237.43332947077,1143.8741694733408,3491.1609638928417,1349.9476488123905,867.64585602565,2773.735678175227,2188.8635613279707,359.6766645103486,969.311431108364,2692.4604339792977,12683.602663907572,6148.952222891059,770.3401530814507,632.645186170083,924.2869328890836,518.3517208510469,761.1806224692282,2169.9890591215444,1407.8659961766982,1049.1293138815304,1602.6437484847559,2257.794583559679,1410.3152571451244,4633.094829221432,1048.4511290350904,2748.028710012425,1399.3398902648557,1306.6181954269364,831.0101836052597,1436.081120244183,1064.3535926088862,959.2019997665062,2089.6274989311873,927.5207188363603,2782.5030853569897,1925.9074620207284,573.4691808579972,1033.8013346941423,796.2178565391174,1643.81150096886,839.9951955384358,3259.716441191987,2230.0239743354755,474.9772584776008,1099.6114173459798,3422.8681253384266,1286.8492687050584,923.2006368773256,5576.690623397663,2867.8203039456707,2437.1571731996687,1028.4043855576415,2236.610450778739,1713.3856286172306,506.75222829533317,1542.1042465619105,2603.558644622857,7269.595301922898,5659.602306169592,6098.2652624853745,5539.352342274744,6262.592651794314,1296.0105606477107,856.5910305477313,2303.648297622171,1339.0205224195959,3413.260142523207,1322.8881157932,3650.8987500391786,2597.892547341657,3161.248120739016,833.5164276199051,3406.1962305100487,1530.4104249599454,5855.606563050697,1042.5364341561274,1971.0659627368152,1338.3495427291125,3144.4536786356653,4484.062398058266,1644.2748734296536,376.2550029892976,1367.8456711789534,556.5677042018442,3232.8167277437487,4441.9631460745895,241.08747292906443,1150.8333927422568,1396.1587218401144,2864.279255169757,2720.031635890789,5892.69668623989,7241.410609708078,320.2419276965923,372.2486097523249,503.54322838206673,1470.3029343382173,1462.5547088673968,5591.73833364428,3499.1177183827613,7276.269331993922,358.08990667129683,1073.858248897421,302.8176896079727,2488.6131010584672,1204.014867434929,1407.130492688615,999.213900366682,1128.4353014413236,5261.199986804173,1097.2506066509434,2174.6656990932943,5993.585643015987,632.9460027256074,1854.5987004075275,4927.11760364793,553.2292891165947,1781.2516453359397,2499.709096633835,1279.5079193389627,6598.8199575512035,1803.8197620605224,1119.585357519643,10671.356346568586,2223.366699143016,1281.1271101440338,2796.813675749527,1628.4356976682361,1086.8532225114902,1385.0488767488162,1258.8097050855945,788.3526411814997,1516.052427860524,1861.6169964627786,1347.3567399804992,1407.694873430275,3214.786804776296,1352.1801205250435,3394.539176273181,2164.791332997286,2406.176509029369,1231.9813849140905,964.3477929966717,1526.6822107704206,1387.599224314588,1568.794983436761,1646.7422050038517,599.7016634859677,1364.8401466592236,536.9827194725178,1925.9853241334533,2951.940643688323,2640.920903588103,1330.7557062127746,2397.014210592129,1282.4621547389681,3576.2473252571294,1038.8123264428682,2123.9822001465313,1286.6153960741526,1976.7781937459067,6049.563703242124,1813.3414416956423,1679.8181657504806,644.9774023589415,2709.687469493483,2498.135782148681,1390.2592424822335,958.9698082289934,1960.9184045992235,2430.789697002477,600.5305247528587,2346.7205161353963,1720.4892884105118,485.3760314014655,3493.455676066212,5857.005802373055,3664.373342749715,6014.789905268267,1689.5174901054081,1217.9148284668545,1890.21598301655,2420.937150425681,6202.603994725032,3563.518221968639,660.0113556455684,4682.709156318648,1413.6626477746827,2671.9373137891794,1436.258228839973,5308.320276474279,2029.051241261175,5337.66096196682,2308.092310845226,767.1753184284516,2420.5373779070683,809.2366945728422,670.0739003937941,6322.919137331359,1017.1975776589917,1332.741826683858,2652.226734916198,4691.586164040986,1337.791326318446,1361.0612715199256,6332.009639349258,898.7879731742781,2315.169689835715,1712.2303791388986,3365.249758733405,2072.012667958463,2376.8969529586398,5604.717083996211,4685.486977615028,1639.2359868112385,4658.2243929232345,6360.6941071521005,2993.478992224795,3266.7181463927022,6327.839699226659,2317.0231950643592,409.8520204927632,703.8256875240235,679.1945795885056,546.1090245985895,6323.777595823194,1976.6494129484106,6126.880592121473,904.6234009623345,1369.567678201532,2049.6548976711233,870.4028759321162,722.4032976837176,1497.0764052557763,934.3227298987517,1060.099070162715,1614.004451185507,1635.4859909156585,1922.0626192980071,1965.324458537758,5630.039466794438,6521.554867526605,1376.7975083064664,6003.574730407534,6170.464861466233,1887.7345101348371,6107.358448386298,1823.427888633392,6184.007418669189,6578.189008725829,6171.832367501712,5986.447147365288,512.0850554663199,6110.976596147141,909.1363242676096,6254.983469042156,447.7966907609857,1573.2401113654187,1397.5272260851727,6057.591235038659,789.0064076848315,5783.407702282229,6146.75813168347,2491.0220329669132,810.4744836073372,7201.980735079726,2457.830226205893,6127.656470954795,942.1101260826648,6221.525323852107,6262.817518665394,2418.176517112236,1559.6474146540095,5911.054800677259,6163.8368594134445,5394.3874015647525,6294.370375496812,894.4532506425592,5612.152802067229,4547.423205553067,754.4563862544993,5861.412771148197,6125.189022975501,6054.431958823817,6260.418107651381,6296.275574205536,7255.336854505018,2713.058509733431,5787.518174505078,5617.5109121903615,5636.758640007039,6119.021640970139,600.9351329343493,5876.104375233621,5849.821752247758,6094.944193224693,7310.75302937955,6114.3431963354005,6710.1439448397205,2313.743820835245,5360.169910739071,6104.938899487274,1754.4546004487536,7190.562285163011,4597.106236229469,5945.768737160177,1678.6570156241046,5615.9806492617945,4433.3939788015305,2581.9992521415484,857.7614101486553,5924.103792406797,5799.711828445311,6088.392114390551,5732.270488612747,5383.882050260146,4361.522544444145,6395.2304190954665,5893.962773914218,6272.401257014801,6158.118191887839,6543.325825368586,6532.097845292639,3556.4150835200344,3569.749720827788,2254.655231439902,4466.542379030902,4703.013028098614,6147.140159626498,164.9092876544961,4434.372957910311,6296.812083286441,3221.397665418045,4640.194391678522,2858.889787030416,2565.401276748571,6034.529287655147,5679.470073961981,6165.487990060257,6025.251053534852,6002.479088245866,5428.613927050003,5930.8173067265125,2633.165055490804,5273.9535005103935,5497.287870074618,5768.155250257166,4714.395981520686,3660.296147858391,6181.727714992532,1424.9570020387125,5562.339184735323,5113.992648146916,5541.3124164107,6100.414704659906,5560.569499938375,6035.372580586172,4577.537455335949,5777.464157639832,1273.1731532748622,5998.127565863963,5277.25087254162,420.13796726718317,6374.625397479538,5912.682345820955,1234.736839788526,1246.9980726263134,823.5381830578514,1234.0883580025384,2874.8842354944195,6219.300189720269,5461.794343789245,5297.536785975548,3515.3452755447356,5501.499596819947,7822.570309643189,5888.549440093232,6355.757935083933,5634.3809644423445,3029.5797883988903,5842.70486435614,3136.5869664261786,4421.4631747989315,4468.719766132277,6777.069764226777,1469.8829810121995,4458.923184616805,4667.872745115582,6041.305834845601,5768.509052560085,GA
13197,142.33019412263099,1109.9610496408784,1986.5492021936013,3144.585191293088,1172.1837866753885,2833.9924176768322,3585.6814249199683,3473.045363265726,2561.1871760594713,458.425007453707,535.0813322679534,1581.7856457092614,1628.8943976193846,1061.4610305621818,1307.9808466109089,1100.490136119784,1328.9097005715073,1332.9064647080704,818.0215599507084,1179.3639438841587,1037.127351307447,2610.7948280385103,3049.3143129072096,989.1275228737993,837.9250909544307,1086.236809771555,523.8669672481643,3562.159755030249,1154.7934520970591,462.85319323201065,971.2391710496872,884.9135200613695,1270.896950679644,7249.491521095836,1067.471436753611,3434.6116662216405,605.1321597663405,3459.129411693125,657.3900844949127,1197.8239632264203,3402.928842569321,3098.3897869263933,1364.8562050018754,833.3432477326078,1033.884238983081,982.2112229981843,700.9547646571581,743.9205321616513,861.815078967033,2413.4916277874327,1213.7278691122162,7132.7106367908045,1492.834970611005,762.9798994673978,340.1651040220713,3137.007909373921,2059.7950109073445,5599.407578716599,1281.696156262648,1416.065661824651,3069.285753752385,585.4452219807803,424.5981713549981,1251.8700899516482,870.8941315795782,3248.385626593277,1557.510818250305,3021.0812349350176,3122.6357880466167,655.7479263308778,3247.7634876518964,913.1918907813074,2477.8775142175755,7155.670234109494,1173.1551490413192,2055.593833713821,7347.141208149494,1126.6198998659331,246.8455813710548,1490.3502290718673,508.0356073225184,1301.9971120409427,313.98325684359287,542.3874035586697,1338.6111289253895,353.9462350588225,1404.663985042423,525.6609251899139,386.7442167863828,1763.586793844659,760.0287522990568,1270.4730033000153,327.93846163029684,2971.398790571793,592.3465795201055,1642.7356653166305,1954.6363908447595,839.1719574010264,1312.6022360178658,1383.9518585928977,652.7552895936385,1364.6337201892666,997.5934063867751,3240.840572258916,281.79908178781415,2719.822344377016,583.8707163384117,1668.6831585828295,631.3179800099614,1662.4873996391568,1114.1232528089342,7063.808981990736,1234.6838528782919,327.84311266689673,362.7674780969198,387.9593095544111,3583.125308863928,5535.393278511776,1192.9060422053901,1640.4768628200854,973.6897503395842,252.92118027539814,303.98023104394235,1616.885223060974,3532.770116895236,521.0589045620125,651.2539916216093,990.1828659481308,4697.866250928333,2539.308054891524,908.84281181246,3423.057479225016,1925.6960034221916,2977.0968966573296,2500.746107738929,1236.5236900659709,3269.859174211029,3317.356407454925,659.9122677664294,218.90973157978488,2599.4111912922394,1227.4804387534195,960.2093800064456,1616.6598388937305,484.7103797948862,1051.4967406407106,3640.5032866290185,1181.3315866672506,1141.139877800113,846.6925022287227,1367.6183901449494,1495.2417382929204,1347.3709146665265,1031.8252288757826,690.9049473503989,1383.8586722270059,1937.1519866463007,2067.527090300668,264.59801898952566,1442.3782918619006,872.5079385811546,397.8043220186158,2323.9322967526405,2147.508483591948,2112.8944876640617,482.5326134977221,1267.6760218042489,1379.8238617092227,3333.970104753493,598.9405751389738,2284.452213930087,602.628867148123,366.5728485558787,687.876379740553,4441.12976577905,747.9304075496569,3509.1705096165992,719.9299971220833,2562.072758435872,497.28153522662905,905.387119561989,2181.4793200940803,1373.5843726956225,3430.9887007741054,1459.4671676472742,983.9137559990488,2816.44708773326,2163.149717112571,175.29578641036704,1158.5618288581227,2697.5824205391573,12702.88658617734,6238.211806972416,838.7007260808507,841.2323921775989,1101.723208556199,696.8642409580548,991.8444716438307,2257.177359929295,1440.7594210536945,1281.072893523584,1737.0112097981573,2217.3601532705247,1265.360551179185,4706.399492495465,1243.0436372463134,2689.089940589895,1620.2947470583538,1450.459087607468,1028.0149277008977,1668.225597964584,1291.2725361645214,998.7180063345744,2016.2340632478351,765.9220978127856,2816.1010138543684,2033.3855681185942,755.0388721148842,1165.4891923110856,917.500355554228,1441.9309148997675,704.6786765638989,3188.9391502241265,2213.444979829668,691.5618281942482,1331.6195355075795,3372.450403011808,1408.4143785373553,1147.4972495373281,5663.4621020484055,2869.022469219493,2404.336958619943,966.3994757660236,2249.3203404545748,1533.2786314940963,735.4839849880523,1421.6219140164576,2576.8728345703285,7181.602693138927,5732.582790211676,6214.409866689218,5670.901716543471,6369.220775757361,1138.7172995581298,951.7201350763607,2379.132952404653,1567.0252658925617,3431.604007898769,1328.2269328673335,3624.2807216546416,2520.319243147131,3185.741781643321,1053.3279370016382,3431.3323486577656,1554.582886589029,5990.154022595466,862.7122043093036,1868.7635438980026,1200.019476333985,3166.094177219411,4557.702263496478,1510.663317562838,144.51842901139688,1590.560762433593,752.4417589580023,3250.2898607110023,4514.239967491891,42.18261813796211,1020.901202508699,1310.269195544365,2855.890963876717,2718.461789842751,5970.873533465439,7151.958999599719,490.6587944029383,211.87609670242284,398.0230123640046,1528.0969446766385,1690.9758509309936,5673.97348674314,3469.080575462912,7186.675022775011,314.2450852850988,1054.3807572572412,96.9269995258868,2510.562691662286,1430.8960980922193,1311.0057487621393,891.286618532783,1242.1371455363294,5348.391125542041,1329.388858071333,2135.804046008232,6073.954855979574,863.1996170550275,1910.3734682326235,5011.359937384783,396.6327561740575,1900.05052046954,2475.769281457087,1469.217466874075,6659.9940090437185,1881.9011755974475,941.6278839018381,10504.92800483259,2254.6907486011028,1227.7749854578167,2823.4730943812474,1594.5536855441687,955.8723385036984,1535.346662089622,1490.1564646639904,1020.0462487730744,1680.4993981727876,1750.2101860642267,1578.651692892231,1630.8584304453686,3161.600749169772,1544.6400162985456,3320.670259535541,2231.9265228747986,2398.000859527079,1328.3814561060597,1196.4816128412615,1512.7241927922712,1514.7887397252316,1679.1584319622634,1763.3140165753625,650.7191619314953,1527.7677055401693,644.4458904211962,2016.1973239479064,2927.15389715805,2623.6129632760817,1502.102572861004,2405.750088440456,1507.4532995856864,3586.2178893405517,1211.0511796380915,2120.944426141285,1510.4282647975408,1987.378626639173,6152.438169925352,1948.9130982632691,1812.60407896534,464.44528067154505,2657.15224519827,2476.8804331798983,1383.5031217343924,1033.274999067501,1923.0636343687727,2404.791693584957,831.6466316096878,2377.33352877721,1733.881317839552,717.4300558212552,3444.0214879116056,5963.270898709738,3655.8898335637928,6107.0786551657275,1770.6757250240494,1416.7053548505053,2121.4395234479252,2381.180238291823,6298.005834267843,3587.142586431136,725.256289545595,4763.43648928827,1644.70760739451,2590.1227644527185,1660.8116461336335,5398.543241257904,2127.6443511209886,5454.286441590208,2377.169649426496,655.8516987571255,2399.158993066351,917.6411158681576,710.1346888845279,6387.413046050517,1105.6747957505042,1426.534331001001,2670.489009030426,4776.891993732362,1416.244063876582,1585.5751205276422,6425.938936634627,914.9177951720293,2260.367426763938,1940.5493146576248,3309.830005413785,2021.1588369749145,2341.3714052962755,5685.970321997564,4772.1049641034915,1867.6021015147614,4737.342857471076,6454.765734043205,2898.6034392463507,3280.2554761166925,6417.222198792131,2211.417283641914,389.6671462620225,682.6308315817467,909.6783771781066,541.5294511112321,6419.00892675762,2000.8249933331829,6228.40597677531,1134.9214533597776,1601.018824216938,2047.326111351254,1100.7880877821983,615.2983752072247,1646.0932368775962,902.6959323961096,1119.8806363333863,1843.644520113393,1587.2115835579202,1937.9990530363032,1851.120860156506,5738.522004951054,6626.526702641497,1608.9101632709805,6119.886309211704,6257.257430328584,2002.2004263034867,6226.413162162273,1734.750657291813,6247.822697496004,6684.040665371607,6291.842482420954,6101.103737080035,447.5255657385552,6217.303786506495,828.9251793144776,6377.908718843321,678.31944919148,1589.7515588219214,1629.130083240273,6149.852808049426,1020.6226226221077,5866.409211079325,6252.952878745409,2554.8775933239663,1042.5433224039207,7107.209929732887,2370.6274205157256,6216.849709106613,1172.1027728044935,6317.193874008911,6361.378421743424,2484.959575177276,1525.5363044262167,6017.346072417191,6270.718259427369,5512.604891212049,6404.738786722567,779.8868235601033,5692.941873636079,4621.2845798172575,976.5555724886083,5977.241243150536,6214.9081584158785,6161.986270999353,6374.531919809937,6387.1565762406335,7167.335578113393,2769.2217916252007,5893.726657111898,5698.321053093587,5758.603882220621,6220.395820558199,825.0143613925826,6007.216714335899,5965.760957512702,6185.329110018093,7372.742388214693,6203.980815330699,6787.895053944432,2375.2102976725096,5493.070189637022,6198.515337370174,1598.1498030035455,7099.308279024364,4673.499240877394,6050.2807651662415,1679.5625134877441,5732.44902709951,4500.910136760706,2558.324670173024,1084.8979246958722,6006.093610635943,5897.792353726019,6216.479214738139,5844.4605019368355,5507.341835419132,4426.514941346746,6484.3893528383,6000.8884233461695,6370.2989349227355,6247.02663526849,6604.9775143433535,6593.674794007858,3579.8605104350104,3596.179081687823,2207.8136235934962,4532.377410981013,4780.81494900344,6236.0422804698,90.47332754464304,4500.665147306653,6360.6412404033,3138.136878434093,4717.688985519968,2782.9501949164405,2505.544152936053,6131.761973207247,5753.158169546477,6247.174718465742,6123.558426370889,6099.800092975154,5543.553549515745,6012.385317175132,2563.670575565909,5391.508957675595,5610.20193376124,5837.436637955385,4793.447599511652,3639.63784841174,6263.056042037526,1247.2218480926927,5680.586654957148,5224.017030332677,5651.647607409609,6181.397773829257,5668.40928937081,6106.039530504245,4657.502252551048,5849.853756626216,1389.7156675572767,6077.521433306277,5372.754212922795,303.5614098061796,6437.902443268177,5991.062286993181,1057.9141097349748,1078.4446216659976,1047.188408623336,1243.0706583700219,2891.316933283301,6344.246310643607,5550.670381026687,5409.716635981265,3462.3519488567185,5591.489041737796,7898.263777796756,5980.975121421376,6467.518852787796,5736.878634411142,2941.827040464565,5923.8015573136345,3043.386579853037,4488.204747207693,4533.4175118955245,6835.9319191143595,1701.8358092631536,4528.115761220543,4748.748301534201,6108.892907480677,5838.886411846459,GA
13199,71.10683778723816,1034.682496172293,1938.538679172476,3116.6015832632543,1153.5441792455895,2800.8176671996757,3529.111573290954,3435.6185708768458,2536.348660018003,419.63334524354246,603.7479394501167,1509.3093379208406,1584.3873510379653,1066.472319023912,1262.5677392080393,1027.620044073205,1284.7041820368456,1287.9112531319972,888.2482230421648,1134.4568075769114,990.88910941138,2564.2818644076515,3024.888068229401,943.1807009558563,908.9929353476107,1010.9203707282868,597.9360384710224,3508.7758524358605,1136.5641232366772,390.3038103101045,923.2403876966008,817.1705190468439,1270.0504678371155,7223.56894232218,1075.1376574717574,3397.791546488449,628.3127067343812,3421.486004827585,625.0719612214009,1138.6172115008294,3363.1457401490165,3071.2467338715114,1366.7438240376584,757.7784792996222,964.3750532690224,918.6523658433673,774.6480493616608,669.3481687346675,790.7915412138582,2467.632386339617,1138.2952840597404,7108.176800776458,1446.3299635771154,831.7921398897008,398.45824962212714,3108.371534384327,2030.0183689082114,5530.961367265846,1217.885758543452,1352.8693493052715,3041.2131982095757,537.936000346142,431.83528287418784,1217.0401990053972,831.7933075033127,3206.7387655068687,1514.425198518463,2969.7397491079246,3095.0430346086914,580.1800586683004,3189.3887270253413,882.6046295234607,2457.701143270819,7132.800514859503,1097.9953827607783,2038.6755538187087,7319.60701521981,1084.8573253093932,202.7154418322564,1438.7637459888906,575.0346579114903,1234.557770179767,339.76558192136815,537.8202445950427,1277.011144118522,306.6547220520377,1346.7936387398759,600.1433415553357,315.21401217795943,1716.317018862149,722.6463991387001,1195.7262691089213,370.8093465701358,2944.2121554070304,551.1888039891785,1595.542360450815,1910.1634199961456,765.2876426978787,1265.3691822702576,1340.765581452657,726.6009003288586,1318.9188748917309,952.5109013806307,3205.5650681834386,333.2123094197937,2661.695362106248,658.4702191960188,1613.934436106167,556.8343000901027,1647.2136947139788,1063.1625055095378,7041.572022458153,1163.5478742762793,264.3328419632626,344.1719325215226,331.1375167076138,3532.483092438324,5464.47151655709,1151.835099915716,1573.6520007275242,920.6922616682233,315.60464033896085,228.46370550347646,1593.0909557216885,3485.3917061076154,512.4803580852631,641.0187965713634,922.24167535043,4630.62090316779,2479.512129543275,983.6924238582283,3371.7603035330653,1854.6081768689312,2918.440272654025,2553.417571563706,1191.08654588759,3240.2970148658032,3261.837644835396,672.5391889402988,294.2428197869326,2545.50142504867,1178.762883861767,885.1516837444561,1585.1841063224938,548.7863314417261,975.9580707203496,3581.9134689038024,1107.7889800850842,1068.7840611577826,798.8198329139467,1292.2197308102072,1515.3757157166604,1361.3465355378298,959.132037279442,640.1527236110853,1308.348346301587,1889.0777827748313,2006.8534467772265,254.28627977662396,1463.8177603278134,858.7905719332061,426.1180003971696,2379.831566952149,2103.020138133683,2045.3560686488315,508.2923390825279,1215.7124091676767,1304.7328041764422,3302.2647268446885,576.1554087960517,2241.1245693872947,669.4441501039763,435.38169365663254,614.3831652301412,4376.321119885639,760.761862636147,3469.7687635958155,656.02949600464,2615.584622293459,435.2086630938003,872.0450482773393,2144.2363206150553,1325.2839841413825,3395.93767764904,1387.1065975154602,910.2669773093623,2755.434783700285,2117.3721843390713,180.8172758840571,1084.106297173498,2644.590386866639,12648.628800832576,6169.916706056587,770.0808159587037,770.2401915650149,1026.5070669243023,680.788909380082,931.5999479556888,2188.242247111998,1380.2001220169782,1223.535965293861,1662.647751904606,2175.663154143152,1258.642333535402,4640.429977572622,1169.070905495004,2653.213916527149,1581.5948125507664,1375.4145524478265,954.5714579266992,1612.4634278056235,1226.6999970586978,935.5739416626733,1984.170557975432,765.3074478118338,2756.919869715285,1961.6870684522812,738.0007926054269,1090.947430124312,843.3448776012905,1465.493116788305,691.4026322325403,3157.034032638281,2165.3444554689568,623.3776992945038,1274.3713223451766,3334.471184773488,1334.8505077441991,1081.4162717042648,5595.479241674133,2817.0724205639385,2460.1318748234767,927.9900335113872,2194.2122026625934,1544.005074243935,688.9429981624895,1405.131608981097,2531.753399808539,7156.363439366335,5666.8316411889855,6142.51618356312,5597.374805725663,6298.504199121447,1137.3197166766154,880.0734068453984,2312.039540697713,1521.115018841267,3375.9999093848865,1273.2907534992228,3579.7689506601405,2490.1252707478616,3128.677013651109,1015.4162197607233,3374.2406372606915,1496.0360179796774,5916.379978800715,872.103849855508,1846.2684581099716,1190.2675654678353,3109.6394801412907,4491.64841795093,1499.6145884070395,203.71838147071128,1550.2959729541778,728.5826635328972,3194.7965599501404,4448.405738833459,62.43898897466834,1007.0403136340697,1280.9406117002195,2806.2669593144124,2667.0754766514083,5904.289855421708,7127.20237159272,475.42790381465403,282.3250836472244,367.9141837689874,1463.0742504922528,1644.492645528207,5606.698777834187,3425.4174977098546,7161.971512996245,359.90810289521147,1004.4689241367304,171.93144335242863,2453.6370057204067,1386.3793344301605,1285.2117317772124,868.1207916740098,1169.1105258622576,5280.30347586277,1274.105900749892,2093.573513569521,6007.028055189933,802.6371679515523,1846.21199198198,4943.677336116314,390.0457223866099,1827.0736806314774,2529.625428526698,1394.614476627656,6596.440727441471,1814.0291812136252,950.2087382682936,10510.664411223715,2195.570120287547,1187.8835907992634,2765.748134604144,1550.1033860716445,942.1802458475594,1460.0588676919058,1430.604017152337,967.708068177652,1604.9328603348329,1730.8640279419674,1518.9213195727455,1590.17995403396,3124.3207505643445,1470.2575823981956,3289.813304212416,2166.0927693476033,2347.970161489889,1257.3475882948585,1141.4167620211035,1462.8753933855053,1440.8410708536205,1606.9033936432586,1690.4766538530826,583.4932346943916,1452.2046137706175,570.5479262750996,1946.6770308912571,2881.784262432418,2576.0756115228187,1426.583997492217,2351.690606022609,1464.9840061641657,3532.5774293253594,1135.6031123601808,2069.3763886407287,1469.1275650605746,1932.459743874246,6082.195663361566,1874.545847886707,1738.3861062112458,472.22179093459977,2619.3442815461985,2530.120814123208,1331.5648696817054,964.537883141979,1880.2750370242074,2459.0585291790867,781.1050670792133,2318.465132678171,1677.9783502299094,661.4694387405996,3405.7912143195813,5892.56546522382,3606.7087938691247,6038.318486984879,1702.2354041316917,1343.136409881803,2069.9357940517853,2339.461449197793,6228.813007366566,3530.441928486379,656.458795045929,4696.266038229265,1593.7716539572912,2561.3682166140093,1618.7847158901432,5330.00604174487,2057.0818586392293,5382.275488426142,2311.113246947533,723.2143131492574,2352.484175911305,844.5442865683025,645.2269565831581,6323.2253317959985,1035.2144257903844,1355.9612716013291,2614.486529935737,4709.008128818285,1347.7486785878327,1543.5880867036544,6356.971237489218,856.0013658963762,2222.8681943605966,1894.167285425582,3273.2922958941363,1982.213516702199,2397.7091529845125,5618.853335038607,4704.019758732855,1821.1660301940128,4670.425104691018,6385.780147532822,2874.461945896966,3225.661964867119,6348.927207057195,2190.515935340798,331.96548267587264,630.5686980937954,849.3285069938968,483.6077597962949,6349.852325215577,1942.94065889322,6158.352153986794,1085.7344945311931,1549.0535642161651,1995.500756849637,1039.9425848647163,589.5968402813526,1570.8831184147214,855.1566326288529,1053.630924866232,1795.3315831947916,1546.7965965931696,1881.8236531250006,1832.9663776339685,5667.5131947493055,6556.047237357871,1552.2929848536498,6047.966188283989,6189.340156671906,1929.71570219663,6154.190097244375,1707.3009507269433,6183.7384974962915,6613.4506336809145,6219.518264801246,6029.3748323623495,403.9815911050309,6146.613074821169,795.5053786025181,6305.275789514717,618.7544044998552,1532.9115019244389,1570.1288105026574,6081.101139832089,962.2572280161103,5799.037557147812,6182.282394318325,2489.813990584193,986.0092992609673,7084.244561607286,2343.4729156446824,6148.5623436780625,1110.6234463616465,6247.964714840855,6291.7447370184545,2419.354570949871,1480.9999303457064,5946.64221000103,6199.960713947989,5440.41953294672,6333.55191716676,758.570869195804,5625.90000923099,4555.206096797839,936.7265410642833,5905.365797300443,6146.541396151783,6091.133207250488,6302.888195847162,6318.633793469716,7142.0970146466825,2705.6409654805434,5823.022069450554,5631.276516226193,5686.042481090865,6150.361768944081,759.5212790315843,5933.750204882649,5893.871790100727,6116.859442222036,7309.123386044495,6135.625143346545,6721.475337670185,2310.446648561947,5419.410909951206,6129.576293466446,1597.1301909157119,7075.148949733603,4607.012352775909,5979.811680236337,1626.4291530801554,5660.479987635799,4435.886257509841,2512.391728919833,1020.7771919364301,5938.89921350139,5828.180107631512,6143.311868612438,5773.004319148194,5434.59147282682,4361.916080758366,6416.134965167204,5930.101477999731,6300.758901274068,6178.785513211167,6541.330279089208,6530.039760107811,3523.1958824314283,3538.8761564343654,2167.929059936489,4467.6532200213405,4714.11750861385,6167.800945042609,102.16100388309721,4435.854275251393,6296.569247401569,3110.2231915543434,4651.030322947183,2752.4324390747192,2469.7957056523355,6062.292415895699,5687.290523396432,6180.0568322063245,6053.937328597351,6030.3149058233375,5471.744713965441,5945.258902631227,2530.940241791969,5319.387179912749,5538.637986226121,5772.332964648344,4726.550337327129,3593.5575863271056,6195.997296190056,1256.3084916463065,5608.41200028055,5152.765346480745,5580.400166122219,6114.384970533049,5597.474855256114,6040.732680528485,4590.434770245991,5784.218726801129,1316.5861622496006,6010.752705360293,5303.445928556386,275.0048825817545,6373.939676283346,5924.447950052308,1066.1587540039468,1082.4155084672427,980.9196843314653,1187.0615696610876,2835.8629206449464,6271.400812892399,5482.353948774068,5338.22180914124,3425.172611079543,5523.010827376966,7832.2964950499745,5912.181329387304,6396.165519866878,5666.646172889212,2915.290972419002,5856.739705651649,3018.756944384097,4423.312830527134,4468.893594143044,6772.825530975429,1647.9641715410876,4462.808321755774,4681.551784499296,6044.1212201207545,5773.593777217882,GA
13201,276.53501194938286,1234.947018144736,2041.2683716424551,3157.469007424776,1175.3844352950207,2857.307204601492,3656.3016358189907,3503.7464848480085,2569.216816725009,571.4682473977692,448.7038098332978,1694.8373978202676,1740.7642201466604,1023.8686867806224,1421.6008238812674,1234.7216136040522,1441.1074133107993,1445.9901906326693,721.2078923961918,1292.7990042653828,1152.5220473926515,2661.0401055799452,3055.6542692078438,1104.4067239136343,737.7589311761352,1211.5122989289016,413.21504011414453,3625.7504869008367,1157.4308829006754,580.3753012630589,1088.7424203542107,987.2355885215744,1241.3945841363866,7255.470257134977,1025.1883789890055,3464.1618912171148,544.9420850659334,3490.2749711633696,760.1817624577841,1279.1810477097733,3438.3928581111327,3109.754346014419,1329.8254980122913,961.6545063287967,1167.9500137060293,1113.2910700110297,590.3851436928701,876.8936563479007,996.1978080734585,2354.8808589773143,1339.833924681908,7136.122383548429,1607.254413947411,671.848946988374,299.8709488673053,3151.1410412871624,2078.465034080082,5698.403901349725,1412.7073871153925,1505.319440828271,3082.4531246837,651.6426871220494,482.3264989518686,1284.296071135482,979.2954540531108,3287.7773726433147,1667.8573531596485,3080.829907833778,3134.8129236761574,785.0019821393107,3322.75689044922,1011.1387377727257,2477.4613114455287,7155.95882078269,1304.8536837675465,2050.4319697410488,7356.135858772334,1173.35770722608,327.60919563358686,1610.2787203977164,428.6074101831288,1401.7320357318652,350.77063361274236,612.1511961488442,1467.955702684473,476.49911780486894,1530.8120782806552,412.32827047839953,521.1354845599271,1878.4130436461032,803.5948147528725,1392.3596763060355,246.7594836996297,2983.049045570676,705.5675023803882,1757.6594280203306,2002.2704344499439,972.8644533505992,1368.6117080217862,1494.8286995986666,541.8077787341406,1478.448027422523,1052.0220333602074,3267.60850925613,187.3797486386736,2794.816614525097,469.04738363837527,1791.6025285471485,764.417346233775,1656.0038174151205,1234.1742528351606,7062.95846006206,1344.3376261911847,430.8820949317524,457.99071276697333,516.6163951870901,3640.781403323023,5641.694182164015,1301.9219208693194,1737.7959221915405,1043.869949829449,135.5176055628023,432.82671728017516,1626.2233415335966,3583.586441302017,521.3223828454003,725.9992868964259,1123.6904721492845,4793.809509605924,2618.3330830953546,790.4379444759284,3482.267507254605,2034.0600135593804,3052.996977514032,2445.3874522608244,1350.3705454045696,3285.562908132636,3385.86522093258,616.7341827975588,92.58621252794829,2665.259685576542,1344.9165027656095,1092.234990882173,1640.3662898555694,416.1850002403492,1181.0844864209732,3715.6680302017307,1315.2679631002875,1254.6045090763193,964.630880669242,1493.3131155046942,1428.4357694179557,1291.7346243610202,1146.6101013138734,812.4766793439667,1510.7212929139237,2052.666907385285,2149.3191348387218,357.54030669008256,1373.7067974177244,870.9751374561131,339.0976898916988,2261.329247761446,2194.6228483316445,2211.2452233690865,422.95493385874994,1388.3815531235807,1511.6999524959992,3353.6926426348145,691.3720838032872,2328.887964913897,521.1457958802017,287.02612337648947,806.406925652511,4530.806255324033,701.9904498408895,3543.750297709771,851.5626442695409,2504.658679347969,628.4108119484249,1006.7795713257804,2214.1305462936143,1490.232722558423,3457.0737597517073,1572.3266313718,1101.9294763704415,2897.956623010362,2212.8349490520677,201.8801764518361,1291.6732749999665,2761.3031666920924,12765.156374043183,6336.647040755322,943.4056569645244,975.6133352079788,1233.2493877604754,778.7041156483756,1120.5197185056854,2359.080690989179,1523.9657810431693,1407.0696683030192,1856.7561484531955,2258.6971687662867,1246.2638467803408,4798.96122899218,1376.6716549043792,2717.9120494995313,1725.192743815492,1573.7072059102472,1162.0022895474794,1792.1393446704776,1422.7911370548886,1089.842618194173,2039.396185311245,743.317183361944,2893.375004979861,2143.4876433819168,837.19689822659,1286.5831169206128,1037.5058934334024,1369.784826555691,706.2140003628522,3209.2448825126617,2267.763963200603,825.304260305732,1457.292344100783,3404.3645911960302,1525.367838449327,1280.0116887005008,5761.1521147145495,2930.2672051240725,2341.828489954028,1008.5138768457142,2318.371078470072,1481.9888112189694,852.7561096385277,1418.7994535401244,2624.3259609024844,7186.32056118015,5824.2626248043825,6323.724936003848,5786.13285961024,6474.741895682622,1111.4635834478765,1063.6804844780302,2476.0147795615203,1680.6277766057067,3500.197243200256,1399.83546180377,3669.073359200102,2538.5391023699426,3257.8279875066723,1159.246657556675,3503.2548696746417,1632.9397193535838,6106.336540042726,820.4202361384012,1874.5202877693214,1186.936150068786,3236.833140184297,4650.537456584083,1497.4490379308572,70.5880646728635,1697.451848323158,843.624369725974,3318.8070027897315,4606.519794319059,151.77693339510085,1017.2630779058096,1331.8884336033298,2912.2188067894776,2778.7169998171685,6064.690957215059,7155.781197792612,576.5278367407168,144.98537932749716,442.9433739042037,1621.2857689437756,1805.0170097897321,5769.721262816446,3512.299481222827,7190.382876428532,310.58940483287034,1117.6665316042474,65.62495222356105,2583.1561799244264,1543.1915853440892,1326.0515214986387,906.4455929047632,1357.5094927290727,5446.447871499023,1453.2419331129242,2178.41985817749,6168.667838176363,992.3391716835077,2000.628725453983,5108.392960691423,401.8541245788465,2014.4203060961981,2417.70737796999,1602.1077463676868,6745.8111497458485,1981.4479634804043,899.4411749528708,10453.794761432093,2332.611968545743,1270.0454135864968,2897.434433755744,1643.5042060818682,952.8771715829615,1660.0703676097635,1617.700091012271,1141.7165020288787,1808.419407934069,1750.6986342023365,1706.2795865113233,1738.1637625784922,3192.409581985276,1677.8383043085385,3338.780783676647,2325.773282151553,2455.9398414983925,1437.5250466950274,1320.345307527867,1572.9234488951888,1633.0409203302952,1791.3809257772166,1877.3392593156705,753.8060430529971,1655.5969414713531,764.4881535789021,2119.9765531052903,2974.5459154257737,2675.949059206346,1631.7999924953715,2472.240605465014,1617.1837348419047,3650.347894423613,1341.4479584261435,2182.7044471150643,1618.7601372254826,2056.5926800920265,6256.5454842606205,2068.5350121597558,1931.67964124221,438.8894738158693,2689.819863524175,2420.249967910989,1448.6131165193513,1137.239669811067,1967.429071348812,2345.901812017394,952.2743446769208,2454.4833509401565,1805.912282230563,843.3778966400281,3476.346804374914,6068.824433055053,3710.374368114252,6206.853739902707,1871.8902650106265,1550.6312841936656,2240.575573748536,2422.1692756361936,6398.985683106689,3658.055640153996,831.2008300578723,4859.157134978733,1763.7306990106472,2605.456214916411,1769.6853286653932,5497.842451476466,2234.254880109114,5564.108459535748,2471.3994677551073,571.3756473391962,2450.1390233623765,1034.0270306596976,807.547602426324,6474.899742460087,1213.8300453642987,1534.1680096461193,2740.807495982999,4874.544944775821,1518.3279424385125,1694.5567686959198,6526.246244663043,997.6781996180197,2293.3083528548595,2054.1221699306093,3338.979899840452,2057.613540786999,2277.681015014556,5781.288330575554,4870.313213078748,1981.3315456750272,4832.3951854668185,6555.1191474190855,2904.6651915188745,3346.757835652855,6515.621765618065,2213.043653063748,480.4383663473648,754.9714349661364,1038.5722660626623,627.8777011964472,6519.8618316887,2076.4785299694367,6331.932425759386,1253.1003259204906,1721.184172896264,2109.80683316504,1229.7792358539625,641.7344490859316,1770.2214537725486,962.9780118907471,1217.4232202640135,1959.5408853952897,1628.2440942151895,2010.0530669380603,1848.9860939914565,5845.058194400051,6731.277421074066,1733.698362230242,6229.3028366425915,6354.635601713238,2114.8321144462184,6336.83591544425,1750.302513586859,6335.08233617622,6789.122310742439,6402.603181474126,6209.890529821191,511.8722344871852,6322.76929203249,863.8924671150808,6489.735912902754,807.1880279028644,1664.2775940332174,1756.0846469791272,6249.595210977932,1147.7349306826666,5962.374418806421,6358.350113003208,2646.422358859689,1168.0410607805588,7107.697328987812,2383.45101892897,6315.267563386867,1301.5028835907935,6418.275394103777,6463.633676638292,2577.932072869313,1574.9878872061552,6122.885505840388,6376.382006477514,5623.003822193481,6511.729591702582,793.8994793884358,5788.055489735158,4714.160979685019,1085.1249399760077,6086.530144851978,6313.549230134737,6267.964449037213,6482.9999336350265,6486.203579083988,7172.0581003508505,2856.902259329731,5999.28964181539,5793.440540240317,5870.260613002955,6323.8644474902785,957.4222953956237,6122.17278256687,6075.097105531247,6284.265756993207,7458.560771894252,6302.592928505542,6881.094333210742,2466.2184272926543,5608.846225918298,6298.783261669905,1566.6975524035504,7102.031494683844,4767.429578879507,6155.093779359638,1745.8862256847076,5842.086478903418,4591.110189504013,2607.474262468598,1216.2547395097847,6101.545105688106,6000.070211135415,6330.269831596886,5952.399953913677,5619.702154945338,4515.666042565853,6582.662043110143,6106.6877669379,6472.27731867927,6345.3088684977465,6691.04437285258,6679.7137357149495,3650.698382958689,3668.4438402176747,2245.580016592935,4621.802654479228,4875.266526549104,6334.327327166911,198.36828714924468,4590.323102312498,6447.841202626413,3150.8979349203278,4812.058643984992,2801.2548372179513,2534.489094492048,6233.577384975974,5845.137349127303,6342.3651383582755,6225.819506448097,6201.667177830356,5652.6906547028675,6107.65123593601,2586.6504582249845,5501.712944393305,5718.52827104793,5927.4083465942385,4888.42697188984,3687.6492396053027,6358.082912105283,1200.6848797626387,5790.923090060991,5331.413444009561,5758.951819903818,6276.318449916913,5774.725357979756,6196.467049799738,4752.981320852882,5941.199745438888,1505.185241893735,6171.808797948712,5474.257138246119,354.7251644588077,6524.806587274581,6084.9567321488,1014.7414138439972,1042.4641640372113,1179.857840027959,1317.3903719516818,2960.139454949704,6456.837989430259,5649.3145233026025,5517.854729625242,3492.577155952236,5690.577073120185,7990.045821925722,6080.871371508467,6575.032377368166,5841.031062371801,2952.30093648901,6018.9134649195275,3050.116175825224,4578.073720408826,4622.335375494853,6920.587355087961,1823.8418848731287,4619.030667211471,4844.543731212913,6197.939937072178,5929.345819056876,GA
13205,268.6372929308866,1239.653625922584,2079.945157237806,3205.1489642041383,1223.8234793876425,2903.241221509718,3690.50943032282,3548.3871350854583,2617.504473298925,535.943108423256,417.39381869671234,1709.0651765878565,1702.1622099800884,1075.4972359825738,1384.0763739748832,1223.5702098087825,1402.894501080364,1408.1854197746293,695.8781004094703,1255.3286224542965,1116.2211141297532,2701.0900595085627,3104.2378662991223,1068.1252470040456,714.2713377394659,1215.9310391685115,395.7109699102132,3662.206469413197,1205.9303765957516,590.9020569084888,1053.6809901868469,1007.3095417762468,1292.788881461354,7304.332642964461,1076.9008378582969,3509.0234746512115,596.5524280289636,3534.8257135162257,719.4714019623084,1308.779416494684,3482.049433404557,3157.651249626401,1381.4340975473233,962.782432023826,1151.0848396983324,1089.6537465315294,573.1720961774777,870.5979643885142,981.9723036656607,2315.976989667249,1343.396243170308,7185.296439735397,1569.9560851261526,643.5679677316383,252.60435702545647,3198.632292000253,2125.024865992964,5721.100288226972,1388.6212755112524,1531.9104643207206,3130.0812607513976,685.2721730916758,432.9782047528109,1327.8678877863224,940.1057545909853,3330.5573697386053,1628.633292813479,3118.35255760815,3182.5945009281963,785.0209314200704,3355.4128825413554,968.1915928572135,2526.796590453986,7205.492688866604,1300.9455635779955,2100.208859949888,7404.6081330838815,1213.5485502562747,353.79225831825835,1576.0307933217773,394.18686500245315,1423.4414070059718,300.0391640171185,563.9618915399383,1441.6427430008048,447.2318517944694,1501.2065762805194,396.86047043305837,509.6406415186607,1841.136321802064,843.9485578415092,1399.9274605419866,297.94349747395574,3030.8879953921055,669.3682710444108,1720.5057356097755,2042.7889326914487,964.4248952221237,1406.5499707069991,1455.9731022176609,524.78797266307,1440.9626640395481,1090.0464189346217,3312.975143847563,237.7211322163155,2827.3828867363786,454.8635974043176,1759.2293836830713,757.9438452333306,1705.817757876972,1200.3925848281579,7112.614261302064,1360.5934048709316,449.1011023476547,416.6828562002666,492.06339509438556,3678.989557398675,5660.424870197589,1262.4716193342827,1760.8477376630897,1077.1507912162797,181.20299714551373,433.5752240509908,1674.0719205587204,3623.6467160251937,569.009528935445,678.2852549890148,1104.8312046516257,4817.968840406351,2649.3978199859234,779.4600658113908,3520.0089485975677,2051.293257237001,3085.2878225777254,2405.5931295380865,1313.0316882789782,3332.828592370259,3420.7347085676597,668.3784160813215,93.77599187441747,2700.8515954586965,1309.4531554014466,1087.8081918856565,1685.877025178808,377.6154066297535,1180.5195333834695,3748.314353584329,1305.633567356023,1268.4259663288185,930.065550015699,1497.3010778301993,1479.2215795584061,1343.2414929828267,1159.504581041153,780.5701350700978,1513.4547600891367,2015.6496830361386,2179.2105532370624,317.0088690315053,1424.3450692159643,919.7205400258424,390.82721624112287,2223.5787706365027,2235.3398849257787,2233.9350854471504,474.65608601727996,1354.8291750384105,1507.3952439026684,3400.3169903020635,647.7019025109704,2370.30106390458,488.07000205230867,251.30445816499517,816.4662492501906,4557.817383341751,753.7053163294386,3587.6065485304653,829.2785996117159,2465.452555179786,606.1465492727702,964.9405370390449,2258.1319121882857,1454.1877127019113,3502.591649049759,1586.6504271424365,1112.5201588460131,2928.1336575362525,2252.907842437373,239.8541880381158,1284.734072364946,2797.576975027909,12802.49087744372,6359.652173983593,962.182546298743,961.3840566412292,1229.677354345164,732.2070794505347,1093.8571933215092,2379.9899276383176,1553.0328626891846,1377.4457055536013,1866.153901480882,2300.8192050403895,1297.0447602774989,4824.704258698623,1368.1691078341635,2762.7985406349,1683.7799124353014,1580.0785865048485,1152.2451812934773,1760.505788222174,1399.4726931321882,1115.2958401406866,2085.1663920088267,794.0340841958882,2925.140965738471,2159.686094467864,790.6233327761569,1294.8075158327424,1046.5539758647617,1420.077641809464,754.2749438897749,3255.753036453125,2306.62811549552,807.6926985405532,1427.3391831802676,3448.750346152436,1536.8561419606046,1258.6039217736302,5784.506680295369,2967.3221521592664,2304.072459247065,1049.611165891211,2352.845537486572,1533.613604511444,818.1084435944722,1468.1265738649954,2665.0766925846788,7235.337943997036,5850.461203421003,6340.665116955839,5799.117581064975,6493.949176749214,1162.7106873346265,1078.3685629715062,2499.4788307858626,1642.8754653095084,3535.055117813336,1433.020574306667,3710.651412319775,2585.285975416455,3291.485442888778,1118.7596455576468,3537.003020079606,1663.9082291232412,6118.6343972646655,872.1073085915469,1922.9566555943247,1237.19810394466,3270.9431071282256,4676.1460101185385,1547.8489193211938,119.9390485464827,1656.801364257945,799.135240073888,3353.6639713969817,4632.378457981332,159.57272250018252,1066.424931335307,1377.5862081910636,2950.6866511203475,2816.03370142577,6089.920849426258,7204.906627376054,531.7195781135702,100.47808708202858,481.3042115164429,1646.2150623695225,1767.3947905507848,5794.024645429909,3554.231968192193,7239.523054627995,259.1435911921645,1153.2270255012559,34.08545061717716,2616.5130149193587,1504.9310897762439,1372.8619773934736,952.7998024799782,1370.0802676939588,5469.605887055419,1421.8253386015356,2220.219020140767,6193.4816969891235,966.4175086847928,2027.0074758504288,5132.040639580529,448.0951397332275,2027.8201561817875,2378.663202994472,1595.605868469466,6774.581358111792,2003.4826417607019,951.1392907078372,10505.238890679006,2364.0147096016203,1311.4210466909828,2930.3837308425104,1683.5187086046174,1001.8993790762539,1665.039494665068,1589.329391227979,1109.1226565985146,1809.90640748392,1799.764820228458,1677.9297963678735,1697.6470683342645,3236.986990577211,1670.5167089934478,3385.669136366171,2350.636729409815,2493.849670860148,1454.1258424669284,1289.0777925362622,1609.815801613715,1643.5802685531878,1806.1712808859286,1890.9524356235916,773.1507681997659,1657.2048883904902,773.3811989603488,2139.833794067771,3015.383858536857,2715.4545576845558,1630.9936329189713,2507.582758573877,1577.7344585447681,3686.641322487428,1339.679357402145,2219.4173556901364,1578.7329909509306,2090.927408017285,6276.545458287875,2078.0495515881034,1941.6174080673761,489.2581716402352,2733.9355677109547,2380.801909905278,1483.9372314138398,1156.5929846863748,2008.736217894091,2307.0758735354552,919.3618843992026,2486.200088861552,1839.2026743603965,814.6803021975418,3520.658779064367,6088.000768257691,3749.473775341227,6229.172179324678,1893.0426685721707,1540.9247198894311,2205.4875002848607,2464.417516878624,6420.68393701214,3692.1653464634496,849.1680961746124,4883.427212829783,1728.8209440585536,2652.6790395169114,1729.775231181288,5520.376088259826,2252.551955236709,5580.711373272573,2496.117703704352,539.7699859718972,2489.946203245121,1045.7639021066482,829.7668944930629,6502.959602898982,1230.9055852925928,1551.6946940950775,2774.9683733100123,4897.874648705876,1538.8983259244785,1654.7400579043647,6548.3006219344325,1026.4185924551994,2337.2730337387834,2016.1382419700806,3383.903029783485,2100.7617257165784,2240.2681936506724,5805.798035326512,4893.3665235579165,1943.458846199581,4856.9823374231155,6577.150519764142,2953.266422180175,3382.267286367502,6538.651357213654,2262.090663170399,504.4181984088594,786.9549545229247,1012.2873323845344,654.3552594767857,6541.630910007235,2108.620853018623,6352.256899267414,1218.1707861060693,1687.0025659155576,2146.2781856141687,1203.3124273335445,685.3923464036907,1775.7722346728451,999.2039372467456,1240.0803577433921,1922.768797973669,1670.1739819682816,2043.4225049454312,1898.387235616429,5863.658461915148,6750.930645318337,1702.790477279396,6246.17751808186,6378.168505325717,2129.4131946707753,6353.079931491272,1797.2579748936735,6363.231988942564,6808.589563195417,6418.632705409687,6227.15381646693,545.3712883006682,6342.003932448642,906.3608709613125,6505.074086099826,781.4204365834537,1696.6363257500714,1727.0497503762049,6271.932040641284,1119.4468629501096,5986.581509665657,6377.624894786543,2672.394161632811,1138.2821073026018,7157.2078103480835,2431.0148560115235,6338.280645117309,1275.421240169518,6439.92076283248,6484.655171782323,2603.2485401082786,1614.8325203858155,6142.071634187941,6395.504496004921,5639.24432663809,6530.0824349783215,840.2460356318303,5812.662875867516,4739.754820982774,1045.800111428708,6103.48033842114,6336.4497631713475,6286.902363679327,6500.465393131916,6508.90466779121,7221.074492378529,2884.5843623775604,6018.458330133371,5818.045376364704,5885.696416270566,6344.220528454847,936.2608274369708,6135.360705012653,6092.017669231281,6307.015596135689,7487.358978781234,6325.507672049252,6906.643781580782,2492.391765140079,5621.433349217144,6320.850180621371,1618.2238240141512,7151.286072943798,4792.5400415775,6174.694386273846,1781.0151833070913,5858.8129609159005,4617.896436720296,2647.79316091344,1192.8964481935095,6126.004868941591,6021.06365520809,6344.28008292759,5970.171021544868,5634.667079988207,4542.904235737339,6605.75777177287,6125.724004270994,6493.44783781456,6368.391202318086,6719.708807471104,6708.389268592119,3684.8324509531535,3702.096196313559,2288.503000960369,4648.929628555456,4900.139755053597,6357.407840962126,170.63546214122997,4617.346577252179,6476.021059472342,3198.595313229719,4836.966525695157,2848.03578376795,2579.3134378882523,6254.827032399469,5871.201713638941,6366.959373203216,6246.829914285531,6222.888109182599,5669.722427646386,6132.199921336358,2632.593711422375,5518.0734834482555,5736.058395839927,5954.37162754146,4913.052011172415,3728.4391823836627,6382.755630363352,1252.4084501281966,5807.207978073231,5349.489208236819,5777.096798761955,6301.038333759172,5793.451709095416,6223.241810350276,4777.360654821099,5967.553876108326,1517.7284194767756,6196.823372793075,5495.644113352906,390.4743814842556,6553.114314528416,6110.151576690307,1066.4614399562768,1094.0526122684587,1158.8800847981022,1349.579743833997,2994.8373895779055,6471.667367080567,5672.186954056948,5535.492445950217,3537.3102749948716,5713.226558802757,8016.2820048945605,6103.122670949825,6593.076325523014,5860.991911773407,3000.305284451949,6043.531786681229,3098.6477504585573,4605.004191071683,4649.681993412358,6949.841346038311,1790.8042267960157,4645.502972004108,4868.777083469311,6225.319091415075,5956.094245944201,GA
13207,83.32020564528216,1055.8312658434863,2000.1193335644973,3184.865480375179,1222.8989512149458,2867.991353083007,3584.466546088718,3501.490876201998,2605.1235104252028,366.8344840041228,568.0051466521511,1542.6246232977246,1536.7389836598752,1133.1602744569755,1215.6674291610589,1023.6610268364333,1236.76495002239,1240.649533496538,854.0494102375526,1087.0969308126544,944.688490135766,2626.4754850190257,3093.690547481765,896.7088891603415,876.5896231431561,1031.722854833259,576.2144555384457,3566.5996643571307,1205.9300499225005,427.73785633068167,878.6728353871367,861.7729809745446,1338.0536032882585,7292.06827193868,1141.1371015761129,3463.864509185559,688.2024162553357,3487.287475651449,568.1027131546545,1192.8145615929946,3428.194368175611,3139.6558158059725,1434.2451664259204,774.577607054834,950.8629877681664,893.4976482322761,750.3762018758861,673.9897486087925,781.517497849312,2411.553432397281,1157.367995495708,7176.879733721103,1400.4183340513314,795.0179904028064,351.24211618675247,3176.5178762432374,2098.045664615236,5571.876218887953,1192.9181481186938,1402.635662202553,3109.4657595811973,601.4543514918878,362.449940643774,1284.1333092235998,779.6527689177195,3271.073142765,1465.5841296879125,3029.0510511052025,3163.3757902416774,596.3403557862682,3243.2323851238953,824.8433507774535,2526.925718734896,7201.70961590273,1105.632503472916,2108.0462727511854,7387.835403063518,1149.8204099639727,269.9009862381831,1397.786723883773,536.6779190380929,1278.7208496572266,273.4685680834713,469.68686253430945,1248.5374560900473,261.37128503364613,1313.1217511596815,580.2790006753443,310.52040430643484,1671.1161897570266,789.461661094022,1220.5646920820254,418.59576834788453,3012.6212137977086,500.44770168005545,1550.2655990436065,1973.5313619988447,766.0140560000093,1327.7399230139615,1291.983145751089,703.149574234662,1272.290675296869,1016.2343489790123,3272.12714969823,374.1192859564,2715.8940839196844,638.7984996470473,1576.4171904096743,561.5557282832082,1716.5986075733151,1021.5494772611743,7110.550431806671,1200.8007046088758,319.11215182237714,279.4525612937157,297.20002352463763,3592.1475653192842,5500.470745590177,1101.3197441992322,1618.3642633583295,980.117470687088,344.69471768536005,253.50319051408408,1662.0654457829544,3546.973016325093,581.2137666887418,574.3406879577086,905.2626278121696,4673.640098102385,2532.204804372857,964.0983978621775,3431.029587375489,1891.1880885475302,2972.0873172691468,2496.20933194338,1144.1983454202416,3308.256884465189,3318.095182136052,736.6802160871258,294.203754336877,2603.1466156327624,1134.9009448762308,892.3765940425739,1652.9454651089704,506.38754922066454,989.1487748539697,3635.484553167152,1106.2806935456013,1103.1105528279124,754.1205887799208,1311.5221826222642,1577.2260365508273,1425.5061549027403,992.7370412586228,598.3695757631506,1325.751594936671,1844.628232414556,2058.8695668345786,186.3985592108541,1525.0925868499676,928.104277628428,483.00385535332975,2325.204183126173,2166.31976258538,2088.607774606269,566.7118803242673,1175.1445888104379,1311.4693550885042,3369.7560310018766,513.9500599112198,2304.910849646537,630.0891806232353,401.8194045334951,646.7428982140316,4422.898941308977,824.9433728848481,3534.948432015225,631.8397960486687,2558.9785560773385,408.64302606316846,815.9561309376593,2210.3391146601057,1281.0277518903922,3462.5490617165124,1420.8961064158484,940.8229933173624,2806.8083396131965,2180.0511955434367,244.66309452535504,1086.9448016447757,2702.8637222855027,12705.221053634741,6211.03336142482,813.3822455746707,760.9308023586757,1034.8061034163832,616.0080263487278,901.3302078558384,2229.02501370738,1432.7956134059211,1189.467337896581,1688.9511310394269,2240.1529197736522,1327.493430522124,4685.3704754631535,1169.3475769872016,2719.657181610659,1529.386294816593,1398.0123449172627,952.924640506993,1576.1336986951305,1203.0133152163064,986.0831327651707,2051.719448121687,833.0429334971429,2810.118465628643,1996.7142171228268,673.6426480304999,1117.126132471748,872.0354036368834,1525.8113838006045,760.6599151119409,3224.488680708135,2226.79669611508,607.5793854624542,1239.9222148549165,3400.167311380551,1364.8651904598364,1060.5456828274323,5637.183175694085,2876.015563239308,2405.3875623003005,994.2608414926193,2251.0759833225493,1609.2805162710156,642.9658087933515,1474.5158483904816,2594.648406033476,7224.966557121161,5711.969030052896,6176.0797379960795,5626.0125560338265,6334.8832029344285,1205.3812989985065,916.7532970672188,2355.857867819953,1474.677981753212,3432.1687814304278,1330.8673227937602,3642.793628468828,2558.0148400306434,3183.6897606372113,962.4912407760312,3429.1817463805305,1550.4367268755343,5944.056610372884,937.48157131015,1915.3447323082041,1259.3952160854988,3165.1692599954995,4536.487392609896,1568.861213428617,237.1146880695807,1499.2407797609096,667.1077853147373,3251.0871220828185,4493.565573424225,110.12578099215796,1076.37658176715,1349.204641120189,2866.6809397648817,2726.423565537549,5948.189467158698,7195.87450161262,409.9662042094464,256.02250340145525,436.80472107298164,1510.4450425509565,1598.5746773824953,5649.558884545971,3488.853900526369,7230.650573862271,302.8550473047957,1065.6654684043742,166.7459839554739,2508.945261017608,1338.7182101646706,1354.0061060593484,937.282483553672,1201.2288442982504,5321.863634219668,1237.2544751873218,2157.865825991835,6050.394993390903,772.9376686562857,1894.376139797712,4985.952330323526,458.30259373682236,1858.5858140382932,2473.306963575797,1397.8828045203802,6644.3945266259825,1856.887201393944,1015.8795761513162,10577.66918023188,2249.0196380881853,1253.4534975114675,2820.275106027828,1613.6328543077313,1011.5037629087683,1480.4385839216657,1399.1478862334018,927.568574788931,1619.9946115833216,1800.1622565510845,1487.687653515743,1539.4453346773007,3190.270892685842,1472.2193155301645,3357.497963120521,2211.846381855339,2408.2516345799922,1294.681979225255,1104.3329942480384,1523.6605132094646,1469.2277187454356,1640.7426159046286,1722.537942795137,629.9398449916855,1467.668400007612,601.6512935774199,1986.5028023742689,2944.491314826865,2637.7260013506093,1438.4876541132462,2409.285320853613,1415.6363101879526,3590.2125551442373,1146.5203051034339,2128.788101760181,1418.854963317417,1989.5806463722492,6119.617906775085,1900.659661145552,1765.305848861055,537.4958267064568,2685.181788978981,2473.33766091042,1391.1659790749757,1007.0481853147992,1944.3972096379543,2403.0805150735987,739.0772935593492,2372.101005781846,1734.4787077492615,625.6809570413536,3471.394545291273,5929.006960400735,3667.254588343905,6078.625522194342,1744.2177909512177,1341.444456692877,2028.859408501066,2403.9050886557197,6268.305973622188,3585.6870946435583,699.9396916912007,4739.394691692295,1552.1180514633206,2629.531629901001,1569.1039323249374,5370.782223319175,2094.7065660198787,5415.606943361052,2356.48080749249,684.4272893986338,2414.64446399738,877.225597440157,694.5616770772133,6370.406388778497,1074.2236013467834,1394.1833071010278,2670.5071318563564,4750.979980234301,1390.002360634254,1493.8659620054232,6396.871720826745,910.9958033799414,2288.873150569561,1848.1722740286973,3339.4658552864003,2047.7855775287735,2343.4475299575633,5661.961054774285,4745.653642756468,1775.2156401885993,4713.950671106233,6425.645205280284,2943.3057626796003,3282.6430068362893,6390.028405553619,2259.701025462783,390.8238178198726,691.3085325346042,819.2754262557361,540.9405305223461,6389.402659494087,1997.6336846086847,6196.159446770937,1042.3278068339887,1508.4707355952994,2054.7744172117427,1010.472519805372,658.6697641919568,1591.8973666306435,917.8563462321905,1099.897881770264,1751.103665110703,1611.9850579411986,1937.987603949408,1902.3087147433193,5703.291534779739,6592.923060155239,1517.0053334293025,6081.469371652656,6231.098107369623,1962.643526637093,6186.868621326539,1775.7847146412148,6231.0626638120375,6650.081370807301,6251.909417447562,6063.374156777954,469.71124399384087,6183.063173154787,863.2224654792105,6336.768368010051,587.8447629070142,1588.756703431608,1537.8939373379114,6121.419579870529,929.3707192800695,5841.724344101751,6218.7739528355005,2536.484400839512,950.7511436085942,7153.143320907276,2411.9296815990674,6189.694282316471,1082.049953491243,6287.387539943446,6330.384625759777,2465.3137189561967,1544.5270403289242,5983.0819604919125,6236.257363226155,5473.273589503267,6368.85157643213,827.8721617190042,5669.12446127211,4600.000760957336,885.185087240112,5938.999514348956,6187.535773003348,6127.225385404064,6337.077957928529,6359.339470482708,7210.700415890113,2754.129666562761,5859.472262073766,5674.496269287138,5717.805542891594,6188.210397870462,737.9648795859063,5962.5714462091855,5927.4708408840825,6157.676509621901,7356.945461746349,6176.639797310614,6765.551333189689,2357.588389446508,5447.578494892689,6169.549542234816,1665.231258878205,7143.902079189134,4651.1998266332785,6016.761505832312,1685.011941973727,5693.892699626663,4482.168420645548,2574.891342253651,996.4684289357203,5981.854528586596,5866.905100619222,6173.143155715196,5807.70973481615,5465.817781935942,4408.772054705791,6457.300564667457,5966.357656303563,6339.581213832883,6219.99454181166,6589.172633089578,6577.898034511577,3578.472530837143,3593.6060847383587,2233.1203203913888,4514.3300318788015,4757.974243260228,6209.010582903802,44.23201323862024,4482.420850543477,6343.899645589046,3178.49971846103,4694.953989078859,2820.2301793570778,2536.301783637955,6101.272949505425,5732.260255610807,6223.1108801232485,6092.623459336913,6069.268174217496,5505.59580291964,5988.320614060852,2598.2539018388866,5352.428034946157,5573.101845124743,5818.357215111038,4770.100170510077,3655.8086126025014,6239.142515488129,1321.9843462371111,5641.2772803638,5188.031969037815,5615.629056298041,6157.608956552158,5633.431011100764,6086.455589533596,4633.738794072277,5829.508812511791,1348.1347127388851,6054.362097789286,5342.8124787848765,344.2303925037192,6421.401809246032,5968.299505759585,1131.9922855886286,1149.360698528759,960.5048436596384,1243.9161952939608,2892.2625102862453,6302.251992759525,5523.500002303126,5372.8786488274845,3491.1271429868048,5563.870337062261,7876.955717561309,5952.4394047316855,6431.062459276199,5704.12996500526,2983.804940078502,5899.910709154669,3087.5340302622913,4469.77340683765,4515.83250957963,6821.307365413501,1609.4483768919854,4508.701751951236,4724.641328049623,6090.565996564847,5819.3602760421445,GA
13209,240.41353478498613,1189.0062737852952,2159.516085665252,3332.185183802221,1361.0208694103014,3019.4979585150318,3744.870607356365,3656.062706612697,2749.5148201895604,368.59342477993965,432.4406143032686,1688.352996399418,1521.749260885593,1242.9720251971528,1206.0381273538712,1118.7785086401896,1223.5391259614682,1229.5757769770116,716.6977710252994,1077.657215329629,941.3340986657,2785.4992334075014,3237.7409633610296,893.4600520416658,741.8102495776413,1164.6021655539125,466.6446075901889,3727.1456175228254,1343.6355036135635,581.7814230627745,881.7791279482635,1018.2763121076863,1455.3519055972226,7437.7233003113515,1247.1616401291142,3618.037101375303,774.3509241634926,3641.995738003321,537.4321190114147,1353.1253079053565,3584.1886401596626,3286.2253001213444,1547.6900530035168,904.4926261015672,1028.907817242919,947.6391891882367,631.2029567889152,788.5548039831003,870.6772515818857,2251.135301024162,1287.2843056044053,7321.199703541901,1392.0487513374899,654.3489180193907,203.13575916660187,3324.4043388505847,2246.697876449946,5723.426340368865,1243.0432315710616,1561.4127376238846,3256.8545887265414,759.3341832651217,247.24869312199417,1436.2279586199618,760.0086932873874,3428.062250917144,1447.2403627622787,3189.3735491106872,3310.3485116080137,727.9917761238343,3403.306033189206,782.0596473839283,2666.706679723031,7344.375465387513,1219.3569912387015,2244.3659879357247,7534.98272704297,1306.060420701355,423.28749952892997,1404.29964915165,397.4668234265617,1434.338239983307,125.4226847217337,375.88671824727544,1289.6974700622525,304.24487221120734,1340.506149050123,474.29890613826285,426.29658628925887,1662.9467976578655,942.5569740345787,1357.5322643997874,480.6125134861087,3159.2152485485763,497.7480099120275,1542.6755754854198,2131.587525528484,872.7678517317737,1486.6005526439071,1275.3964007111085,586.4746529851028,1262.899772414382,1173.939979992073,3425.224065668894,423.1464478293828,2876.081149127171,531.1446304243793,1591.2744001406666,678.8376443758211,1851.147593986824,1030.7828546654148,7252.5693330052845,1351.0271725731745,479.6752091824938,236.54041753471319,362.7562962126874,3752.385696901556,5647.038727741906,1081.1477792279136,1774.0754507991128,1140.320991249331,369.8609547777827,403.0823472181831,1805.3082896438943,3706.3989009951147,709.3928175412568,489.82315553638296,977.0082706118424,4827.178986941501,2691.9578690953463,850.2241950289844,3591.3668814664366,2039.7777641033026,3132.116097291197,2335.658187119373,1135.4900184914122,3456.9476943294812,3478.6178343911824,838.0079585411446,262.28837240756724,2763.698160476664,1135.7477688847807,1007.5105212135097,1802.7983908244453,361.3820226292852,1112.09519738903,3795.4656084699427,1204.8680574664895,1250.8528331011896,760.0208102709178,1441.018073063679,1661.9321323790423,1520.987096615058,1140.1480279520395,618.7774260492195,1452.5828698740759,1837.7765364227287,2218.429231750124,143.41880710785205,1607.6914319319744,1061.1817184365605,566.0861197322887,2165.1458650690697,2324.4413463213878,2242.9706188957794,651.2594153393558,1185.1992182146082,1422.355269367738,3520.203932615775,461.2135732716614,2462.54528507609,487.5315148651923,277.11664968556346,794.8763583256638,4579.226863648448,925.1973013998648,3690.735809496671,695.0926818058882,2398.4793337437136,478.6224440523949,780.3067551574162,2364.535653913525,1278.9335239033164,3615.514383807885,1567.3405588604141,1085.417752253912,2966.026905796947,2338.707628062993,363.37141447420777,1193.1148062611494,2863.3637894946783,12865.746125993506,6362.701608649461,969.1823891486071,850.4528168587889,1150.1424027532935,543.4935617950358,943.1625556528227,2381.273677748649,1592.6587890466878,1217.1708466305874,1826.3792793433167,2396.961946745317,1452.2718271516947,4840.466338227379,1270.4713420111211,2873.073887933435,1499.0565757633035,1531.5309089078642,1052.9491175372193,1594.23806696164,1255.9857495895246,1145.391430178637,2202.184696295381,951.2848485921993,2970.0198382180456,2143.628650306628,601.8979757153062,1256.1153317093926,1015.0539655759422,1604.6138593186856,893.3886042331802,3375.0749413645894,2386.2726847119434,689.0125748674818,1266.0409161490174,3555.0756338985448,1507.4015977506274,1121.5919263951623,5789.452694005342,3036.414831588561,2245.2881883899204,1148.3774920675846,2411.6384580553586,1709.4049223329566,648.746053175792,1610.4079017236843,2753.1333815735866,7369.969914979146,5867.1247507047265,6319.778079059657,5763.758109782976,6481.736248544813,1323.6306066864538,1067.2462187442802,2510.543865404853,1464.0313380665687,3592.6823247263765,1491.4065611667754,3801.172469694857,2707.11764052427,3344.039936903589,935.9453280458416,3589.5127861690016,1710.7426996354586,6080.471173242408,1041.9345857078574,2057.397060941682,1387.8493903903116,3325.6074618161333,4691.520898108543,1698.654751133288,291.51851221347823,1473.1604403891336,611.5166002419676,3411.613145490725,4648.850316259383,229.19409824047054,1209.5364124464838,1497.1733278677655,3026.6582931192834,2886.7325202050433,6102.334650281485,7340.411615371659,344.17956060621503,169.93186992631692,583.5722989696787,1667.921071172273,1588.6488677209113,5802.851761047454,3646.8465647407183,7375.136917394197,143.15941041515472,1225.207698089817,172.11672924208142,2669.3634034278343,1325.341404399439,1498.963850507891,1079.6275702740722,1346.4731677711275,5474.038893264775,1256.9687960934655,2314.924117884979,6204.08512875443,819.1147296352858,2052.1457911039925,5138.808442848848,584.9677777643443,2001.8683174327746,2312.8481846024697,1502.5362360482368,6801.51090128198,2011.072472735256,1121.097150142273,10682.413295760358,2409.0336480933283,1408.7587950928366,2980.5349561557164,1771.5317317092436,1144.5118210241174,1610.7593807486085,1431.4321533970929,942.7575474236072,1742.3512168297407,1939.048294151524,1519.8065739116769,1514.1751906607008,3344.7040978832397,1574.227722647617,3507.264803928861,2367.9947378188986,2568.269252995873,1444.7963430851535,1125.0891807477708,1683.438007784797,1609.6493919501086,1786.8595249729215,1866.6271295596425,787.9611692286431,1591.1571372029418,749.0573048193788,2138.060418777089,3103.1345275393987,2797.098215879009,1556.809249903219,2569.8381962326957,1396.019217629629,3750.768424971306,1264.9600984125834,2289.0679387380164,1396.0925770987274,2150.1448723383824,6267.6189618246935,2037.4551339694776,1903.3425251301528,647.4880557666082,2839.8604080112486,2312.820246378203,1551.3617198158713,1161.8988115656744,2101.661786154309,2242.68086079007,753.4678498524053,2532.1589589603986,1895.0335529419476,661.4067311660483,3626.46872030126,6075.986829510024,3827.191206879728,6229.5411044041475,1897.787009170111,1437.815027727563,2031.150379212046,2560.7693600825896,6418.406233149878,3746.072294765031,856.1636345709848,4893.017939983036,1555.41427268844,2777.4415239318623,1547.198420413668,5522.227310083482,2244.1367691061346,5559.175957245143,2512.311898593273,541.9849415143823,2573.6875388905323,1024.233855551806,853.7008161688699,6527.017129180883,1226.2452014307187,1544.931523394229,2831.014279848257,4903.598927587891,1544.1110245820328,1472.366375987529,6547.358446011655,1071.4719806448525,2443.257675679683,1836.5313429618168,3493.4343956024336,2202.9888904080576,2183.507422778664,5815.46569212038,4897.971078077611,1764.1031338539444,4867.909398692387,6576.094182038093,3087.070646233078,3443.2053928352534,6541.664285583722,2400.2086327318225,550.9560032184194,850.9882662659472,863.4295440663085,701.4288318228845,6539.546015026621,2157.9639852452483,6344.5543196389135,1045.9020032748128,1515.2008568681567,2215.0860231265187,1052.3136300914823,802.8525630162343,1722.7338275355432,1076.4443542848237,1257.0452256847152,1745.4365763151818,1767.8474840441424,2098.5195098571085,2039.955654776815,5849.583038076201,6740.279207030758,1538.3478919321692,6225.113404581844,6383.355728447107,2107.3608857070653,6329.520044216638,1922.3671002493356,6387.778831925316,6797.165460840284,6394.205247151628,6207.597999904764,625.0899276768163,6330.0149727138505,1013.7932272483478,6477.958267065911,637.4219132546873,1749.2711020653965,1567.0788044856463,6272.3413609126665,964.0919283790104,5994.847876195558,6365.7656371586745,2693.156913401997,978.8997452706653,7295.905137478492,2558.40774040848,6341.378967319669,1125.0032164499269,6437.416108632725,6479.621072899228,2621.525432487453,1702.4279584630506,6130.051805271351,6383.034621443002,5616.2701663488415,6514.507103279293,968.4481842605617,5822.7280117750815,4754.9927998111625,865.1385073745489,6082.820928894116,6339.092032981973,6273.795051633109,6481.476592692533,6510.605709778343,7355.702762367964,2911.8888293690497,6006.472148681191,5828.095309015725,5859.445580247008,6336.649420938261,803.6509187574068,6100.475035192737,6071.253933799458,6309.069110606341,7513.944297698433,6328.216187626463,6919.779849910541,2514.6099761374376,5584.759627487634,6320.132276894926,1782.3311221892545,7287.854499041811,4805.706246127624,6164.275345549745,1845.448876412653,5837.501533581866,4638.2818787868655,2733.692499240317,1050.7428307351504,6135.1981897884325,6016.2861659004675,6312.293460556923,5952.78523368713,5606.858207370164,4565.2940193714785,6608.990071252314,6113.130585863343,6489.001783818413,6371.747962679584,6746.218369940423,6734.9547775268375,3738.8633469652095,3753.889847587052,2388.935376553321,4670.718468864928,4912.2004369648885,6360.765679822,119.66587045885227,4638.7352801309025,6500.614139372678,3325.7573098051066,4849.242087606878,2969.6450047348653,2689.591015047305,6250.881869393729,5887.283934760624,6376.518476799134,6241.936127253727,6218.853628023005,5649.74988403928,6141.755411374851,2749.3723171116753,5495.669973026881,5717.945101924021,5974.1757239777535,4924.072300526722,3814.8036742998274,6392.627209468127,1425.3410167832285,5784.2529870109165,5333.850643087592,5761.32656454185,6311.16809386443,5779.92934257991,6242.031509908951,4787.522840576521,5984.773478050493,1492.389241214902,6208.256554792895,5492.905837640371,489.2171796498832,6578.201794951251,6122.403211874658,1237.2145756306184,1260.5650294881304,1024.0346740850846,1404.4805582779888,3052.7998539807018,6442.6567015115625,5675.2710255356005,5517.97849940307,3645.538027878963,5715.369631825912,8031.591248020694,6103.322256807945,6576.254805421107,5852.254934713123,3129.809650376278,6053.447218422342,3231.7776886530096,4626.014547804223,4672.401634809531,6978.754870314085,1621.3059750758746,4664.5320542078525,4878.233345910105,6246.673519838061,5974.987212355382,GA
13211,86.88582673204975,1009.1273234822032,2006.3493664562188,3211.998736257253,1261.2576308584426,2890.091409306533,3577.136997297601,3518.576067122153,2635.713966462073,294.69617050755346,610.6382907654364,1506.807136353755,1462.842497457301,1188.8594593544815,1141.4914415796025,958.4879240649727,1162.9212970748986,1166.5876649302493,896.1443851901356,1013.0350725669972,870.2534345366948,2633.65434833469,3124.3141093298464,822.3335322794577,920.3980257078744,984.7907357839,631.3207660473182,3563.887318838963,1244.6835141048784,404.6543299627414,803.828342822094,842.069601078675,1389.5863644156714,7319.9781485119665,1198.4451020873273,3481.640700495109,754.2980050081488,3504.1416352838282,499.1625707422137,1186.0575642431513,3442.682738755104,3167.641576982678,1487.4796294664366,725.3270756441462,880.9742993529758,819.5759501742342,802.2497645265204,615.710590436555,714.0485409841307,2420.3779311670396,1108.4921273257187,7206.165766657699,1325.994459000629,834.7032682810086,384.22370329623016,3203.010937689365,2124.424939161863,5542.697549691652,1118.8626104908733,1388.1918428784409,3136.559785061144,616.9102476245288,330.0254155792189,1307.3320445237864,707.477009337596,3283.522559280744,1392.094771599275,3029.5690323297804,3190.906742943149,548.0157458759733,3233.4121795730816,756.6479740165681,2561.8631183594684,7232.590479241221,1047.7736230709534,2146.2260443535606,7414.128277997599,1166.2172337590955,302.1287862205221,1322.4545900019068,576.8752287657268,1256.6359469235615,268.80990137912295,422.4775233157515,1173.7280965371801,186.13513163706628,1237.6602809802525,636.7426546035894,250.69720118345242,1596.543088826338,813.1837987579042,1176.7967186505248,491.55279343656036,3040.648260480305,427.39631840375483,1475.6990712486026,1984.1651621480346,704.5176969939729,1336.8689368427404,1218.446503138792,755.9733117978141,1198.0449579427213,1029.645517990803,3291.7030897698633,448.7560882798056,2706.968695462501,694.9700747705765,1500.8626053180694,504.2552282264281,1756.663393397603,946.2500524401546,7142.046691937168,1170.285336067763,323.8247651272858,222.5530138591577,222.4032924948335,3593.167766182206,5465.483119635681,1028.4507858254078,1596.2466228614098,983.8622090369164,420.2591617732417,224.59421108377202,1694.8420025810972,3552.268127642517,630.6060277233569,520.9635674508471,833.9971951851594,4647.325769844125,2520.877216409083,1018.8103733863464,3431.281988815584,1858.5036236506555,2962.0699907908006,2502.831777904252,1070.0051341015992,3333.7439799389167,3312.511987685758,797.6178613840232,364.55941313157484,2600.570994496132,1059.9715952124384,834.873416213959,1678.4330702352622,542.3128925281018,935.8669427999033,3625.0384302119373,1042.378911572939,1069.5671383116874,679.2617816210593,1262.4668751331005,1641.151548717821,1486.1810614079775,958.8425498711287,522.987294233229,1275.0355683532084,1769.8972258227716,2046.871092829823,143.73483248108428,1589.7076213626485,971.5207628778087,551.4961442583045,2336.7203967439136,2176.5959710816032,2063.8912598933953,634.0839658476535,1099.7507876311977,1252.5525974837974,3393.025800353805,451.1391023073728,2316.361084392837,668.140096873912,449.0866239130676,613.9358229025266,4401.4568164443235,885.7687718117297,3549.8024870323347,558.530649499179,2566.708066539876,335.29637250741865,746.3477675502794,2228.820177514006,1206.1995431106875,3482.245136064333,1385.8463502664947,903.8634610905577,2793.1687904512232,2188.742221342473,306.6307405346228,1025.8180909624705,2701.4548088307747,12698.757694728016,6181.9970565885,792.2711557353467,693.5079531129518,977.6173484189978,557.6909891727554,826.3373536429535,2201.0113739783656,1422.7243932950596,1113.9897056645957,1645.6688492868882,2253.6018333495513,1374.8971343609878,4661.6016752878,1106.4176423286335,2739.0264385280293,1457.4041238868276,1351.7267110925509,889.280610751036,1500.5668075318067,1129.277594991261,974.1841007888312,2075.8751555265,885.9986217790389,2799.441514084724,1962.1367528431163,614.3681001987529,1074.9715522555166,833.4892816255252,1591.4786709493505,805.3511458330527,3247.64373119176,2232.516008340956,537.5390944841598,1164.4184188193851,3416.703656848997,1325.8982494431239,987.7217402307176,5608.981243513478,2875.8545897198505,2416.632152141395,1015.2253277955904,2247.285693257856,1667.929765773196,568.3501414083212,1514.0101284380264,2603.578775579764,7253.557953185391,5688.25187903802,6138.293749096077,5583.2326205353365,6300.188960917392,1256.7788315239975,886.7541349172258,2331.6309914078847,1400.4064834223789,3426.37414708106,1329.8002291048635,3651.584861996145,2583.4410992012063,3175.923308650074,890.8052110188507,3421.1797808432902,1543.1427030059806,5900.287685163632,996.1685313360257,1948.8699742485908,1304.6962612444052,3158.332253272923,4512.618822104117,1612.555118198266,312.3942822028804,1426.6835073543275,603.1011047506373,3245.5946046156478,4470.1433825715585,180.4026930684504,1119.0728967754042,1377.6119092976444,2869.635012422611,2727.183882620215,5922.770871015762,7224.9410810423315,353.880574581054,313.3174798956561,473.0386474924117,1492.2345250686326,1524.1754523851587,5622.832795634509,3498.7681973238537,7259.76288962448,321.66449659009123,1072.834998877688,238.11178932818171,2502.1027882250514,1264.799396943156,1385.7068232842691,973.0433448548121,1164.9240912308278,5293.540155138346,1161.6873647710474,2170.8220912493794,6024.258600909052,698.1106902790814,1876.679860675207,4958.606222946303,510.3639435891173,1820.346992517742,2481.638612241024,1336.4973690787394,6624.480698684329,1831.9375537512292,1073.9436854260312,10631.767827204903,2239.182823209634,1271.4235671494546,2811.8519456443955,1625.1334308151618,1054.5765376662648,1432.0022154828096,1323.8793422045585,852.1103151576515,1566.8676600545966,1836.649520824673,1412.4341526606036,1466.7451402659228,3207.724039238706,1409.9057824165177,3381.6448833154072,2190.369014317356,2411.208922842389,1263.9859927436175,1028.766053250359,1528.7478936479968,1428.3732993653837,1605.3288486017486,1685.0673817752186,614.8223923789664,1415.0868871165887,568.0003892418179,1957.5615281738144,2952.757674439646,2643.607625659977,1383.1454903144986,2406.7531239781656,1342.3340421636567,3587.123774048673,1090.9958179779449,2130.1371580918435,1345.9349005516292,1986.539348443754,6086.153904031923,1856.9248086911448,1722.5187069912147,596.7492305729318,2702.480102012109,2480.792666735976,1393.9856548838566,983.7792523675794,1957.0779845527811,2412.098391965545,663.7695087393784,2362.46934727573,1730.6114847677945,550.1832395891706,3487.60583481322,5894.447018851423,3670.1544264644454,6048.608714485688,1718.3015480121592,1277.070515117535,1953.5743082317013,2417.104334566564,6237.26831190649,3578.1612298651653,680.0213664642499,4713.206801051304,1476.8796461955592,2656.3224899191746,1495.9542113232017,5341.469477940047,2063.004618408732,5377.696258079394,2334.340286199277,722.6469487990454,2421.8834909747306,842.9088104619212,682.8972431481276,6349.422890045809,1046.263995663977,1364.287409447164,2664.83529459602,4723.301090816455,1365.1167824563022,1420.7241234418098,6366.30831758597,906.7891054767849,2306.9667467284453,1773.8157902646615,3357.6301900319563,2064.6494686198225,2355.5885641778195,5635.553963703335,4717.547934422993,1700.84135695625,4688.287965850713,6395.034375712853,2974.295295857472,3278.4259428011405,6360.945038900755,2294.236962384682,399.9961960116827,699.5736250493744,744.3581358884674,544.2457135316655,6358.415781164715,1990.181757493073,6163.13152245188,967.2980475345315,1433.1044929051502,2055.911686369215,935.56639715332,694.5782621728664,1543.8442055164173,929.1120475205616,1081.2903010959699,1676.3184048659748,1628.1416588502698,1933.2285128050823,1939.6782765695764,5668.0193036957435,6558.7583103478955,1441.4558774998666,6043.632698294074,6202.863890399611,1925.792844785395,6148.13483393672,1804.9424696956478,6210.305553053313,6615.628190107087,6212.862140146827,6026.076983586958,492.7278686411275,6148.472760909578,890.1884797207982,6296.768927108973,512.9617518434699,1583.933823535587,1462.5311243935926,6091.4098655952475,854.028518237552,5814.740229825789,6184.225253777094,2516.009826734516,875.2295042460239,7183.941021974089,2440.492348031066,6160.680428817876,1007.2739689518692,6256.262321952155,6298.316347059324,2443.8991090202217,1556.129784559861,5948.511267200224,6201.484471901338,5434.841873081959,6332.938567582121,865.8738145198345,5642.868104833015,4576.056065999828,812.7403360305805,5901.325799312003,6158.350849564045,6092.237729408411,6299.946952111474,6329.7696071098035,7239.294915297952,2736.122534479361,5824.933659213109,5648.232810437065,5678.1819164823055,6155.23200479335,665.3004833384175,5919.920408508819,5889.761541869142,6128.2761084153,7336.741125485526,6147.481843922666,6740.238988711643,2337.925188221798,5404.366122111505,6139.109928613048,1716.2116111196922,7173.555981885521,4626.428006005973,5982.768619676339,1685.2146172096438,5656.020842577458,4460.29623520801,2582.848116771976,922.6888602453254,5955.193621716847,5835.01201177565,6131.469206124376,5771.226008648874,5425.679259634509,4387.726002926661,6428.2873664710205,5931.581140629628,6307.728443074335,6191.072157813029,6569.105474767681,6557.855622114042,3571.0055092787493,3585.1676610712584,2248.6461319496507,4493.002797420702,4732.7374064847445,6180.09069747294,101.19772654489344,4460.946939683731,6323.133492631422,3205.7058318775817,4669.8209612871005,2845.09671417108,2555.993069620092,6069.646065788084,5708.311915861628,6196.538625864597,6060.647127818683,6037.613848480937,5468.229981198289,5961.7967059281045,2621.0585880124163,5314.217432240531,5536.392533073837,5795.838998121377,4744.455872610818,3662.6635526047194,6212.686250248131,1379.9061385474402,5602.828401148091,5152.281651710306,5579.757504943873,6131.268356911598,5598.371105125323,6063.474968222405,4607.805514082077,5805.978672799227,1310.8206595965719,6028.5429472819,5311.782243218413,384.6785474541889,6400.812250660098,5942.813956166686,1189.6604658602453,1204.3794538244804,887.9216492364325,1241.7227736006655,2887.15230103796,6261.595907624655,5494.618353825819,5336.417548029605,3508.4917366860723,5534.6243970365795,7852.27537992351,5922.383289406321,6394.693859616266,5670.806066013714,3012.4832239507377,5873.543974632275,3117.9689188470893,4448.154096157623,4494.8752485518135,6802.1392336063145,1533.9314046450027,4486.282294618187,4698.406074018279,6068.587383728939,5796.485383432252,GA
13213,132.14346980172112,844.3520100339972,1845.765317722245,3077.1972066449603,1154.5719998354061,2747.860573816409,3405.257010208545,3368.8502330593537,2507.654896520317,348.1679761667517,778.8052013215166,1333.2671356126905,1457.328341678658,1129.384931117919,1135.9232203455408,833.2695405040655,1161.0350056471168,1162.1059517255128,1064.9192238518428,1010.7647083522127,865.860089121517,2473.314340181751,2995.558455200485,819.8934579908432,1087.874692347691,820.2957096699067,786.8013870832252,3394.7954033295177,1139.0432884318996,229.47429648596975,794.6179757183731,666.6125622975062,1315.0244957458365,7184.172157296074,1144.1797018487837,3332.8383796501143,744.0614662072952,3354.12990088304,552.8743673959748,1016.1035447417073,3289.7767594657485,3034.3001555689634,1417.0932653707255,564.1529190906224,777.2027393789199,746.910498106529,961.7031067829187,472.81297488252096,600.7065628049908,2594.1384320759817,946.388248011898,7072.641825273544,1315.08888661908,1005.0678561298648,557.1406942221591,3067.179732483286,1990.2345716806976,5367.085528577934,1043.5391523762344,1213.9019432454636,3001.7821022580724,478.35929737766105,482.36852751424345,1171.2977849636522,730.6666125599547,3128.331409524935,1391.5807853652564,2863.0274165177552,3056.7830788565693,385.96101743939204,3060.36507353644,803.6851433142376,2442.0849950915626,7101.750768500236,901.4243810106514,2034.1534992062,7275.744853422116,1020.7594944786968,230.50632916565945,1294.3523597927576,746.6431779225667,1080.5149938386494,442.312921647791,548.2254025942183,1107.912094339163,230.14121767386482,1186.7823977814464,790.2778904585263,131.19260456971526,1581.3396090122749,683.788176708106,1008.8796729502167,532.5936133419239,2907.534108191119,458.01301366818666,1461.461917067458,1828.3429071833966,569.5114802620991,1181.0600728782606,1219.2122681165822,914.2902383426393,1190.8851969146294,881.0827951840013,3145.4680778459033,508.03006372162065,2534.479692073633,848.8069938097149,1460.4682431213391,360.4187444079621,1650.2694608672355,924.0003899875528,7012.303077686028,994.6818445137759,187.03011518025616,345.530131881914,211.87095950069198,3426.793741111297,5291.82916394281,1038.2777517307852,1420.0750071761447,823.8693649558154,503.41641633455595,50.029048381851695,1573.6113571653686,3389.5539804842706,566.5122130274683,628.7043278384951,739.0590042255548,4471.224525600713,2347.328016393777,1174.3401765216604,3264.3687132492155,1683.7034447211795,2788.989849409277,2675.657727175696,1065.2136761268032,3196.1700148226296,3141.673292561833,764.5856578271578,490.63643781676063,2431.944551957434,1044.2224324912577,688.5042947551169,1544.21390012293,714.3910497910838,780.7155787517053,3451.645132467685,912.3214950640328,894.8719919180911,673.5854334945317,1100.5245153791836,1607.5102661042831,1440.804001079804,784.2279146415575,512.0528024983519,1115.387559447945,1751.2299565919723,1873.1976716630106,300.6850861317345,1559.4193812425253,880.7177019283972,561.9206536621907,2511.422034203683,2020.0560062292675,1887.631498274227,634.6197052129469,1072.1080826067378,1108.1078403652825,3251.9933561508337,534.6013142876602,2160.955963076002,839.3118306716829,613.3516945849021,438.62263225111184,4225.247021672967,849.8457960493494,3397.267209770632,486.9792433443042,2739.9927652781307,281.3689975360133,785.8151951861421,2082.4336134390023,1190.353248580744,3336.0156902496033,1211.905663203862,730.6936331707556,2618.6640343191393,2030.450614285197,317.1745378855928,887.6040139364835,2533.6130550500548,12526.61616480744,6006.364178263403,616.5335870178268,580.3113616231249,830.0004484680368,650.4138572826006,768.7144054321421,2025.063766514668,1250.3956903854732,1065.1846795034965,1477.3311681906114,2100.649041050653,1289.01153146642,4485.336862316478,973.0260148597827,2593.087261663328,1469.670644106736,1186.4022219461208,759.3301583856106,1456.456359370568,1050.4292220977773,801.6214037851266,1938.2123940335425,823.4271447745854,2626.102592280405,1788.1016348105725,701.9523907426687,905.5750408393454,661.2469730598418,1565.896410250219,721.6618250356967,3106.5800883193237,2071.133794849748,442.12982926319285,1116.4126455165376,3266.350615702228,1154.1389602372558,902.0681902146632,5433.172377217941,2708.860620580151,2591.2334921537868,878.0895040495955,2078.031645205779,1613.7918082064566,571.4568652134402,1407.7673872546804,2445.068688961329,7118.876098600263,5511.988442248752,5966.109888073925,5414.561453539004,6126.4204149368625,1183.225559767177,710.9237237782322,2155.3640441538378,1390.85889831271,3255.3824202825226,1163.801580485763,3492.216015349524,2446.749208289675,3003.9007982892113,912.8822314054137,3248.9799604317104,1372.2572854926698,5732.469899784633,949.9730058428571,1828.0340432814417,1214.0393132058266,2986.816336669628,4336.355571192075,1515.4280005545875,392.16325929670137,1434.5346925298434,674.3689178924623,3074.8278723772346,4293.874143791515,254.2896944867136,1024.126808041871,1250.036680768067,2705.185476239061,2560.9933208489247,5746.596063663104,7091.048091480839,464.48919462509247,466.94906716640617,385.07866921970617,1316.7210321680222,1511.940882413445,5446.793162860976,3340.6486653398993,7125.934282859077,497.72385952010313,916.0794890992554,366.17933804587386,2330.8044216133057,1260.8686564575548,1264.2096268949429,864.394330507514,991.5276879118543,5117.748851039625,1121.2585132737763,2017.4044782569924,5848.15306175309,640.643808380731,1701.1784631007772,4782.644174291451,461.88933036999487,1648.2199722018293,2655.190897951943,1198.004380762452,6448.377718049081,1655.6800724572824,1024.1463064169268,10552.25353669252,2066.4117896620833,1127.5427326290296,2639.585884581044,1471.1456104602025,961.496791249149,1269.2054993270394,1265.9092029917715,826.160106917183,1410.751732809038,1722.188411139966,1353.4114796907907,1473.0304305141422,3058.719588130269,1273.783838685637,3241.9474679450873,2014.2104701647102,2247.0889213377136,1088.4553679913063,990.2776004693684,1367.9322821789729,1257.9869327460726,1431.6140181131714,1512.4572942018067,441.88243441226837,1258.1884958465187,392.91711387910027,1781.7566210285547,2793.266344460491,2481.986363313378,1231.048238428147,2238.269318640721,1344.1590417082668,3417.773943325849,939.6747176949324,1964.8922211382999,1351.3332583893325,1818.0104860687045,5911.8650546939925,1689.010278423741,1553.748074402537,565.9958639579772,2553.7888590926514,2653.98632840785,1231.3009732061178,807.6027935780811,1803.7150730695928,2585.934305237441,648.6255630729729,2189.7489167856734,1561.7605196664902,516.528160181555,3336.790360525415,5720.6107155626805,3505.2845304767243,5873.204837562063,1542.0862237998324,1147.5577376459905,1922.8509912377426,2263.617605498533,6062.148142519372,3406.177224080755,504.7722533198036,4537.092709228606,1450.0879426218085,2521.719758640979,1497.921366551061,5165.883781369322,1887.9065305958147,5205.569822624405,2158.124624651476,893.7865082652437,2261.804634405831,668.3912630879163,511.6081579145031,6173.227445228103,870.1597076892627,1188.591491146715,2494.157035049977,4547.387019395255,1188.8484160907594,1423.3833275484255,6191.054879111223,739.7138345092613,2159.909704381329,1760.578723418636,3209.435539617117,1916.3902349999448,2530.470153428232,5459.475169395959,4541.706349010893,1687.7804647430805,4512.12284173543,6219.7945663983455,2846.397204844321,3108.4330757849084,6185.325050104257,2174.3051627570835,262.4025346117168,548.2061102380935,687.2183716647728,389.9156364465968,6183.282782872429,1818.806497289466,5988.676544305424,951.0972265907473,1402.986963860579,1890.5661844246329,874.3539809095657,593.148466969676,1380.547932696994,778.5859814171538,905.8912580887774,1657.2996464129685,1480.085367373211,1763.5631071623245,1826.6313935488545,5494.50223367567,6384.764712936347,1394.4068686979233,5871.476656399451,6027.069483399969,1752.872981054229,5976.525017123247,1676.52970076023,6034.128192120224,6441.7594464319545,6041.452590627634,5853.611286713276,373.94300959619227,5974.655160486166,765.2721624833467,6125.994512810253,464.09374289289843,1414.6007150727073,1406.2240949541479,5916.004905390126,804.1517497631897,5638.737424804259,6010.3900081008715,2339.937694584989,832.6248704573903,7052.974767627882,2309.2604984168065,5985.042370643045,942.8223906061763,6081.168464962359,6123.5224956895445,2267.733694897465,1402.473780828163,5774.680844834918,6027.7491528197315,5263.030440663565,6159.7458918066195,764.3066428652229,5466.772111383244,4399.794759425592,830.6535363330161,5729.07210310141,5982.750281936259,5918.597618747072,6127.393985491697,6154.260258050416,7104.622619475206,2560.4291546750683,5651.086480942785,5472.137667229382,5507.141463396561,5980.75832598043,584.169302338769,5751.145997128544,5717.528223433072,5952.723932763213,7160.602597080022,5971.875120461624,6564.060968217325,2161.975825539003,5236.058670745409,5963.81875633243,1637.5677766283734,7040.655297559317,4450.199452919398,5808.691631864316,1519.5699452509855,5483.877629984026,4284.061386120644,2423.343019113041,846.7457658792572,5779.149295929131,5660.150977818834,5961.916162998468,5598.3137081465475,5254.986428453585,4211.544689693114,6252.653059020496,5757.84189020652,6132.863226383625,6015.414941624265,6392.987162343519,6381.739935967194,3399.0539112615083,3412.715540497224,2098.2938947227126,4316.799610366495,4556.538980283581,6004.432788595913,254.71468576411536,4284.7344807798745,6146.954517658921,3071.030782037633,4493.614754193657,2707.1236234201833,2410.7502926966176,5894.703489922715,5532.054298310482,6020.485572022376,5885.818062829172,5862.6794141600685,5295.791092408423,5785.735321886856,2480.2423170543925,5142.268611885089,5363.594436770033,5619.575521604259,4568.2897583691965,3501.367251556955,6036.6191151485145,1325.6309150861778,5431.0310747905,4978.982141557394,5406.528362667487,5955.186752332989,5424.7535008555715,5887.2055432404895,4431.664272677518,5629.71212696651,1138.0314770147913,5852.4048515074255,5136.641735243152,317.5889111088673,6224.647027959386,5766.64488423568,1136.7420168494025,1142.5086342085633,801.6279182542346,1075.025503859239,2716.730640208783,6091.283921589929,5318.941484881445,5163.483443103859,3359.1337193401455,5359.027204746036,7676.058301312534,5746.987272429032,6221.734106537222,5496.453728192046,2880.50424304758,5697.462915001513,2988.888587391473,4271.93294603164,4318.699554928391,6626.12233695528,1496.552875029651,4310.025548390844,4522.296865129249,5892.338985031322,5620.216747139121,GA
13215,132.00642464012336,1085.8536200458916,1950.115553833949,3109.332335359393,1138.2254688314415,2798.124419705968,3549.9511194840165,3436.833878226133,2526.361816854865,470.8524846460325,567.9691414093212,1552.6975706429346,1639.118337044411,1033.348310583031,1317.6191283755636,1087.1345983504643,1339.2360079648195,1342.789155068883,849.7589269213008,1189.2499333392884,1046.1998416830274,2574.3190723633647,3014.5750907198576,998.3455905585878,869.0566969816336,1062.297049257423,552.088657881764,3526.0437697431826,1120.905559005858,434.64654612777633,979.2541840818183,852.7455277308238,1241.1323264346222,7214.5990286194055,1040.2137160346035,3398.442442531958,583.2124817276111,3422.903170968149,673.3300421340266,1162.7068381266038,3366.578237628897,3063.2504440216235,1335.9170195205552,811.4430578146802,1025.0957745808373,979.2917124564408,729.5358583376338,727.3029346081735,851.1927030486972,2449.6304113857473,1190.3270459041428,7098.031632519404,1501.8874339438541,795.5912462349643,376.20943090998594,3101.6685949884395,2024.266069898848,5567.166329503013,1278.5819739677645,1381.9227772224845,3034.018559304929,549.0885981300612,454.3590295239328,1215.7686823599586,883.7473927570574,3211.957353723986,1568.513284429412,2984.8027404930226,3087.435159846242,634.6154943984099,3212.3364199688936,930.1893404640616,2443.824567433018,7121.263980754519,1154.5593781106475,2022.1215946888647,7312.015350980957,1090.1567124294356,210.59529157212376,1496.3028329487495,541.7268790870455,1269.5160547137607,347.72507918207464,568.9260113678985,1337.3671924750736,361.5318058336346,1406.3069484988255,553.1499439696332,375.66785462129366,1772.2362255047656,723.6900693261667,1244.7502527955521,315.1558312229577,2936.2489061861766,603.8402394732368,1651.4118342609434,1918.1496997519039,824.0528055849776,1276.1591814101469,1394.858665932356,681.1627757140466,1374.1141701167971,961.1143938893002,3204.7895680672186,274.4100898413004,2684.366869880067,611.0439138992507,1672.5690208350745,614.9990789730741,1629.2948247476486,1120.3867047688243,7029.509609957283,1204.4884159747755,294.8167723033619,383.7092905028767,389.81688067196313,3546.795083195525,5504.718080940377,1204.897857092163,1607.6422156009976,937.662713753378,254.7262869793146,282.4044290913283,1582.1412679563266,3496.3069578941545,488.68530992355596,676.0874380618595,983.1220397720824,4665.0480155113155,2504.185228980573,935.184626312726,3386.77100123275,1895.320414532312,2941.729523919345,2537.008075145285,1246.1275097381829,3234.40607260418,3281.48571498272,633.9860236080401,240.2033042034824,2563.366817728599,1235.1578093345015,942.0593160162038,1580.9056981719339,519.4399245848169,1030.6939932992746,3605.1063677164643,1166.7808355026054,1112.0537314711373,854.7155209482556,1343.9820720478494,1472.6860490891204,1322.4191036153675,1003.1330207252485,697.0817072103166,1360.975777215041,1945.3437245758137,2032.6281224421589,287.92063735026176,1420.333536740125,839.3855832669137,377.63902442710236,2359.881662072585,2111.022029080121,2080.3315594904107,461.47187718688764,1273.3435750301305,1361.4383930174745,3298.267837278292,618.9381670416892,2247.9771235406047,636.2968173530951,399.6731670033872,660.3815765535912,4407.333566818743,722.1890105483408,3472.840237590548,716.6763219529294,2598.265497277064,495.4503630732258,921.1004420283687,2145.255278308794,1381.5495503448267,3394.960112512912,1430.2895969916779,956.3977898560823,2781.587749925915,2126.666852225756,144.4950584603802,1142.0795341655362,2661.444055007877,12666.808039061609,6205.880616642981,807.0271999426037,830.6548550083818,1082.9216976408918,719.6499298867899,991.6318311275464,2225.3327197523245,1405.8997364498944,1282.9423179903142,1710.4034217794122,2180.9210410305386,1234.0275250614638,4673.033494896178,1227.631486345781,2652.97864411996,1633.6458096867816,1425.4531489138346,1013.6811211331094,1671.4098158456243,1287.4809834028872,964.668801252275,1980.4464967223705,735.920326321765,2780.8403647297932,2003.4985928721765,777.5331658580548,1139.3643612099484,890.7903325983588,1420.7644410869104,671.5209157317211,3153.2116837233666,2177.0111223976232,684.2593753671653,1333.7056735057615,3336.201238060923,1380.6295531861228,1142.2984739941016,5630.980196688044,2832.791481445801,2440.296480612316,930.0401685809101,2213.4267965646127,1507.2321379202167,744.1994586958307,1388.137614403929,2540.385812934746,7146.813692170545,5699.112502333564,6184.521226356461,5642.78955739961,6338.378778669931,1108.7445670523164,922.0669151924577,2346.338231877517,1576.4371271180835,3395.742284652067,1292.3746080664525,3587.7961530607176,2484.764270501074,3150.0951364522803,1066.8970834527515,3395.6843701916705,1519.2789974337736,5962.377602030768,835.8893539748317,1834.2582345979754,1167.9281269133362,3130.35571731323,4524.373303095639,1478.359365295802,142.9159845096754,1603.0901796483258,772.2184640946614,3214.4171958801726,4480.824462830163,6.031846229504508,987.8265955824068,1274.7202329687007,2819.512336342239,2682.191136554736,5937.738918983101,7117.244971785344,513.3617267025746,244.65021252379736,361.9894832431768,1494.5495426650416,1700.076634027813,5641.150269403139,3432.6050254356182,7151.969722273028,350.59130882533685,1018.0800473890301,125.94073154733664,2474.914765831051,1441.073655607546,1275.9162907159316,856.4645584453904,1213.7316947860609,5315.967800420322,1332.8610358081105,2099.3495183696405,6040.96795902952,862.7109826914418,1876.472218865034,4978.741857528791,364.4129087264634,1871.4473571736762,2511.933201455937,1452.3012757794431,6625.750048244313,1849.52785952334,914.5941834108972,10477.6261439317,2219.443215872864,1191.372070749724,2787.944277943641,1558.066628463831,922.8019488495554,1511.1566245915728,1490.545236001005,1025.403333978098,1658.382682314527,1716.2386744695555,1578.91087407638,1643.1772718521154,3125.3949960333143,1528.2657901700272,3285.063278808352,2198.6064827703176,2361.6499165706673,1298.0780053557894,1200.0782408323705,1476.3878387792904,1487.5289240692575,1649.8327441713723,1734.575003380294,618.4872794773414,1505.5750538897908,617.5707196680661,1984.7245577429694,2890.6671840905155,2587.158280705034,1481.4134462938919,2369.7274707602955,1518.7827840868176,3550.126889199519,1191.0154006379964,2084.7005875339787,1522.3897432912286,1951.473169552426,6121.265940846091,1922.2808374262936,1785.726907749777,436.47240140131584,2620.9028971615194,2513.098041007634,1347.3243513926311,1001.5608927170916,1886.594831165203,2440.9185162130925,838.051511421079,2342.030021506329,1698.1222844242595,720.2426509427066,3407.7574342896287,5932.427440781381,3619.484274604361,6074.999344465738,1738.6126146890372,1402.0671273301502,2127.519314509405,2344.7423719001918,6266.16983277349,3551.431651781901,693.7736054017493,4730.582445043779,1651.09764165507,2554.7482410028188,1672.4129200260693,5366.354307191946,2096.8520569563148,5424.5181006152025,2343.927908062171,689.2429529709561,2362.686965272337,889.4630982221692,676.8555744034131,6353.374100964968,1075.0198948099967,1395.8611168158125,2634.699338401015,4744.377688898431,1384.2749674085721,1597.1833325110044,6393.971158350993,879.8174008209887,2224.1288062202634,1949.7437698676085,3273.6798062179387,1984.8290709298803,2377.264504033783,5653.074722079178,4739.692076382111,1876.75582776403,4704.375547385694,6422.807708834893,2863.9026626295927,3244.272094393189,6384.888322151826,2177.2154413994244,354.79805107269027,646.5862811001866,909.366337967696,506.4600510370512,6387.149946471381,1965.361182548002,6197.1062136268265,1142.2868385725208,1606.7451670745554,2011.1045661546484,1100.1231502921657,579.9571182382143,1621.5835432520623,866.2868247674271,1086.917054926433,1851.68124520582,1550.8032239496442,1902.2655379865769,1817.384958314149,5707.909185184083,6595.510855941933,1611.4836530044813,6090.023031754718,6224.733355419386,1973.054450167421,6196.829524037838,1699.4908675425556,6213.75159763451,6653.102411827999,6262.355683640393,6071.07156131501,411.06383648860594,6186.445369421085,792.8657926478494,6348.732999651639,678.5273755653524,1554.1454921217776,1629.9517308766806,6117.768130018056,1021.836661373134,5833.627923767645,6222.079200547824,2521.2408477268955,1045.0831472418142,7072.787031599932,2335.4549133175738,6184.514805399757,1170.9400928015914,6285.378904904829,6329.8074328254825,2451.531051549099,1489.0492310886386,5986.500545935341,6239.9078376705065,5482.998283907255,6374.253041135354,745.2983722106579,5660.01223868684,4587.9641772587875,989.1008732977243,5947.34034426689,6182.614872193648,6131.248359517039,6344.421784661203,6354.943661421381,7132.5465405878585,2735.071432350108,5862.883787615239,5665.392532683228,5729.36466580449,6189.083150878928,820.354621452007,5979.018794194493,5935.872538950041,6153.090792285845,7338.511217653954,6171.68186018382,6754.680078065265,2341.4772222267293,5465.141142321805,6166.534733766717,1568.4311723034052,7064.6888023986585,4640.346594155837,6019.266693707704,1643.4743557251002,5702.636975679978,4467.189436050895,2521.8419609091743,1081.4977730011965,5973.228244990319,5866.2154929312655,6187.904043842467,5814.201671112502,5478.306602401454,4392.645866604417,6452.033389507921,5970.104128153123,6338.669959461886,6214.667246087998,6570.763218059477,6559.456837029765,3544.144339522863,3560.5612106713347,2171.4423343353897,4498.549602703493,4747.7501211997715,6203.683165827548,116.6008942710635,4466.868449456152,6326.564785033888,3102.8932160654717,4684.608741497224,2747.3671027562273,2469.438217557657,6100.093660926239,5719.733196184137,6214.270976917274,6091.983338974044,6068.141804407596,5513.601552784139,5979.48888440744,2527.838654001773,5361.844745721622,5580.0374322745165,5803.721469922342,4760.470009388373,3603.1543887315015,6230.125362675639,1220.520904398627,5650.966612309442,5193.604189948906,5621.222849726709,6148.4476365299815,5637.7411528000575,6072.395118230798,4624.603741395354,5816.336815393471,1361.3875008512155,6044.465012628642,5341.002147415507,267.49880886331545,6403.789769697572,5957.940474287515,1030.8418120510162,1050.017760916203,1041.8069057224202,1207.3785905195462,2855.4472746549573,6315.299508817559,5518.361500380704,5379.498158901089,3426.15743235474,5559.264991880319,7864.851736036712,5948.9164624468485,6437.165312795301,5705.706677489873,2906.7677924724103,5890.877278511435,3008.6154658242262,4454.43703186322,4499.520412280811,6801.551748271729,1706.3201113126474,4494.498357008548,4715.9065049209175,6075.055674830658,5805.2404840031995,GA
13217,54.03720575461068,1002.47707429805,1978.6348814623493,3179.837288600245,1227.542761880906,2858.8104670711964,3553.6181298114434,3488.348246660114,2602.9972274291213,324.93631552239344,618.281053187269,1494.5417372047848,1490.5191988320562,1154.972175093935,1168.8549240028924,964.8849504217227,1190.7276446350124,1194.1055756272945,904.3359710519848,1040.5982721779974,897.3123964829658,2605.756806291485,3091.611448892774,849.5119439512131,927.7123381839516,978.2628315326,631.9261536645655,3538.8884310348217,1210.933402020352,385.5950757011768,830.1543972501289,822.4289847452472,1355.4483311829788,7287.762603222479,1164.7156607304905,3451.262503151377,722.5152513870502,3473.9635077117878,530.8379752818014,1161.9869146250494,3413.031900780832,3135.3405976587464,1453.4069463499302,720.04013945367,892.1537535728697,836.5773953661151,804.9664395623238,616.4161501145642,722.6272230986324,2442.991013659247,1103.1577485268615,7173.730643425705,1352.9342329559904,844.0684607733616,395.91252365924964,3170.9554307642434,2092.3294023141816,5527.650487372541,1136.0592172294114,1366.856387138688,3104.401980174028,586.3978765494063,362.00470631948974,1275.675582805723,737.1095001824186,3254.342290701482,1420.2715063506482,3003.561299092929,3158.6796706672712,541.9995104726365,3210.711716195874,788.4499809568505,2528.578896342503,7199.9161048697415,1048.3151392922334,2112.586410433104,7382.184042331902,1135.8628678273774,268.4650306291074,1347.231894448978,585.6925099402469,1238.1899627373061,293.6606246823784,456.4516668272692,1192.6552512379908,212.65449163343158,1259.0779240792979,636.4827573502422,252.2213892333389,1623.1829911088284,781.256180419733,1168.550813394371,463.88573024321295,3008.3359654063343,456.55765408001866,1502.36904058308,1955.317289278741,707.7456510524843,1308.2637596960535,1246.6060360799418,758.0871699126808,1225.291401578357,999.8969982323198,3260.940484853858,423.3355049431697,2683.9228660841018,694.9416243831457,1524.1094890957545,504.1639115196862,1722.8455903358895,971.2570011811704,7109.283122558687,1155.4181912212712,295.0628976845888,256.72327170013006,242.1817424439857,3567.046108994764,5453.100602859373,1057.346990033076,1577.9205295332113,956.5246915888687,398.7288146266214,206.96786371241024,1661.7689609841696,3524.935180438865,596.4510686980939,555.1410016515558,846.8710504650992,4631.010856084105,2498.6394750061427,1019.8698039237312,3405.377740134871,1844.81801761944,2939.417816713164,2526.190584199255,1097.3640423138302,3301.864924675033,3288.406758290385,764.5064739423236,353.0681717915487,2575.461515988113,1086.0056164465316,835.1030021695755,1646.4412831484565,553.1207386343841,933.2343932150238,3602.5766191586895,1047.6616692859257,1056.058434458616,705.6335417804926,1257.2827038882565,1608.5225499222468,1452.8909901441643,945.4406569581745,547.9301673191427,1270.8660665488062,1796.219675517335,2024.8083941696661,176.46097007430757,1557.263919231011,937.4456547408786,520.8268957714118,2358.393649211067,2147.860692787049,2046.7237473763596,602.8520785105776,1124.3114782211733,1253.9002974810592,3361.546937900662,484.5858898125792,2287.3524948200047,678.1393188328783,453.9925780477591,599.6927383586682,4383.123407486852,852.6071888472803,3520.0726657760274,574.5240037825978,2589.7058290559385,351.58008204446816,777.5360080245426,2198.215642585441,1232.4174186715375,3451.465946269212,1373.176810420495,891.9231927046817,2771.7783004726616,2160.407907336816,274.335553388918,1028.8174259418809,2675.9975442619093,12675.15351123958,6166.902093501111,773.1425754868126,702.0402853658455,977.6625239004763,591.6450951201454,845.8904242933603,2185.271308037023,1399.8527036698395,1135.5488265877486,1637.2702561453114,2224.1110335627923,1340.725149497281,4644.221551197746,1110.8848040013493,2708.277295231026,1486.9461802244891,1344.9416964351858,894.3265327271747,1523.2747342604187,1145.8558503717204,951.7419152317723,2044.1585516268744,851.9500462192806,2777.0036987015765,1949.3597937811687,648.2154685182016,1065.8105343948703,822.3027409593091,1559.3392636543106,771.2156470790413,3216.180481469898,2204.967905142429,548.9531409641851,1186.174700839124,3386.5913668856733,1315.1548793708985,1002.7798562723927,5593.507290604939,2850.0366657405866,2438.4101923169064,983.892051375746,2222.5156663275866,1634.3223310427065,595.3005876310375,1480.2229382831695,2575.224326963586,7221.232207806655,5670.880552013565,6127.286847403371,5574.782438053473,6287.684885830603,1222.6405343779095,871.4939394403651,2314.295100612374,1427.5714628681812,3402.344134579505,1304.0034934277965,3623.3302092840618,2551.538405317435,3152.5252269925304,920.7088867749486,3397.8757353110464,1519.371418425844,5892.375048690788,962.64009700081,1915.7236431568247,1270.5693736806754,3134.6254923329243,4495.274572243353,1578.502956077834,288.93238547222336,1455.7658855423706,636.2187136584555,3221.455899214993,4452.614047857807,152.52452873643733,1085.044234066317,1345.1063921788702,2842.911613080072,2701.0816713533727,5906.11286739711,7192.5402486846415,388.02733363194085,311.9873053097621,439.26951157578134,1472.340998481741,1551.1202521669247,5606.721921945867,3470.2209293659307,7227.355259321216,338.8784486385124,1044.6294733850639,225.58698877438457,2478.342564324128,1292.4851801667135,1352.7367286962958,939.5261942784804,1152.7912092146817,5278.111029164862,1184.560028012448,2141.4379278270235,6007.906151587974,717.2333995066507,1856.6781397319453,4942.743322568471,476.3452605826143,1809.342228325516,2504.425235214647,1339.7362240648574,6605.604200150977,1814.828911102758,1040.3199478912309,10597.687323321688,2216.396195451939,1240.7704059273528,2788.6460104427806,1596.0151714321012,1020.5240648430424,1426.4858824432672,1344.2876285786867,876.4146210183876,1564.2710713382835,1803.1600595656312,1432.7669877908909,1495.695336874844,3177.402789131426,1413.892018691047,3350.004970876424,2171.8941404413767,2384.443975903077,1249.2379366934106,1051.7060137767994,1501.2515137243893,1418.6340179632919,1592.88999151056,1673.6543938031627,593.161375097696,1412.1173635701568,554.088555667521,1942.1941458577453,2924.6000349753117,2616.056726854073,1381.9869809976765,2381.6104289703303,1370.7230073800965,3562.2430507602053,1089.9075143278103,2103.7995892158015,1374.704344178619,1961.4984910669018,6073.065883053766,1848.8054656557706,1713.8652741051853,563.4452987934387,2672.163405959138,2503.873129987565,1367.0795172932044,965.679494012801,1927.732596570641,2434.644803614673,688.8941315251452,2339.6278782879504,1705.7816151003476,572.1727877467479,3457.5683281257984,5881.870810248469,3643.494514195272,6033.945656800284,1701.5785568517324,1282.7775480117716,1978.4458561693154,2387.687599482313,6223.068011388651,3554.7075009061323,660.2893006370065,4696.840327038173,1501.9724704765054,2624.19327201737,1524.4733699848605,5326.476474339078,2048.8965261152325,5366.735041237795,2316.150427372816,732.6283079964909,2393.9508521123307,829.6302576645131,660.097034795058,6330.962289785915,1030.1961695240884,1349.2119969469632,2640.7097704425746,4707.574635578029,1347.8649192381395,1449.2636992002076,6351.896844558092,881.740732152741,2276.450442624988,1800.7953974226389,3327.1641583853234,2034.3711904872243,2377.043573548214,5619.307265504574,4702.006709721525,1727.801541898453,4671.698272962156,6380.644814376407,2941.535269847726,3253.881795853945,6345.87461747537,2260.9884248208177,370.45264638719834,670.8179900204245,763.7169941831537,516.5586031634147,6344.195026443997,1966.5556995567404,6149.841958208103,993.1197273143434,1457.718539120265,2029.6252919041474,954.821795655926,660.9629386306931,1538.1222108846705,899.8128525312407,1061.3878175848142,1702.5432399583167,1597.9546812934666,1908.718760591235,1906.1061412018094,5655.7775695631335,6546.008636368093,1463.6760296560365,6032.649073616537,6187.417813765348,1914.113170538383,6137.60119726225,1772.3798888800034,6191.752087318987,6603.015858388013,6202.487601993033,6014.826324631951,460.61757364269135,6135.916348116069,857.7712382327333,6286.879790694123,532.3739852120761,1559.3723747470315,1483.3456548703864,6076.744582294386,874.8834787236691,5798.7445965914785,6171.6497865282545,2497.174799761155,897.2401714171442,7151.278332311934,2408.067865998955,6145.575112348374,1026.1465863523922,6242.102046410542,6284.5866864181,2425.4300416022234,1526.9726379804538,5935.94132134769,6189.015807755669,5424.141858741168,6321.018905030662,832.1267042137056,5626.557454498806,4558.745484828123,842.0963236397173,5890.25852739515,6143.320921148144,6079.869126120178,6288.619926284052,6314.913692138388,7206.968537466623,2716.3497461973643,5812.345813619038,5631.925313968824,5668.0889526678075,6141.919276685235,680.1921916745522,5911.408020470665,5878.711653790785,6113.340788200498,7317.992643878969,6132.439774573638,6723.554054706067,2318.7513292801746,5396.14375807841,6124.638080040196,1682.0531632073028,7141.063994953155,4609.4624043174235,5969.9264124807205,1659.1367576546636,5645.046623587922,4442.137381486863,2554.742675423545,939.3896004861427,5939.062915393907,5821.192120576158,6122.444458418237,5759.571670670755,5415.844002428957,4369.234191782965,6413.187420616833,5919.10859641531,6293.900296435448,6175.927233420505,6550.287916227882,6539.028117053557,3547.531864197032,3562.019201362404,2218.680991097955,4474.626936318079,4715.969972238,6164.944436111637,96.57177704984606,4442.628475109208,6304.586133777207,3173.5322061525044,4653.007881809973,2813.305581851439,2525.166238045011,6055.709780158995,5691.036335167467,6180.375522079065,6046.870339065356,6023.689382560654,5457.001141126787,5945.607672020338,2589.629365223642,5303.404084771728,5524.8430047062675,5777.980972081932,4727.860278702551,3634.9155654067667,6196.474044037865,1346.2295692678895,5592.14073289895,5140.257224019075,5567.802008517569,6115.005099545785,5586.0262239281055,6045.8111882474295,4591.327474215771,5788.533441838076,1299.2389153934196,6012.056250989873,5297.556924183473,350.5927328801849,6382.196755525851,5926.184586738272,1155.973168034425,1170.4352631093366,902.628200944034,1216.2341508036736,2862.865103951589,6252.043720144965,5479.439168345802,5324.742223423758,3478.203025859592,5519.606849572762,7835.346752688225,5907.734955465413,6382.996111350516,5657.643456030925,2980.067569482801,5857.28590399219,3085.2933130784136,4429.893337890375,4476.352181803236,6782.975781011245,1557.6330765637124,4468.345101438206,4682.059238898704,6050.518103672432,5778.772171502829,GA
13219,94.15333386887285,986.055671046302,1998.999107138737,3212.023479618924,1266.354696891588,2888.2555262070973,3564.923584570157,3514.7918032484113,2637.176904172009,274.78344673295686,634.1635102293028,1486.4056732435001,1440.3854198666409,1201.4353499589847,1118.7874643633832,931.6557591048669,1140.5608733341405,1144.001547889342,919.2698228915973,990.4792031850003,847.3139526159589,2626.469329821105,3125.7065626559656,799.4784576142647,943.882087113054,961.6746721416563,657.1327752651301,3553.1915183529973,1249.9534599444053,389.85237191981685,780.3795962948673,826.9664137605063,1400.1614769814632,7320.017675911106,1211.7612276878967,3478.1141729352694,772.309388836141,3500.274669452981,481.24574205796813,1174.7495956636938,3437.9639206065303,3168.001320732423,1498.7693081186496,701.8119574213306,853.7480904193746,792.7087499743368,827.4106475199046,590.1786755194968,686.9844205363811,2433.833723650136,1084.8384528643903,7206.7450514824595,1302.9872330791766,857.3366130037929,406.26499826094846,3202.791087132092,2124.386186059357,5523.721904462821,1092.0454862846473,1374.2340901165774,3136.58030742995,614.4031721811729,332.1724335044846,1306.495001661038,686.8041659214873,3278.091739892433,1370.0419484836991,3020.0250498248834,3191.0876239377812,524.9662607184954,3220.4346251822303,738.8841145778537,2565.0625385604394,7233.794283784614,1022.1475492139692,2150.835809584908,7413.540387193064,1162.9919965620065,308.0871192187363,1298.1224753256724,599.9380667846073,1240.3708481752035,281.92737789048863,417.20302208940063,1147.2528188501046,162.6290698816231,1211.8886349408206,662.7601741182342,225.45682669861594,1573.3348964188342,813.1813089982724,1154.3945494939835,513.9155622636014,3041.042954813089,406.23635230743184,1452.5086786995405,1978.3721383660406,678.3094422873753,1330.8805101452485,1196.3766668050368,781.328693063676,1175.2555388195344,1025.4954917929574,3288.8648337437453,472.53843251584937,2694.3561682214004,720.9109116340877,1475.8034629014624,479.0401941811962,1762.1759188256055,922.0213450658647,7143.496993769293,1151.550346297235,319.5072178744212,214.29909989473805,195.88055667057742,3583.720419651076,5444.915531983129,1007.0346517859192,1579.7950387404758,976.351484272178,445.73602785436896,209.90352802241915,1697.4491482863925,3544.287506599475,641.1612527678531,512.1569048074632,806.7716151587252,4629.204427392966,2507.527551663338,1044.3885942719985,3421.5940036606567,1838.8732433992545,2949.0655626789207,2515.573933626341,1047.2954568932987,3333.1214792079118,3300.8981911884275,812.9993176692727,391.76747722309346,2590.062603417204,1036.3520502187177,809.3856049357297,1678.22754331775,564.5036600586591,911.2511829881996,3611.817194302765,1015.7097641395268,1050.0242196567076,655.8313563016135,1238.7173092134035,1657.5610314790601,1500.9807153107763,939.2878994368318,498.66756436319343,1250.891920996992,1746.482378461808,2033.419197319543,145.87657343804526,1606.4959701429445,978.9706675928858,571.0558712385711,2351.032289122073,2170.6135135651894,2046.5139011808656,652.9158608817447,1075.2949090139605,1226.684159643936,3391.5544683856183,437.37592527659666,2310.7569027040186,690.5878173588579,473.788698765944,595.1997253818864,4384.77811037046,900.9998870512093,3545.2027106743913,531.4987392897922,2579.789400689131,308.24490793698396,727.6185646921771,2225.7871747553554,1182.702890620021,3479.426543858334,1365.7036103875855,883.4830248550037,2779.0388926083233,2182.196070697482,323.9562742650277,999.5907722143268,2691.317208723133,12686.436763848691,6163.039672778486,776.8027505288809,666.450618046625,952.1444496919472,546.1601848158601,799.9868546521388,2182.638373706276,1410.1535117797,1088.2591490590432,1623.2445844005952,2248.7303949084976,1383.6782476041985,4644.219769853436,1079.8847250323604,2736.2014980801628,1436.6288205379417,1328.6242359571386,862.6706984833693,1475.2826878059855,1102.3660555885347,961.4090411056936,2075.0062683929723,897.6158010782724,2786.250639762724,1941.9557984845114,602.1691140184906,1053.0420524218518,812.7311198591403,1608.8349084281037,813.5738809621074,3246.1486744743847,2224.91822468274,510.31653213500937,1138.7596621408825,3412.73161810714,1304.7034877340918,960.6262915802192,5590.278820579333,2866.105849186104,2430.8432896521513,1013.8577872386232,2236.4531059345204,1681.6785941582013,545.3062936257278,1519.4027917299766,2597.014235627842,7253.864663505474,5670.8380938092005,6116.968882541311,5560.658844569198,6279.675239377552,1267.372548563893,868.4168631014652,2314.3425646841133,1377.5624092693722,3414.6775328047347,1320.2838524724127,3644.8112382566414,2582.9211082451143,3163.615211047313,870.4262834328655,3408.765575227338,1531.4122317234494,5877.4652694188235,1010.2790648010512,1951.6707628987344,1312.6267176496444,3146.328520093015,4495.215852647813,1619.6374515114608,337.05688200217463,1405.447072773119,588.2043081759188,3234.0189296484764,4452.8739821368345,202.45586334176772,1126.064916079528,1378.7005091118756,2860.945337732771,2717.772592126715,5904.853438635078,7225.43398669274,344.5209944960053,339.7896367959364,478.96048357942453,1477.0327439816558,1501.176271211248,5604.550268163927,3492.4081878274487,7260.272256594871,340.7646903675884,1066.4077027054182,265.2200332543989,2490.2056433771377,1242.345785800429,1388.0666083560075,977.3995057101037,1144.5378202196175,5274.81543409486,1136.4551512630828,2165.79757401331,6006.130714082712,671.6396359043168,1861.4853319226072,4940.17381922901,522.4184973554793,1799.2012025508457,2494.9267547720788,1310.1844770318519,6608.15895535703,1814.5522800695412,1087.699052193996,10642.799689149291,2226.3731964075173,1268.6754447496617,2799.384135855121,1619.8043922998388,1061.7889223523075,1408.3551011906018,1297.7953396492978,827.5057057931242,1542.1236423248424,1840.6750400097635,1386.3319992109134,1445.3825052397226,3204.115622930813,1383.4379120906217,3380.506613033623,2173.9327417723543,2402.6123750950087,1245.1422572465726,1003.5531121133072,1521.2133570893961,1406.637326842885,1585.0071009866501,1664.1606603318585,601.7040748711374,1390.4886311672174,549.1220454284971,1938.9731739389429,2945.894756346921,2635.9688858399104,1357.9608962802265,2396.3005728781786,1320.4619622682428,3576.3004786365245,1065.8356542523509,2121.065942888377,1324.4030063643386,1976.0327591289315,6065.977392823794,1834.3441974004613,1700.203954696622,611.6776681228866,2698.9001848069793,2493.8038542474383,1385.7519908108518,967.3781763299824,1952.025482932431,2425.616635139466,639.5767617271241,2349.696840802978,1719.9262216523446,524.5339432623323,3483.506370817672,5873.980712847994,3661.3376515364116,6029.381048577126,1700.665092578869,1250.314980477264,1929.309189648951,2412.100459223024,6217.751344740727,3565.8840413823737,665.1598836246018,4695.11855206859,1452.723293190743,2656.309101499828,1474.1976899368826,5322.463736643199,2043.6051390561026,5356.36021782617,2317.67424849933,745.0619682081247,2414.766299021586,823.3499866793543,670.7289585978449,6332.791284318202,1028.3772016246114,1345.6243890249746,2653.289881685316,4704.7847601807125,1347.9361182702714,1398.9850542662257,6346.918877022118,896.6663467958498,2303.769590380636,1750.845437147496,3354.2621539119714,2061.0737940208687,2370.088903480713,5617.362433444949,4698.910356393464,1677.8561710391587,4670.352717325216,6375.630938150387,2975.8541660380456,3267.265660384235,6341.968887922794,2297.3368747583186,396.4523341147418,694.2164027780274,717.94979202462,537.695589511188,6338.909280280886,1978.2164435157592,6143.071096580335,943.5419981475247,1408.6909744285401,2046.791270689608,909.1526903279097,699.5183302235154,1520.263653759519,924.3333059201517,1066.2451785134829,1652.839064411377,1624.4902601096164,1922.168522343925,1944.0227643287194,5647.369291065719,6538.379778325954,1415.9795517547032,6022.2971061399085,6184.131951752521,1904.9982545805703,6126.564783002111,1806.0875109377387,6193.746414593398,6595.170785811583,6191.210049269136,6004.882334811037,493.5615619549694,6127.990998815394,891.2639351100544,6274.872231400569,486.5233861271113,1572.9993234075525,1436.5745443423457,6072.182820935503,828.0465570950878,5796.3768060090415,6163.75368008504,2499.813397540645,849.6400634617656,7185.113981343979,2441.20847569406,6141.7300305437975,980.776328375208,6236.720593387045,6278.513927264278,2427.431154497056,1550.8751541561776,5928.040490127014,6180.952385162952,5413.369003930614,6312.099688555822,871.2810567112165,5624.7195968562255,4558.62723507781,791.7755834085083,5880.036336449486,6139.3524721445665,6071.651260846593,6278.788646774911,6310.658054215902,7239.6033976190065,2720.643275530717,5804.475150783582,5630.082057254896,5656.39609600038,6135.185274322707,638.172566396169,5897.370338373977,5868.463133649241,6109.218247541146,7320.3095842953135,6128.4913828304525,6722.32519074179,2322.008720355666,5381.6908438424,6119.761709349865,1726.398187895447,7174.280350230362,4608.7547276919395,5962.452217309811,1675.9196550460433,5634.68665994218,4443.485903524049,2575.945876911368,895.7841520549753,5936.917674198626,5815.271720461496,6109.155893668942,5750.251780649357,5403.7694041579525,4371.166421236397,6409.3288870820215,5911.0557056030075,6287.984857166537,6172.1465153575045,6552.739715593052,6541.497659472511,3558.748152045891,3572.5946487057795,2244.526805517094,4476.352830759895,4714.923340768462,6161.166105495814,128.42015283366422,4444.255143756729,6306.567569294813,3205.7594967909886,4652.040290616425,2844.3128624508972,2553.3250026404157,6049.971634233709,5690.829745256289,6178.27985053205,6040.876941407626,6017.932847023653,5447.033230633418,5943.55977501959,2619.5384632590453,5292.805475573571,5515.3658763226795,5778.773240228543,4726.523096961671,3655.211427413863,6194.4601684408335,1393.4151702791448,5581.346212540454,5131.5211854760355,5558.950818643931,6113.078165572377,5577.779937580616,6046.262947763407,4589.796185841309,5788.615060659566,1290.0825126969887,6010.506192328221,5292.298231699972,392.815182541481,6384.296234834815,5924.876460213414,1203.1510329298292,1216.6334632951225,860.7918839082561,1231.8948536678272,2875.753356691402,6239.534216766558,5475.728112713273,5315.462581309716,3504.8109799392796,5515.630138444394,7834.512900638664,5903.148738490514,6373.7331722677845,5650.680256530633,3013.1343908228996,5855.355249231154,3119.2883998082452,4431.419743711099,4478.335689256769,6786.035392938249,1509.0760934516543,4469.308007015777,4680.304916700815,6051.670642387689,5779.314517445578,GA
13221,127.7492072669492,995.7759361817557,2027.716068111613,3244.431951122173,1299.9896882082296,2919.9499915644374,3589.617150961225,3545.5503999183147,2670.050760597906,245.58357193288106,627.4766530199453,1501.0449903049387,1414.1127713922613,1234.5701068987428,1092.8838182382235,928.3133515601655,1114.1655379066349,1117.9247645180774,911.2697874614984,964.3687230580119,821.7901577019536,2655.2492127573,3158.5516253457936,773.8309396021007,936.6901096701235,971.3141217712904,657.1110579128159,3579.2516900826677,1283.607965571485,413.2248571630905,755.6967046727283,849.2359785251268,1433.7182276233523,7352.3937460872985,1244.6823497818868,3509.0051331974705,802.9426243243738,3530.990832648903,450.39764126223014,1200.5738469164976,3468.223042178175,3200.524691561472,1532.2062171129223,710.8115810175511,845.5174538175032,778.3219117510448,824.8986806228497,593.5513498493457,681.8318702559131,2410.741483419379,1093.1254788332117,7239.305941612913,1277.5312454367772,848.318643919617,397.0632975257511,3235.1133375149852,2156.8018614957136,5540.252732352272,1077.1807936926316,1397.4550655039081,3168.9887261618915,646.1017396593571,301.5193372709067,1338.6784776208951,658.3779794736463,3307.9473415712505,1343.2242834972105,3047.0600057696056,3223.550268904828,535.3984205268338,3244.4063512388757,707.9617330027907,2598.364276105985,7266.5523639304065,1024.6596332361557,2184.3907731108015,7445.685777574291,1194.187193331156,341.8528687602366,1275.0243289572134,592.2553639426958,1261.0327640674036,260.52092681053267,383.72974388741335,1130.50732867535,138.73496703148356,1192.4430791197196,663.5413861256022,231.7863058768405,1548.1835823555234,845.73688558591,1165.4470658381708,540.4598033762458,3073.5802843540637,378.3780450903333,1427.33404596167,2008.0833238675546,678.7784284904246,1360.5594355774142,1169.586818432076,779.504316998862,1149.4751759883834,1056.2665347905581,3320.0969077982304,497.0249819678258,2718.721862894331,721.2947645910141,1454.3250937928226,483.7913521488248,1795.8458052427359,898.7625327855998,7176.328651148929,1168.9522614078633,350.75459695414963,180.5601328210406,180.96183182708927,3610.805540664873,5458.88457361852,979.4349226782632,1600.1139701949219,1005.1644317935209,466.75099366828726,234.51980710751968,1730.6418858259376,3572.474599350946,674.6854722307572,478.38205735557403,796.810935482575,4647.0124141268325,2531.179712875648,1043.0941029361234,3448.4946994930406,1854.6777006429425,2973.02806188966,2491.745742535312,1021.4049896688913,3365.2933032463297,3326.16065900414,845.106906665074,404.1365672080593,2616.3375926929243,1011.9285999496514,812.5847023271973,1710.6076045224015,555.0468721635616,917.1248013225827,3635.5239889670697,1013.4011758620957,1066.2629269653473,631.1451180851823,1246.6815644326655,1689.2000086131727,1533.3764654577985,955.5882709832684,475.7477316379817,1257.8427693418735,1721.6628181748174,2057.023013864124,116.65511194646606,1637.9244710757755,1012.7482768406717,600.5058642683973,2328.867131077622,2200.1941169088723,2065.5447734589893,682.9521115310307,1052.48135614558,1228.147808599104,3423.3899590758533,404.4116746268552,2340.5553709557653,681.4017879264737,470.5787794954743,613.1576239242268,4404.528986856968,933.1825654491793,3575.5248998028246,518.7277344621574,2556.296751634969,296.3007647552985,697.4039704723116,2256.9663220634834,1158.0520829553402,3510.6632414238047,1380.8190630445552,898.4939110744149,2801.8549136013057,2211.424095571238,354.93161840443133,999.6409868406218,2717.8933985259064,12710.851411915713,6179.579984274351,798.7070215287911,661.4008897361764,955.2616224575431,512.6540804921142,782.8085954515514,2200.2729457188393,1434.7495374985322,1068.7084012876642,1634.0604772657825,2278.9554892192364,1417.4215539793483,4663.043160167253,1078.334388883958,2767.456695421808,1408.303663951885,1338.0765553236956,860.8367229672946,1454.3823910683966,1088.1535285060381,985.9897552625864,2107.122011889081,930.964306767966,2810.038929309879,1956.8463516304187,568.8067415936224,1065.1098598501308,827.1679910727271,1639.9261391755747,847.3361608276904,3277.977477736025,2253.44584737314,502.6859767357435,1118.9754442949315,3443.3952989224085,1318.0218487621567,948.1463899445172,5607.21528706226,2892.9864807246504,2408.558375782165,1045.8827295529452,2262.4838815119642,1714.4732794771496,520.0095318707791,1553.0641902815162,2626.202525433341,7286.333868901603,5689.585396232004,6129.565792559096,5570.804039202071,6293.712572197002,1300.9233571877396,886.5872095009403,2333.4516685305152,1351.8536641540072,3439.858719532153,1347.5401081093655,3673.8197519373607,2615.1489021033285,3188.2403082500928,841.6929894769366,3433.2759011813273,1556.758906225945,5887.066658510041,1042.9211315850873,1984.8991142800103,1346.4013911302172,3171.240912486716,4514.016874908723,1653.407925336348,360.0469452569771,1377.6304580256042,555.7013399613065,3259.319566986185,4471.854740840486,229.4690881357633,1159.8355902989458,1411.5156875237908,2888.646083095793,2744.9300877013297,5922.906104402918,7257.966155627524,310.75252046316604,343.60966164080355,512.7063800059362,1498.8658163058785,1475.698692584065,5622.0963421698325,3521.6880324387034,7292.809735274437,326.76605216974065,1095.883903457074,279.6163157423723,2515.2644011016487,1216.0756848401434,1421.2160046203687,1010.9518053308777,1159.3510532353419,5291.728759977951,1115.462939883764,2195.9420740505566,6023.885470138225,655.0897896912534,1883.2383914479092,4957.525854409721,555.6240380453687,1812.4493522347198,2471.654277047012,1309.6623275084912,6628.293563638029,1833.6161104189853,1120.4708548023393,10676.313591894765,2250.5926489867106,1300.0740106299554,2823.881015570684,1649.8262904401277,1095.5643847443398,1416.4969657219415,1279.4027904425634,805.0641067185136,1547.2862049328437,1874.1445767417324,1367.9916185132954,1417.7110814080352,3234.972657429439,1382.1019839120306,3412.4776006579414,2194.154747018305,2430.412710858402,1262.3380521620038,982.5362329192224,1549.8680869305279,1418.9012154904908,1599.7495365771015,1677.8717085923206,626.2868613919671,1396.1287336825849,566.9678542253399,1956.3384433507392,2974.871538104966,2664.438951971934,1361.8243001415833,2422.638477449597,1293.4127328537559,3602.2500053546337,1069.9282588966155,2148.534901959065,1296.9337431826766,2002.3700951293652,6080.590382817634,1844.77745534075,1711.2244111865025,643.956979033029,2729.789004937217,2470.248233932344,1413.9468293787893,988.0200306006003,1982.1707275462331,2402.5905407915925,616.3205431477452,2373.938879684359,1746.1507039901953,504.9917718591132,3514.1010004602717,5888.110416714011,3688.906568322742,6045.5134472482,1719.417639841855,1247.328789170642,1906.035361773934,2442.241034728961,6233.428304958125,3590.517152301037,687.8695938981356,4712.970650218147,1429.259822175228,2688.7164628653227,1446.9999331978877,5338.9554444678115,2059.731240484537,5368.9595630454605,2337.588297398372,735.7237346662033,2443.6050154949635,839.7499595015444,696.1102644504642,6352.542687315029,1047.052559506387,1363.0433021433514,2678.655763968973,4722.023829263732,1367.3996865002216,1371.7671031996013,6362.792357513016,923.607691796196,2334.865648909681,1725.3150556363498,3385.235631803944,2091.997686162014,2348.1303562934118,5635.037800735734,4715.972479954167,1652.3507552591986,4688.420014299615,6391.481853782975,3008.7489281414446,3292.9358424455177,6358.476311921835,2330.622220506492,427.9053704548308,724.4820745502527,701.0761349733763,567.409878140485,6354.599583007629,2003.2695558681603,6157.874320281744,919.3745777808133,1385.7514065610635,2074.2305066562867,892.203131889201,733.1645553697801,1528.526951415918,954.8059744656972,1088.4158826504167,1628.1315140703564,1655.4128435801965,1948.04057343215,1977.541508897032,5661.189382300732,6552.640979362657,1395.614503315738,6034.8768080388,6201.008323877879,1918.849356566049,6138.702077260218,1838.8946943615838,6213.5929425337745,6609.2964072605855,6203.189311396881,6017.721865889162,526.4791636049787,6142.08715165047,924.1299630776159,6286.375418467629,470.0193145608872,1599.0385995313236,1417.706503662718,6088.315019315696,809.4154203270152,5813.801359226656,6177.866279854271,2520.290771433436,829.722726628953,7217.862929705137,2473.8633447975712,6158.281420102513,964.188121306248,6252.358010074412,6293.734281728931,2447.580776681221,1580.9486864737787,5942.161003012287,6194.960826290178,5425.711249074411,6325.570075508485,904.963026023996,5642.4557490836205,4577.39107059137,763.6643552341507,5892.7054022384,6155.831559691441,6085.569023187544,6291.686936579323,6326.960913706977,7272.0732804514855,2741.95682631358,5818.620193820084,5647.814875348845,5668.133421524225,6150.011275811899,626.343281844618,5907.555286170699,5881.116033405338,6125.608036529614,7340.29229612178,6144.982715305251,6740.362730179832,2342.846637413785,5391.62583113162,6135.7052696807605,1760.0146596517934,7206.888749056698,4627.185674593036,5976.833735279877,1703.2742753975122,5647.2804676440255,4463.066167371554,2604.9163969171923,881.6078460985582,5954.463808126321,5830.604721579786,6119.827557505786,5763.497310625171,5415.2727762817685,4391.068782551816,6425.861264658842,5925.083082416447,6303.299632226221,6188.734340001519,6572.82072816634,6561.588645267319,3583.400414507091,3596.943937106119,2275.160287659189,4496.136566549981,4733.15693077067,6177.755795378901,141.06333552645862,4463.9869587463545,6326.402832578508,3238.1781274699574,4670.322303611823,2876.4343272201268,2584.66036982004,6065.403425548605,5709.48451479466,6195.844172489344,6056.155569546101,6033.355029650364,5459.885868264113,5961.161418464068,2651.37397770849,5305.265805941097,5528.524640470066,5797.9787628292115,4744.591701907979,3683.764600704136,6212.070698302083,1426.2816250570136,5593.6655241314,5145.165522833467,5572.499661392697,6130.741833321449,5591.70408300582,6065.269005066167,4607.763194485754,5807.426306429174,1304.2202716438878,6028.389232713357,5308.054135952552,426.56165020999254,6404.192683750212,5942.900642836959,1236.0163445896605,1249.8514780187786,848.7961479087065,1258.931585032761,2901.2347063895368,6250.711780061127,5492.388764965661,5328.756364761201,3535.6229743225563,5532.133125266915,7852.736750452585,5919.274016628676,6386.985472103101,5665.38946795159,3045.7558003857453,5873.027869872999,3152.112404702119,4451.097796557669,4498.259011534699,6806.435171766905,1487.1036996443934,4488.675484511449,4698.139395327289,6071.063102037625,5798.381936200627,GA
13223,51.45908901756404,934.14494117483,1876.1863494868771,3080.3618455437067,1134.7266191463245,2757.8253633025047,3453.7634461566345,3386.342432346161,2504.9951735226573,386.44719412377714,698.0551538102158,1412.6745980759551,1529.7609681486572,1080.0868302751126,1207.6656133781812,931.3920105391776,1231.4696242439468,1233.5172235040984,983.619078542592,1080.8715802587064,936.159088925114,2503.266444306008,2993.5452381306463,889.2143769361171,1005.2453567116617,910.3325243154973,697.5081463323787,3437.7728349673553,1118.4234273552047,295.32580615356545,866.3346078752553,728.4879439537981,1274.5802827620728,7188.368638634034,1092.1652766739219,3349.362663124058,670.2477370803073,3371.925094943042,595.4696514270153,1061.9374229476687,3310.717813475456,3036.185087927599,1374.4072549608866,656.8947735142692,873.7083438666356,837.670583171782,873.7496295106731,570.4644797925347,697.9729930476857,2542.360001743157,1037.5504031453434,7074.8580300551075,1389.2098837021233,925.7274427744693,484.3752008497464,3071.2550025235028,1992.740470063441,5439.273926258006,1135.6672358889596,1269.8428587250567,3004.9199934017024,484.581722860188,462.15651309343855,1175.285766935852,789.0170188340686,3151.878715715214,1462.0253073767685,2901.7927038048083,3059.3513527323003,479.3258871656163,3111.704563776262,851.7140627563522,2432.777900231053,7101.697544619326,997.9123622265753,2018.9053134645453,7282.233485033733,1033.9312959574163,178.77014646097697,1374.277849344654,667.7897860413871,1145.4765324092525,395.58594916983566,549.3312510338029,1198.0342912216604,266.01625506225867,1273.2622523577213,700.0995569505727,224.53277418935681,1657.4316361449876,681.4460912053516,1095.918873590496,441.0915021851043,2909.210540017687,509.8470400985102,1537.0335892798976,1852.7932999113445,667.5643430761344,1205.722637804704,1288.7909737389614,825.8806977677948,1263.3623800966393,897.5997507162448,3159.3670495869023,412.88459501772314,2584.5990193209823,758.512455373533,1544.446841906273,458.23781925273363,1630.708626655604,1000.9559301059384,7011.336554222722,1069.0587008993414,192.5341873744891,345.74521185834686,271.0902571737076,3465.200953444635,5369.509451071112,1103.7605055665206,1485.1015053219287,854.2314790027564,405.68618573922384,127.66914338944412,1565.1354142403925,3422.5710667557337,516.9976463676004,642.3271655249679,834.2102692330562,4540.609635304722,2400.212669383299,1083.911262948295,3303.6599419846666,1759.8285651544143,2840.484576855677,2626.2397624576042,1136.453660126229,3201.817440874201,3188.027069848656,700.6209835903824,394.8813452852885,2474.303380861068,1119.3613632949423,785.2843447732358,1546.656432880357,638.7761918565942,875.1768120939089,3503.7985796157727,1010.4075016830349,972.546970192874,743.1599920112166,1191.5141188645982,1546.3342934362054,1384.9255675019235,862.4703650008354,581.904872115943,1207.5099650014772,1828.7248251129904,1926.664724681056,275.5807338068648,1496.6543330634695,849.3494643213417,479.11098177363436,2456.820158271471,2045.3273241795,1955.492647936637,555.9154588136171,1151.3586129604887,1204.7462063188545,3260.835318592387,561.5725713844461,2184.8517317454234,761.6678880718101,530.4951179722461,516.8480821823625,4289.613786688378,787.6978829809981,3417.7924712010768,575.937211307298,2689.423563883625,361.3772681417701,837.286738601358,2096.495680400344,1265.9379860906986,3349.9085960235307,1290.6846596731398,812.1818572550726,2674.312321560837,2057.870987634292,229.52828190305317,985.2245705166678,2574.587086464468,12575.044992833546,6078.38994978492,680.1542149904815,677.5230027045886,926.3330980211736,673.2919758014965,855.8019839876756,2096.3677739746377,1300.9644405825834,1150.8275886537574,1563.3193464112126,2121.7311565461714,1255.3813114894024,4552.128123107748,1070.9595446328367,2606.690656442348,1535.2476981085183,1275.174654756309,857.4472616767679,1541.4993791984894,1143.2950043059548,853.6379726785066,1943.84214203906,774.7564355174014,2678.3196755547187,1866.020377576209,728.1643089434729,991.4533506246124,744.5166359045128,1501.0630666818604,685.0677779856916,3115.44682506203,2102.55674457335,536.1101655416611,1201.952938448195,3284.5114041623665,1236.709600414026,995.9702274600837,5504.402793593593,2748.385814959614,2536.9364248499,883.0121640115835,2121.643846011189,1562.5861062224606,636.632612128071,1387.8965223286216,2472.685782478386,7122.091265907024,5578.718256388261,6046.2522400912585,5498.996913547779,6203.77817279389,1141.9393675137198,785.1139246741674,2222.685476080072,1464.641280856647,3302.025487545648,1202.4789438440787,3520.795657527751,2451.547094805945,3052.8101533278905,972.7747030841246,3298.237868354584,1419.4988643189583,5817.677768029733,893.2309589647589,1819.3608811282693,1183.3272372718784,3034.616104888644,4403.2512250946975,1489.3662278579798,294.20342659674185,1501.8176869200647,709.3256203329453,3121.050141402666,4360.309055223856,156.33702087281063,995.8819216077968,1246.5881744231128,2740.7814225120733,2599.267762482537,5815.049771387749,7093.581540194815,474.6943015178545,379.73905811917086,348.55217127570626,1377.2378548308677,1586.8894478325492,5516.56269855848,3367.6802830731012,7128.41322051795,434.8354924199183,942.1124452279804,272.6143976293987,2378.3322305779634,1332.3220388964137,1255.7552229528294,845.4823624043632,1071.8144648632474,5189.1104113117,1204.6234726403102,2039.0231630178705,5917.324846688372,727.0225822867636,1761.234895096335,4853.051536360415,402.5227811650975,1729.6499166885096,2603.95357743073,1295.4225883122326,6511.169534948745,1723.8142860605276,969.4821628526622,10516.968228297259,2117.402864416702,1139.0906384264658,2689.149125787553,1493.5296007385068,931.85908823906,1359.490883361316,1354.3879435953434,903.9347173387076,1504.0491694596585,1708.5627286769472,1442.2828644811575,1541.00035118736,3075.4607389066887,1371.4090686504906,3249.5422418072358,2078.5596861872227,2282.3056800012823,1162.935482575173,1072.7019142229456,1398.870541777086,1342.1267325916685,1510.5520577155826,1593.277661378477,496.78798988822496,1351.3211670685166,472.3947554880641,1854.0708566145875,2822.0742380532697,2513.639899851855,1325.838799987254,2280.439089013329,1413.616393096097,3461.215588374878,1034.9999558757331,2001.8787272075056,1419.4196717352759,1860.4370681912985,5988.102064364983,1775.1925275251535,1639.2503858221355,499.32731334650737,2570.216494933468,2603.674752464774,1264.9239359978278,873.9385409575765,1825.3048044287423,2533.950170032033,721.4990731134018,2240.5580311818167,1604.9176573714988,594.5265971332379,3355.4441527414338,5797.870188392281,3541.3802424668597,5946.184043079171,1611.278069894641,1245.616531082772,2004.4327289676635,2285.284454443805,6136.096772103801,3454.9152518406563,566.6803950491326,4606.348390611372,1529.8650844972467,2524.6598474328907,1567.61036651655,5238.211366191604,1962.9771488471515,5285.882189808924,2223.2026560583718,815.8484450218649,2291.456034798055,747.3617060290622,561.9661600408426,6237.134905744285,941.8731427419067,1262.1542067125065,2540.3510138144484,4618.134467770027,1256.9840275899776,1492.6749316939795,6264.545655055636,780.9227369701907,2174.655660019852,1836.214568276872,3225.3314592172383,1932.39396641756,2475.2330100683475,5528.926076640079,4612.877288880775,1763.2667952845438,4580.84859599576,6293.32951081938,2843.6547171572115,3153.1313500863735,6257.390424724131,2165.044372777879,268.018570600615,568.2774762422088,773.7792915120474,414.22544026829394,6257.177865282638,1866.7364132619118,6064.503791673894,1026.06690834713,1483.7506484832404,1927.7355151715344,962.7738762448944,568.0066466164471,1470.4128580442245,797.354781647453,966.6364087028724,1734.8005648957276,1495.911793518274,1808.0953130404391,1812.005087488478,5572.427648449523,6461.622857920529,1480.1860216897744,5951.6704808729855,6098.312208995724,1832.9584369488027,6057.495438012175,1673.972484041764,6097.797893797702,6518.879036497467,6122.689924587657,5933.330056851304,361.4230768832818,6051.926898693034,759.1255219627286,6208.0433874858545,546.3485362316778,1458.7582504789432,1494.4832742307651,5988.975553044009,889.2499445527675,5708.7585775786765,6087.621413363248,2403.2077858513417,915.7188984901235,7053.0258490767,2309.2424025766554,6057.047061817096,1032.2498312759842,6155.199569895859,6198.443981764639,2332.026217481372,1424.4942559896592,5851.946766416058,6105.184611964696,5343.795297640113,6238.207480587176,739.9585351653526,5536.0721205532445,4466.7681077957395,891.8880743343614,5809.132970765722,6054.921192552754,5996.235739546873,6206.946413413156,6226.797691453982,7107.829180169588,2620.998629469512,5728.330825059659,5541.4446589671825,5588.918650940219,6056.53981157573,676.0981880680823,5835.444343953692,5797.621349363457,6025.104815375303,7223.707951408965,6044.020242221976,6632.395672635355,2224.3362890939356,5320.86500656824,6037.200372560617,1599.974913242447,7042.338268127595,4518.020330542353,5885.424019699682,1557.3905599210364,5564.13232990623,4348.880869771104,2452.223393782644,938.563001432869,5848.845683076249,5734.9302840960545,6045.389236863707,5677.326066171364,5337.227576846501,4275.493297982675,6324.648103641697,5835.297343094339,6207.581170947432,6087.329650432574,6455.939060472602,6444.6657147381375,3447.7208157274376,3462.5266712839384,2116.510585822292,4381.046530618131,4624.83154668174,6076.345440425162,177.37032013693872,4349.13545104608,6210.634915257188,3074.083674863233,4561.803103012524,2713.104943393113,2423.655855294346,5969.219204553762,5599.020238766427,6090.088282086504,5960.664475072899,5937.222657977607,5375.61386758249,5855.2951488298595,2488.8509680677803,5222.850460812499,5442.826700715414,5685.072524647491,4636.995428192121,3532.447581951193,6106.106062526245,1274.030481502828,5511.7964450748195,5057.381632304981,5485.003845483358,6024.560178826443,5502.490274292253,5953.178674275998,4500.666062080323,5696.2497947102975,1219.0785398440785,5921.25902612489,5210.628564931636,265.89823864012874,6288.143769871179,5835.165621991832,1084.0097323004452,1094.5402621906658,895.420993706975,1114.9445959367156,2762.3500600607176,6173.892966391505,5390.8421649504435,5242.509337150072,3376.238749616857,5431.281419914663,7743.746658384079,5820.009545017133,6300.60091432779,5572.584865055133,2881.199374436859,5766.8679942974695,2987.14489914279,4336.4867316487325,4382.556138943679,6688.132404002228,1579.6907011116032,4375.417923950893,4591.6007223995175,5957.278565893255,5686.081589381994,GA
13225,130.82171529931884,1105.6325555368214,2031.4989504704322,3203.422879052202,1234.9327558377765,2889.8978705226477,3621.9019597610204,3526.2808443238023,2621.54548425846,396.3664153275942,520.0893585976513,1590.3570155680525,1567.1920298143275,1130.3088873027216,1247.0148771535296,1072.8716957484064,1267.2678964722065,1271.6860220377416,805.9190693486131,1118.2560533483438,976.9761800467927,2657.076697472402,3109.910853102713,928.8878937272217,828.0364824145003,1081.555737886275,526.0179046783645,3601.920156999663,1217.6955184088279,473.6203435635421,912.2847027826593,905.3915217978504,1338.8756919618381,7309.512739203515,1136.6188606495298,3488.2509530243797,674.5106220526269,3512.2178931231706,591.6769411709951,1231.0313430837634,3454.5229535691033,3157.6577181830626,1433.3325564377838,824.6912800117855,998.2349999124373,937.3149076167732,700.4479477228679,724.1887147806958,829.9619225375159,2374.634189091092,1207.3809002998642,7193.401268020839,1432.329996330456,747.5741912046143,307.63191094647016,3195.501367986223,2117.566634993707,5617.404770334599,1236.5006924816823,1443.7656442143673,3128.071739446654,630.5610276664147,356.4762724665397,1306.5118846006608,807.3683623519381,3298.6034863355635,1495.1222861335648,3062.927532868327,3181.674795308221,646.4404782695952,3281.8126274863416,846.4895914152684,2540.3032523564216,7217.130433010242,1155.8974879658122,2119.24729154245,7406.349988528739,1176.5209533393786,293.6431710446073,1433.1273816007333,489.52208078014894,1322.6755841847655,251.91246211656758,472.9271104327983,1290.6403685702755,298.4008563469611,1352.721901991288,529.996742385327,360.367832786881,1703.3532202539734,812.771384612131,1269.9307922401347,394.3267945195558,3030.6351739426873,530.6472889967644,1582.528853567107,2002.579132314364,815.8994274777194,1358.1804261558973,1321.736234508811,653.126476755035,1303.7838867007438,1044.8952712430796,3295.4733157982537,345.10076184407205,2754.2011957159193,588.5210036895577,1613.7366346682136,611.793002295655,1726.6638931326036,1056.9046586691684,7125.54978458833,1247.3389293460727,356.42153752138466,294.4920366308451,339.81311505253694,3625.657835724256,5547.649713296568,1129.8351580989272,1662.1327376613974,1013.8822658747873,308.59707623963936,301.85115918575315,1677.5812600800598,3578.321088561723,586.5706544440578,581.7099955265854,951.7604747389906,4718.308151494406,2571.577541647963,913.8638631979413,3464.948340127987,1938.0526505173684,3010.8040749661204,2460.2879512441896,1175.6449586050128,3327.8629089779133,3354.7911135411737,729.3265257313751,246.75535470515928,2638.6243130735847,1168.5842136967435,942.6460797548183,1673.400962133074,460.7038708055893,1039.451470380871,3674.269324031277,1155.8017846981045,1150.4803617215966,787.944937951227,1361.5337189857796,1564.642711164153,1416.9114868214585,1040.2618711655887,634.6796300220495,1375.9011904356994,1877.3131891228825,2098.6729316003934,195.53404675858562,1511.6925580059135,936.8763587369923,466.93657677084616,2287.096816246206,2195.4529418361903,2133.072045848984,551.7995627510438,1210.9632908538492,1361.6812187757214,3390.77407790357,530.7810227034867,2333.3295736027026,583.3697183361139,353.11164776634837,694.3853806691263,4465.917662838006,817.3799585815843,3561.0410119222347,676.4832349339781,2522.5180948847346,453.26833239072334,839.5603218394573,2234.750246472546,1314.2639696566985,3485.773658859676,1468.4850925258938,989.0637055031572,2847.061434429544,2210.034912629749,242.3072815384944,1136.9266493712685,2737.7593531982197,12741.667299834033,6256.493905172608,857.5415014504422,809.3871499164401,1085.0969379572,627.6183793583903,943.0211917922757,2274.491657567821,1472.1623611442385,1228.975107370103,1738.1554215725846,2267.4831131947235,1332.028350014573,4729.186760109094,1219.0647084474406,2743.302838046079,1555.888593871158,1447.7022375040647,1002.4780857052547,1614.1281907088944,1247.0724096129782,1026.68688011237,2072.7104914260685,833.7122961665634,2849.149938117077,2044.0434103062112,685.8532037593895,1166.2625146636858,920.6385243942807,1511.0492970567625,769.0234978232147,3245.618746735481,2258.3235321668953,654.8007399106592,1279.1845010026366,3425.306457501401,1413.3359296276742,1105.7064883494645,5682.406324265452,2910.2623150747545,2367.374310133428,1018.6027494930977,2287.2406250903327,1602.712878743189,676.2388849030248,1485.2920356745265,2624.325104711578,7241.956530744241,5755.71008737482,6223.936598481993,5674.944515327999,6381.9612550290185,1206.547949761308,963.3704502858864,2400.0980115186208,1506.1275240860032,3468.9400479112164,1366.3802455768714,3672.2648229310535,2577.9171715291777,3221.3884768933467,989.0240380579788,3466.939998865229,1588.5414163078524,5993.164229300542,931.9639925475936,1930.1040511107026,1265.832045424771,3202.4593679232776,4580.347807230383,1576.1923116698144,206.44103810072673,1526.83215417347,684.277504145905,3287.754605765092,4537.275574429146,103.93337343222966,1085.3263885885633,1368.1098156096193,2899.388994230409,2760.2630588271727,5992.497885646375,7212.544096534836,421.5155743410665,205.8633696673457,454.3340490580584,1552.9055520776355,1630.3253093791861,5694.3107657816945,3517.74427816164,7247.286103151874,266.72467407549243,1097.5437084639893,120.1348063449906,2546.3986978215357,1369.3340040743594,1370.6572484077894,951.9367616032376,1249.1909172787748,5367.138511886682,1275.2180771865574,2185.5174120337924,6094.937139659661,815.1039763142405,1936.461787252972,5030.935229120792,462.3580336027525,1906.7946998434256,2436.5944307376285,1447.8553318440884,6686.726629976729,1901.494721729207,1010.830916287063,10574.120489505507,2287.854448709315,1279.0588465127485,2858.3391026704808,1642.4788704096038,1020.3126327865193,1530.3715498511015,1439.7797709413849,964.0083457600643,1670.2700501614124,1812.862914078553,1528.3685260971124,1567.2918132641416,3214.919985500981,1522.0631074051255,3377.9583647692766,2255.187387365053,2441.109449044457,1341.2177158890827,1142.310414086654,1555.9793285771125,1518.0405751078229,1688.353489950784,1770.6037444477056,672.5413931598017,1517.9239177744587,649.5541327719912,2032.3006450999944,2974.411977973605,2669.004395370964,1488.8160449516656,2444.8066792762647,1444.7931790931564,3625.706457592476,1196.8483357223704,2162.5641470242904,1447.2123446155545,2025.5163753399506,6166.371165093836,1949.9132218918012,1814.4160244571815,533.2657760197502,2710.084548123577,2437.032719472756,1424.7522768981369,1051.6262510465224,1972.330763829798,2366.075313541473,774.7500575551019,2410.807787125737,1770.93831527607,665.3301607966512,3496.7084671080156,5976.060767530476,3699.81001015135,6124.389323528974,1789.1698079141636,1390.8849758322126,2063.766280909873,2431.299095617911,6314.366606563549,3623.2095232525426,743.9468752959202,4784.017648112829,1586.9023799761428,2648.509146761886,1597.8496818385572,5416.360148966897,2141.263993013125,5463.512102466347,2400.015953128993,637.5561305558413,2445.29412136882,924.938021624142,735.7130930090169,6413.145258702806,1120.1427291563728,1440.452169947479,2707.3903367803227,4796.080996591599,1434.7892625528366,1522.6355374728946,6442.788269600931,948.5742802313696,2313.474977732217,1879.7134065706025,3363.6498441214007,2073.2519414263315,2305.0572552078256,5706.60856658706,4790.889031651193,1806.830591333424,4758.4027570041135,6471.574918476314,2959.321848729314,3318.719333015531,6435.497237891589,2273.5059702641543,425.0557841869828,723.7266061414656,861.1988496805286,576.5554178642968,6435.444544875316,2035.545626771331,6242.79025974064,1076.4559339424943,1543.9773176286694,2088.690579782785,1052.3718237403557,674.4293426194176,1641.778744410376,947.9340350321717,1142.828008773457,1783.998641159088,1638.203042145469,1974.7344007699364,1914.2671365142908,5750.538086602575,6639.853334282288,1555.6089857131842,6129.3404064607275,6276.308242158672,2010.5244688960943,6234.9457693007935,1793.6953962447749,6273.725258663703,6697.087356361404,6300.056337921663,6111.116799925097,495.5649448013415,6230.117872658602,884.1893674869275,6385.124140478217,629.9606228073958,1625.748029482343,1578.0596003704425,6167.179758964524,969.7920679953302,5886.551458300693,6265.816629264926,2579.394729568451,989.9344027933897,7168.626012850735,2429.8234455681218,6235.148660362146,1124.2603794301774,6333.473207083122,6376.741427727839,2508.5720754706153,1573.38361718147,6030.13705080569,6283.358773221781,5521.298275707702,6416.24424678148,841.24593006538,5713.722340777378,4643.88291697893,913.1801432493994,5986.835307231975,6233.0428839395545,6174.38604965289,6384.773926061827,6404.958393049882,7227.689475876618,2796.092214622475,5906.522461573256,5719.096235980121,5766.092165830804,6234.827696591624,783.286827693599,6011.4732247892025,5975.315362650234,6203.250684211205,7399.355529883828,6222.1390075134095,6809.791652329856,2400.2481674654755,5496.593894518481,6215.436731912292,1666.1675919887311,7160.174712565556,4695.359027033687,6063.661404637296,1719.6053331784094,5741.781433028702,4525.336162635129,2605.097759970729,1040.4802555552394,6026.57112293912,5913.226636875127,6221.85089369414,5855.259940762258,5514.221704392226,4451.649434548123,6502.745466246462,6013.467480727303,6385.876077930056,6265.419595844633,6631.564235345914,6620.280956823392,3615.969980357175,3631.529607169306,2259.263088622612,4557.300571695605,4802.2824466218,6254.435255039847,21.80445228079045,4525.446416802229,6386.5602650075025,3197.010574155569,4739.231431768242,2840.3917016931987,2559.824332051357,6147.51030998057,5776.080032826135,6267.788962553558,6138.961392101262,6115.514482977853,5553.369279246477,6032.992308996784,2619.818988821788,5400.40486066859,5620.7141517552645,5861.673833808938,4814.542819494323,3686.3157322345587,6283.7820756922265,1316.5233570349994,5689.301665628979,5235.416794863726,5663.031326593729,6202.213848878338,5680.624661489956,6129.922517921296,4678.2847888414835,5873.179486715301,1396.2633856179646,6098.799301021868,5388.903989089709,360.15639485581164,6463.994049349168,6012.629411578302,1127.113818001543,1147.1589502107095,1005.9077697001317,1280.0514451939619,2928.8337226106605,6350.748589353063,5568.939279742193,5420.435580590298,3515.7531641299456,5609.419798386877,7920.943695829876,5998.219484845049,6478.568337672096,5750.857711568095,3001.3899578421283,5944.534718862141,3103.886518629572,4512.851946425025,4558.669541429583,6863.351984226161,1646.1605562629609,4552.061161220497,4769.280602633039,6133.677505278415,5862.802621846146,GA
13227,91.37392196636827,887.4023933991463,1881.8932293860046,3105.1091577895977,1173.143705756877,2778.0244474892634,3445.8762023556824,3401.479336973304,2533.4123524440984,333.96532619792407,734.9111000497353,1377.3672471636194,1464.3680877638571,1134.5687252310468,1142.4085809118747,868.0447853986133,1166.6616845540295,1168.3795409314218,1021.0191931154594,1016.111621120374,871.2518887030197,2509.436523057021,3021.626893850104,824.6082556260192,1044.0866983468043,863.2920426772815,744.2822442445145,3434.236641189997,1157.2832714071735,271.675085515565,800.9112685069642,709.084151740782,1324.6531020936625,7212.684090364326,1147.9897578194773,3365.165759137748,735.1170342761231,3386.850397082951,541.826055276657,1055.7248527728368,3323.4389485907727,3061.7604774540973,1425.7097373989359,606.399144354722,806.7946889863221,768.7974675922403,918.7739668296903,510.8541608971234,632.0428194862942,2552.556791319896,989.0222582336853,7100.465510160439,1323.2452881049353,961.053748564478,513.0400399613138,3095.4052230999896,2017.7133959395221,5411.026528286062,1066.9113279789324,1255.6497348349862,3029.675175297713,505.39543286987663,446.6661863953936,1198.9028049937306,728.5285024288222,3162.7410884586047,1397.2862097216773,2901.4492748156645,3084.485091111815,428.142724494158,3101.519119133287,795.9451738569051,2465.356297342249,7128.777421805728,940.9647939675074,2055.014798714967,7305.038342866303,1051.3172562689106,230.91969691047154,1306.7081835533545,702.6382018133859,1123.615384587837,400.5613151006568,519.4835194743583,1129.1163131491198,213.36375708061442,1204.5124877589994,748.0195153392634,156.98944569764632,1590.9265743220449,708.4546297087355,1052.4391476973037,510.0163400780828,2934.9043608218267,451.56017997437914,1470.66097283646,1862.7941035953727,605.9795249515657,1215.2936429807119,1224.3006349775799,871.4842246705208,1197.8838317156578,912.5560172095876,3176.953183309256,481.31396493875656,2575.358812158794,806.5548572307576,1476.0648518953878,398.2120489914306,1669.2575231038131,934.0454685698562,7039.00147911673,1038.652610771221,210.2046784912021,315.29975291265976,208.1507562973034,3465.175325093365,5335.93317413656,1040.68651986668,1463.247017801125,859.4050767676677,471.9099061728809,91.55604560341631,1596.9348829790586,3426.5854721780565,570.7354306931802,604.8939257678552,766.3944095796121,4514.963305721786,2388.7171160950143,1132.01925871437,3302.9500604619257,1727.7762622425596,2830.1553314651674,2634.511377712641,1071.3355333784689,3224.9489774763597,3181.832206701034,761.5775548345151,451.64750824682915,2471.161868909152,1053.0090865562213,727.8126614430706,1571.5077387550589,670.2932612229946,821.9634012629275,3492.973115697511,948.316959182405,938.9601064253952,678.3358927060352,1143.1749647869674,1606.5982879069645,1442.74401708523,828.3217625966647,516.7669041503551,1157.643680294269,1761.8446243354333,1914.6383354458446,262.5375411568384,1557.5895451699453,894.0826353062556,546.6533343602756,2469.3561936787883,2054.792067699761,1931.166008543916,622.3366576378203,1083.9055527546614,1147.400364733166,3281.8507435024144,516.0746088122083,2195.3266084094307,795.2468866051516,569.7215950681426,482.6757748076682,4268.477510556189,847.9614386851284,3430.815867435184,507.0134803060922,2698.6390561693715,293.1632449609268,779.8887865218452,2113.796244610256,1199.5006740679878,3367.5190343530385,1256.0096896719265,774.7717330129677,2660.5667123129747,2065.796740046917,297.8543119907224,925.3821008031813,2572.523048167142,12567.410873373528,6050.298918054724,659.2332617050444,611.5281782437082,869.7428646662189,630.4620149892669,786.9612169334438,2068.902949165792,1291.1356188256425,1082.163666836783,1520.9898629589745,2134.1795737414764,1301.765790897386,4528.837856653665,1009.8367400031143,2624.4045819851085,1472.3090481230238,1229.613959908011,795.0617228659723,1472.9492529686172,1074.6628697878778,842.4118760395207,1966.7553809002482,828.608875783486,2667.391855358145,1832.2046359261346,683.5639771023158,949.3129627411032,705.2581317320822,1562.8704294405075,732.4089231845572,3136.429165697577,2107.582170764836,467.9597355173645,1133.3070689452854,3299.174133047456,1198.1408355910428,927.6167415927457,5477.054983848941,2747.448723816547,2549.2233546258003,905.7069955685864,2117.483786318111,1618.2523936196408,573.2164188750836,1426.5079090802772,2480.546332562034,7147.048030374253,5555.495109160812,6010.171168296942,5458.326505018049,6170.524177373313,1192.3673339143675,754.840839875881,2198.858956077488,1398.8001080800354,3295.609582940787,1201.817271365802,3528.0740532802142,2475.1278410843074,3044.5764776637707,911.835571097964,3289.7407273473723,1412.3461438640973,5776.1416688964355,951.1445147716736,1851.385181832391,1228.0404988598414,3027.265552816357,4379.8650268030215,1531.6331526958984,359.9945236459169,1438.224311897375,659.8968341816882,3114.9543807274763,4337.335783119348,219.7432810250905,1039.0347426722967,1275.046397811552,2742.8114331805873,2599.264451877913,5790.267391405817,7118.982799875941,438.72476313926666,424.202532345293,394.50377083593764,1359.2511986078434,1520.7126980634227,5490.571150325502,3376.0671805528077,7153.8512028281575,454.0562739990832,950.4882396329527,326.001324953243,2371.1381884536986,1267.2027798573129,1287.3622445916326,883.0124705679863,1035.6212352686096,5161.6380317241965,1136.3103188772473,2051.075326981763,5891.886160487729,658.2209445456077,1743.7036429273835,4826.465111452449,460.70213207742717,1692.260252837023,2613.7101138525154,1236.1046649844402,6491.446305056303,1699.2253585361955,1026.4850516070692,10565.08012699148,2107.410480491351,1157.666970622817,2680.3643389465965,1504.8657295120602,975.7277914866776,1312.0329943985182,1285.4892599766386,836.7666757156595,1452.4484508045582,1743.5870300452755,1373.3706986413215,1477.1639436202952,3091.084955634241,1311.4268317731971,3271.3885270035994,2057.3591669867433,2284.557198868745,1132.4399550528115,1004.5382406360876,1404.0376155060653,1301.8672181184531,1475.7170864264278,1556.5241246893586,482.75095682723617,1299.9896536109086,436.99810582917985,1825.6553027295145,2829.1193993146185,2518.56544281955,1271.936336715349,2277.4180697248826,1349.2089077658025,3457.320123113971,980.2672521853414,2002.754324406904,1355.5062581094433,1857.14561122398,5955.958321213059,1732.6280494480145,1597.463830190911,561.1055977222773,2585.9884552351896,2612.672877023367,1268.05801684485,850.7908823114999,1837.320027795904,2544.3158903315043,655.590466121363,2230.727465074081,1601.001108192343,527.0882172354593,3369.770735712937,5764.714060680712,3543.106130858347,5917.1902355357615,1585.7239957744225,1183.6797910173268,1936.5521955373904,2297.3557159224647,6106.177458210777,3446.8430527026208,547.0769572543378,4580.82153073945,1462.3546494022278,2549.470526167082,1503.1616406051419,5209.831588356374,1931.9493590883249,5249.626945251685,2201.371263754382,849.7261324173375,2297.811446173981,712.4904985213951,551.6607358106744,6216.43001312991,913.9294439484456,1232.533393391578,2534.227744275253,4591.230408804812,1232.3412132955314,1428.3482769866064,6235.065341935803,778.0001031560643,2191.507302966268,1769.869284218717,3241.5552401508894,1948.3222607627945,2488.3037301181257,5503.228086013161,4585.578817243089,1696.9562486309594,4555.8064272407955,6263.807063744994,2872.18068465352,3148.2348202649505,6229.262868810655,2197.5345645219813,287.33903422835704,580.1241140406056,704.9699341402683,422.46315316642426,6227.310306345666,1859.149874014496,6032.7625113495105,959.727853720343,1416.0026720743151,1928.4581324745104,893.8660590392212,608.5738662743088,1423.4731799594522,810.6202958646775,948.328428627766,1667.9072144902618,1511.8041149741605,1803.163130751433,1847.6740309365287,5538.605650081689,6428.86585591622,1411.5313021974316,5915.53635811191,6070.95618414366,1796.9565836125641,6020.552692139592,1702.096249844491,6077.3007172540665,6485.862370348911,6085.466993739069,5897.686019599679,393.34124083422586,6018.758622788527,788.7052472608832,6169.961720902453,478.0030879674589,1454.024086949551,1425.5987477789583,5959.990046340698,820.6185079035316,5682.536031922027,6054.493321616625,2382.9712547614004,847.3971252339729,7080.036764630051,2335.927949250748,6028.975788281989,963.3246484247408,6125.201087386914,6167.585933204284,2310.8920409581924,1436.054000931711,5818.784231390424,6071.853065171407,5307.069484000067,6203.844889858581,780.5005562653575,5510.5128841420565,4443.312913757103,830.3265638602878,5773.136638093036,6026.693242529966,5962.701625993956,6171.472754460143,6198.224094787366,7132.791102986172,2603.1054534037216,5695.189741380981,5515.87904971969,5551.127852725226,6024.843340947406,607.3790259217711,5794.923782903983,5761.591713309022,5996.678475473561,7203.7173988090035,6015.8165666075965,6607.7277176375255,2204.87723406766,5279.782914072838,6007.8235670410495,1648.6898521025382,7068.291693259736,4493.800488130434,5852.791251036711,1557.5242720993485,5527.936095675395,4327.34573121829,2459.16589027107,869.7835940785394,5822.9239240336055,5704.208962050814,6005.774096156065,5642.405158798667,5298.944527938409,4254.72494030059,6296.587102393067,5801.945804647597,6176.920384004269,6059.343224720264,6436.075268240153,6424.824650518597,3439.705067388733,3453.594581882909,2130.95767283586,4360.01755414037,4600.1847060158225,6048.360899599444,211.05476708035255,4327.9700834629575,6190.129559912936,3098.903180324761,4537.2502975268935,2735.9507923951433,2441.8131142024513,5938.753367428455,5575.5847370749525,6064.254459106805,5929.878693144926,5906.730149072323,5339.863960536819,5829.499267940255,2509.9142309353674,5186.31564025038,5407.681929149298,5662.953877555541,4611.972220171036,3537.8994751134223,6080.378959343089,1329.7640684671087,5475.06957926226,5023.0826835169,5450.627784420827,5998.936980250965,5468.857439292031,5930.6377603948185,4475.370670870273,5673.2004781735795,1182.1016607857518,5896.111501741019,5180.669518678763,319.3340132281358,6267.800625472527,5810.322234733812,1140.1757780541832,1148.3689859108756,827.0549704831836,1113.2952793925192,2756.7000352163814,6135.212355599727,5362.865415797031,5207.5752392566465,3391.6429236749073,5402.971901847282,7719.673736604155,5790.974293582485,6265.8273756529015,5540.544720221355,2907.524863795059,5741.213901593962,3015.053358294694,4315.186257261128,4361.8706588077475,6669.092425747411,1511.4613638609271,4353.375176364093,4566.0295103166945,5935.6583568494125,5663.634810867949,GA
13229,328.1194145263131,1284.8065728697393,2231.9067723099515,3383.797227903209,1405.5876629755905,3076.7744309247937,3825.976907939072,3717.682307664369,2798.0779964270764,444.9001625163391,336.6061541144617,1782.4903032896066,1575.6858512872213,1264.2985493130607,1264.1187184481225,1211.653857117214,1279.8111109347599,1286.8352268429671,620.7518342060231,1136.6925506243213,1004.2457157340764,2856.5058383983333,3285.5395125533587,956.8797321063547,645.8695041955763,1260.4143344263389,376.96574433992953,3805.129927750628,1387.8689671410336,672.1532031541062,948.0280997069343,1107.0594616681237,1481.3479782179502,7486.055827708009,1265.6215156725475,3679.0207811546175,784.2778008106093,3703.8461736157137,594.4340810593689,1435.2784620417417,3648.295324182842,3336.9491053898564,1570.2284511790328,1000.3821091200639,1118.5630028814392,1031.4405391004066,537.5436736050239,884.174361314007,963.0145059528496,2170.913917456644,1383.2181273401154,7367.951467728871,1449.7326322641559,558.55877187983,107.83354275520037,3376.724521934735,2300.8395430285,5815.680601461861,1324.4176952808104,1647.4438489792046,3308.5961754804907,830.5022442480342,266.92120252609766,1496.1461920930765,817.6347078173526,3494.1212287471544,1499.8393236056827,3265.2422047329096,3361.5476791246692,823.7394992719079,3486.063158914419,827.5737505857028,2710.323250418255,7389.199181168677,1314.6408821767504,2285.007337619981,7585.150340443683,1372.4979092168594,491.83067764899147,1468.6579456617528,301.51011601518337,1523.901209538409,128.41457342974124,401.93044341620737,1367.9550044275545,393.8174822137872,1413.6037994090234,385.8510110813714,522.2489150878898,1719.6617966207446,1005.4759013797876,1453.0769978064764,484.6666266865819,3210.048340773099,568.0133847473106,1600.0938728675878,2200.530209737151,967.6296608993788,1558.0638852324946,1329.7380264208255,493.615231136962,1320.7605560340535,1243.362030607076,3484.6086182888325,422.88364667222197,2958.4351769544,441.42902315049713,1658.517630426216,774.6728780023793,1890.8163654850919,1098.3195196276376,7296.676010126256,1443.6309174815115,560.6781798782426,305.0239316112313,454.7726054465138,3827.6426740083,5741.1567718550805,1135.0340526077148,1863.5801925215912,1216.648643996166,359.6706108131781,495.0289489343076,1853.859669918442,3778.3511942739256,750.4581337992336,516.8815952250129,1065.3565402450074,4918.318369574483,2775.80388202882,757.1794913269654,3667.257318799306,2133.10865521518,3215.059931767693,2257.0980393497643,1194.4524233378431,3510.2146711008586,3558.6458403611355,857.1805443831599,230.3374160590076,2841.977308211759,1199.0143481037487,1103.022501461358,1859.0630972029214,265.8683182124884,1207.9893615911658,3878.525774480093,1298.2109733387097,1344.3154775226815,828.7722559393345,1536.9657116235724,1662.983391547482,1530.2139129738732,1233.6745897901249,694.9177754474832,1548.5327408129126,1894.591112950456,2302.8273141326104,225.35079144799926,1607.539748349527,1102.6375215546457,579.4532361557859,2082.969309666971,2393.405394994424,2333.507042936072,662.9220862570584,1252.1088059207632,1517.249087254086,3575.7569873732473,509.4691494412565,2530.35658720776,391.8245437643599,185.1141352761691,887.9850097323673,4668.211495221629,942.420717153739,3754.432545577422,782.8373294806738,2319.012463922431,569.7432518246893,829.6640491061737,2426.2414307133795,1340.0671429254382,3674.620693473677,1661.2646358845286,1179.6686822944234,3051.1180205816177,2408.9443959467026,408.9877369783966,1287.5769247727205,2940.7806960609296,12945.30031701974,6454.906014970377,1058.5511728750027,942.9096940044087,1245.5977163760178,576.7731775025825,1023.2317758476672,2473.0778489648073,1676.3737612131201,1290.8958815878439,1921.9438102496936,2463.1470256018843,1484.4395125497683,4930.517401390113,1364.1480698410326,2933.2236091450263,1545.2537575027366,1627.3558978004983,1146.705237805882,1662.81724437283,1338.2116921925399,1230.5610506301875,2258.703360708774,981.4600704644606,3053.402814842091,2237.502467633436,633.9236301020567,1351.4108032353,1109.6107394316005,1601.9148429398867,935.9075994159784,3430.8865746967076,2458.7967839581893,780.6302064164557,1338.9558786186694,3617.292096663077,1602.2055849354022,1206.6433518186798,5881.339580656352,3112.853413980159,2163.2670381582984,1211.8994156753806,2490.938615580175,1721.1989217364655,719.0590601631317,1651.9840166299796,2822.742401264973,7417.526698039882,5957.135446947111,6414.596821663701,5859.418025879256,6575.786719359336,1351.0397713931795,1159.6539235634725,2600.8647169581386,1520.3139327555816,3672.8184582328577,1569.9171744476027,3870.1886161434772,2761.3916451424748,3425.528521381408,987.9866076497807,3671.0885945137156,1792.7719483977844,6176.240556310354,1060.885046074942,2104.210855232573,1423.4504405400187,3406.504280441769,4781.619221519142,1734.3282061664029,307.6346870841038,1521.7066540276844,653.2371617576964,3491.601003658991,4738.7501854167795,288.07435320951674,1250.1660633004444,1551.753085075445,3100.7960253143847,2962.5846212999963,6193.090868253478,7387.417121624024,391.33629292423035,119.82659508367142,642.5879477088612,1755.7162720274812,1644.783730159504,5894.154980233798,3714.985441452205,7422.075556256684,71.47817861437505,1298.9312360775396,189.29359914044812,2750.499191921845,1380.9685407124705,1550.1098657580244,1129.6674780170495,1440.6585127187757,5565.97155033533,1327.4412649074625,2381.649099555173,6295.143891312055,901.3547776161121,2139.575392846175,5230.361502968272,627.3009628434918,2096.605064694684,2232.967184579687,1596.5700442528698,6889.672395315924,2101.715690012443,1139.8993278924354,10691.54130754508,2492.1111400449327,1473.4344800743268,3062.54486305327,1840.4377967234173,1185.3722730884172,1706.6998930298623,1506.0518029598074,1013.3458964054796,1838.1384299442288,1982.7817918361663,1594.0979939948745,1562.9594872971054,3406.2177667107253,1667.8092244449606,3561.909868456913,2457.1360671181405,2642.7204974410183,1537.4665420210442,1196.6308711465765,1757.4167600387998,1704.8219327024958,1880.9107601605122,1961.1793910749311,875.1890180890933,1687.0118166869368,842.3506068248117,2230.191641401668,3173.010791714537,2869.1278455885413,1652.3683541411838,2648.1976752247115,1448.2244015247861,3829.0102116286025,1360.600605864551,2364.9312306080224,1446.7108602388125,2229.1399104581437,6361.311710272248,2133.09678563262,1998.8525933895232,676.3141439279102,2902.0195793211715,2233.618944741366,1627.1923323454125,1252.0041448446402,2168.9538569984293,2162.3171759600064,825.5953141697564,2615.064285994479,1974.79080767821,741.9462183481564,3688.9401766121528,6169.993961845134,3900.983809584043,6322.102305277774,1988.8128461113092,1530.5373316968564,2091.7597116112474,2626.96099479114,6511.324633946826,3827.3055078047223,945.1704894461618,4984.105086993327,1617.782919213078,2830.1567986238115,1597.5721331870031,5614.529716526639,2337.183962926525,5654.008499069618,2601.7345817140063,446.31116709792656,2644.834464295395,1117.830191031341,939.3071053461557,6615.722578413471,1318.0170864499405,1637.3573344907074,2911.3295946917406,4995.282448624441,1634.7656512095746,1523.2662635539734,6640.114567016174,1152.7767932165664,2505.199219472753,1891.040452090784,3554.140465436264,2266.4564469880834,2100.871537550694,5906.638329219582,4989.819176193644,1819.0812098034376,4958.778853462609,6668.867023654364,3134.6499021350623,3522.323867866853,6633.886945674642,2444.8938741448433,628.7039913743233,925.9568200531425,944.742218830755,780.455569421359,6632.448131987009,2239.7433304567558,6438.115983023493,1110.9584383367016,1579.226153396604,2291.169367947631,1131.7877517443235,856.7078239555631,1818.668100240167,1147.9655421869375,1345.2113119992384,1803.0773327208374,1832.881465264252,2178.6661789015834,2082.2551514095608,5943.781120788442,6834.183577948932,1608.410584911071,6319.941730875788,6475.256203963111,2201.8016339217397,6424.539006655245,1974.4542836245016,6476.375641827769,6891.15271527191,6489.28753424456,6302.304942797457,693.2131111234129,6424.034370112569,1073.1703090379199,6573.218930489688,722.218853503813,1829.7759140952246,1640.127765969727,6364.900314761551,1041.6750096981314,6086.25516841122,6459.773877887551,2781.80174426978,1054.0837804915484,7340.8483688251845,2609.575617594529,6433.574918257668,1204.5054316945373,6530.364410024375,6572.882021642742,2710.611646462506,1771.4122352344564,6224.062757751092,6477.105464077284,5711.214713913117,6608.8830509588915,1017.4488462971243,5913.838394660587,4845.123645845345,921.1743052645211,6177.610867136935,6431.351537270739,6367.923170458264,6576.149526196145,6603.007449265287,7403.260994854261,2999.3079774049575,6100.472250846924,5919.208606837493,5954.6283955840345,6430.195776989446,891.2927148845964,6196.124234199448,6166.051575576153,6401.407862660518,7602.235802559078,6420.465654078259,7010.4847197199215,2602.8943064799164,5680.466024649973,6412.843478145185,1806.9501198086264,7334.179721114047,4896.197790628004,6258.122362643529,1922.5903931467662,5932.330837539615,4727.468315610041,2804.115194748809,1134.1076033234594,6226.473847221407,6109.4852999691575,6407.8177720888425,6047.294923430177,5702.128726704776,4654.089290594435,6701.186824694108,6207.198425496757,6582.192778176742,6463.909850210121,6834.4593929144485,6823.183537040693,3820.0601502628774,3835.7064057914727,2453.3026141474547,4759.644878614276,5002.889784027187,6452.92659048995,201.39443025654418,4727.732925177827,6589.212589068513,3377.2965954599367,4939.887957400883,3024.131654965953,2749.662744938661,6343.9962482612245,5977.398387514189,6467.757060200209,6335.164779593479,6311.9767353752195,5744.462662547048,6232.974882871271,2806.2853773722204,5590.565739003552,5812.505333082487,6063.632385268327,5014.933543348806,3885.434886020823,6483.81795668451,1440.7711377050348,5879.204252557448,5428.164704656673,5855.679700988685,6402.3112971893215,5874.0692386120545,6331.699152202412,4878.505656952366,6074.69765173407,1586.8409946399613,6299.182208513717,5585.812879323786,548.3963539734913,6666.710316804326,6213.187879621737,1255.147368518249,1282.8372789188195,1110.1172771021754,1483.8551428081892,3132.6569803020616,6538.028147784487,5767.414904313242,5612.4747442726575,3706.897514914538,5807.6486109407015,8122.011186394274,6195.896598294856,6670.746208053202,5945.899982207368,3179.956256959124,6144.6022510614575,3279.8011837641247,4715.0818040973245,4761.149829410952,7066.52672926986,1687.190822824283,4753.973542944627,4969.340035946132,6335.868952577138,6064.6103861213205,GA
13231,60.825503623300136,1035.1796658421963,1958.2123481848678,3140.8909633002186,1179.3491507692504,2824.17133898269,3545.422844885133,3458.016219008695,2561.1732917119816,394.6515901318792,595.8456442266847,1515.1240045276763,1561.0747032526453,1093.4821201722673,1239.4134448756718,1018.3309203132817,1261.2755211502108,1264.663947977573,881.2483801489681,1111.155334092076,967.8637927754527,2584.331711387911,3049.744649293496,920.0683041029305,902.7666102676443,1011.2627508689183,595.813511235157,3526.3868568242133,1162.4173818559498,397.1772350088128,900.6384679294059,827.9017944234522,1297.0032885610472,7248.091486548951,1102.1169162185925,3420.329828032827,654.2892626047659,3443.83436215575,599.338748819695,1154.1942523429545,3384.984090660077,3095.678068192642,1393.7420823502387,756.3076009487651,951.623679857428,901.9320262970211,771.6976227133117,662.9877778589936,779.4140267091472,2450.8111847111827,1137.9864984335659,7132.917106143354,1423.4725297399118,823.6551397881383,385.2316311436908,3132.5501122472356,2054.0865455496405,5540.3726269602885,1201.354352577385,1366.2483495136726,3065.4917152237163,558.6622517614337,405.8571903525117,1240.318577977435,807.2021209857422,3228.111428033412,1490.7880124719265,2988.1510061888202,3119.3989714544405,578.2328990555875,3204.918103484398,856.7739122334998,2483.1665688464705,7157.785344617209,1093.1188009026018,2064.5436042625424,7343.863473258222,1106.598107953589,225.99389404625128,1417.3020516638996,565.9794000237498,1245.2228741814315,316.9082976646133,510.9355247200661,1259.3564320360679,283.2133845136607,1327.5129897570273,598.7693623418223,304.41612681923664,1693.6874232332373,745.6927745052393,1197.8264738958467,393.34087817744285,2968.64346614893,526.8015998754635,1572.8787770301712,1930.9099461674234,757.5492487688748,1285.4802797524605,1317.1225994712602,723.9389068631492,1295.847352258109,973.434139596798,3228.455302031309,353.47098141118965,2677.3900620269587,657.2546147344273,1593.5252971509922,550.3340440428728,1673.2826408207566,1041.4350281793377,7066.64713073378,1171.0215453824092,279.6287119858266,317.20791387683084,310.8352678574961,3551.0990568819957,5471.688924496307,1127.7166156919102,1584.6360308427218,939.050081770544,331.77038109587573,228.9291075760091,1618.16766064797,3505.095159402944,539.2881357940022,614.006575118103,908.263395741075,4640.975659503055,2494.4369544088,982.7836119425012,3390.1552609095365,1861.916854182407,2933.862435791266,2536.0146468907074,1167.9226408815382,3264.3062744198405,3278.613494707772,699.3063681339113,299.5797459949697,2562.9955279750493,1156.4276956130932,879.9916008247478,1609.0157258485467,537.9448032084426,973.1984547298903,3597.3137046135553,1099.445305978441,1074.9214041470343,776.1316379733473,1292.060816759246,1541.8181516353434,1388.1452556440768,964.9036660454911,618.1714171185854,1307.4223478192446,1866.6744525130634,2021.4141515870804,227.4093009929022,1490.1535684780608,885.1411732132908,451.29631137787885,2363.744556175337,2123.729053281979,2055.7111678021315,533.8952352455361,1194.3263862913886,1299.5899687525591,3325.8746190494862,549.4988932756256,2262.138693418611,660.0648846448199,428.09156143743553,619.3455817452551,4388.327867547486,787.5413321213373,3491.694829042894,639.4147533987649,2598.4967644703947,417.46139933444687,846.5616694551293,2166.7875413609368,1302.866937177512,3418.8649921186397,1393.1026724111346,914.6792304764464,2769.7130795784155,2137.703087194392,207.3658091336869,1077.3833071374993,2662.426232747116,12665.650141256478,6179.429025233309,780.1697347993469,758.8314187674138,1021.851592797415,653.8548188042705,913.2434844881743,2197.4756046297234,1394.993920371876,1204.1020378613748,1665.482905189216,2197.1240635455883,1285.377030422824,4651.674018945686,1161.4203816865354,2676.014407278187,1557.1036807386893,1376.636395961143,946.0940463306856,1592.4141363986826,1210.5945188827334,949.2293529529358,2007.8241811567448,792.2945240945138,2772.1100187282427,1968.3218547335025,711.1072048452185,1093.5719969242157,846.9099254279683,1491.6440210046771,717.850256100018,3180.6136542667564,2184.949999075495,609.530786545587,1254.8332738695199,3356.746333265653,1339.1931245727142,1066.1973436637104,5605.249727727275,2835.277838339401,2443.9893129285856,950.636824152364,2211.2767135177387,1570.9320237761926,665.8531616430629,1431.1125993751798,2552.223138974377,7180.994648044608,5678.1842120762785,6148.681816766706,5601.42024699705,6305.90266803865,1164.2657538854844,887.1745628112175,2322.6784665842247,1498.1232701522406,3392.7316290456,1290.6753259152088,3600.329749525932,2514.071343138787,3144.8029380545318,990.6807066056084,3390.335263025461,1511.7658222746757,5920.025796693445,899.0293075603807,1871.4881032923367,1216.8345412470787,3126.0323643633974,4502.84222862023,1526.0556182681353,220.73239882630799,1526.0906524426441,702.0581050172658,3211.5883076667665,4459.748285062725,82.12069957277738,1033.3381074226122,1305.2288305202235,2825.291422349817,2685.500673419675,5915.07142739756,7151.908472837972,448.43786275241183,277.3424372024333,392.9050920322989,1475.3056576374845,1621.6570840476265,5616.997631103829,3446.228686069941,7186.685259684862,342.06984353719804,1023.8584155075267,173.87493251066974,2469.8953855194627,1363.0396213198474,1310.0627264085986,893.4865953875097,1174.3145881347048,5290.003355327398,1253.835277709096,2114.9058700108903,6017.565492492584,784.3845773775801,1858.8699292291287,4953.697095831869,416.9843177257019,1832.1579172623287,2512.683255723511,1388.1720406311954,6609.131305701504,1824.1788016129806,977.1620727695783,10537.676102144154,2210.8637188268003,1210.0423073396519,2781.6142781398557,1570.9391386654806,968.5084312361008,1460.3884439197875,1412.035372538517,946.3738608485723,1603.1423852509388,1756.4919978081082,1500.4405523155724,1566.059631574691,3146.7712541331434,1463.3413945387854,3313.5841026893177,2177.627379566582,2366.909338118827,1264.8845520553498,1121.0416438156992,1482.0657599610502,1444.5130235539496,1612.9656879812117,1695.7778637889273,594.9557011895365,1450.5387741345721,574.8998921917613,1955.4528876347028,2902.145675959455,2595.8060548608137,1423.494886137451,2369.151425099832,1441.2086861423459,3550.0876924381264,1132.0243544700909,2087.8192659943384,1445.1135816922135,1949.6490919872765,6090.05163089587,1877.3358021840907,1741.4945334798872,499.1140042162424,2641.712854948899,2512.9384024117558,1350.0721119886898,974.3484405041264,1901.4942847930936,2442.288789298684,759.148070493457,2333.8593603976315,1694.8219503933924,641.2371868144212,3428.0030421235674,5899.985046583848,3625.8198692582746,6047.4629848585655,1711.9672619149087,1334.814598680695,2048.5170922808024,2360.895030840318,6237.594205659812,3546.6964728212797,666.5548950777043,4706.672441129914,1572.1361692797625,2585.562302270324,1594.938231211984,5339.351149130958,2064.878939784528,5388.326742758921,2322.4761505418714,714.128905105245,2372.510132512817,849.8461184192787,658.1639630066303,6335.546038042749,1043.4387420415287,1363.9213333039318,2631.121666324801,4718.8848496090695,1357.5478485411975,1519.7237253403775,6365.9372404744945,871.9314451228314,2245.350813727303,1871.3332497309952,3295.9014290775153,2004.391881295097,2381.8065958108077,5629.266032086474,4713.742329770822,1798.3382934822696,4681.013801765473,6394.730623388706,2899.3683384928386,3242.8183787071193,6358.434980024829,2215.9097680305467,349.7194008724397,649.6164996254543,830.9946885587269,500.6348261605512,6358.660972843228,1958.8564166686826,6166.3800777053575,1063.5045379795024,1527.7237999447373,2013.864106414842,1021.8888915657236,614.8292083319958,1571.4990072134658,875.4292251602678,1065.247684502157,1772.9823391875739,1568.7058106892719,1898.502586264248,1858.7188947411926,5674.637223034985,6563.668561206487,1532.5531265995162,6054.104065719905,6199.1439394494555,1935.4276528872144,6159.972948901491,1731.8083719726408,6196.125397356459,6620.964635605744,6225.178228515493,6035.727816765642,426.1768049264372,6154.040525874503,819.2908611172808,6310.550713268306,599.9608217018092,1549.3975324122234,1551.3411872484164,6090.251404784854,943.0974686862927,5809.259843299045,6189.728668734871,2501.802976061091,966.1322904543114,7109.216357030471,2367.952418601829,6158.081289372109,1092.8836186592232,6256.714735745949,6300.1452256396,2431.002908359529,1501.831520389147,5954.061910773786,6207.321415281395,5446.265284469552,6340.477036653405,784.2224181944575,5636.3664618257035,4566.3805513086045,912.3088390976584,5911.557861423173,6155.998000206623,6098.40224121304,6309.328452909149,6327.962199145619,7166.728528075397,2718.5096386949317,5830.444324696067,5641.740889047696,5691.422670365019,6158.4079286612705,743.8763163043062,5937.87984743036,5900.04861200566,6126.23538748299,7321.7582753756005,6145.090775156019,6732.348678938711,2322.6493637041235,5423.253860729154,6138.571798507011,1624.0665800588815,7099.9461352966955,4617.905807676283,5987.456996178697,1644.3924733253743,5666.57180604883,4447.7547881376895,2532.622953624981,1004.3865201241499,5949.246594253241,5836.6115421095665,6147.874126710785,5779.660494182334,5439.736312879544,4374.0539962132725,6425.672817583559,5937.4400609023105,6309.2409582212085,6188.339825691127,6553.967222399805,6542.684160847867,3539.46654969702,3554.865669900358,2189.8516016912185,4479.70850731642,4724.859976917232,6177.355380643676,81.84368890606288,4447.856892813412,6308.960389046359,3134.524680737771,4661.8025093897995,2776.2989616438026,2492.641082552175,6070.841677077879,5698.565279326667,6190.4528077342775,6062.354930879461,6038.8514919706795,5478.02325069322,5955.655204342842,2554.40412178595,5325.311303163228,5545.1845304479175,5784.101748434056,4737.1513281579355,3613.6549107465416,6206.435344305148,1283.2667270740885,5614.265852985456,5159.65513922306,5587.281722751469,6124.858124146784,5604.675755105127,6052.363710462337,4600.919749579251,5795.644131841199,1321.5866395975995,6021.401835910966,5312.155566088014,300.53256649548644,6386.394149412426,5935.207608097937,1093.1265447308767,1109.4285602739478,965.8064046366707,1204.0461515006575,2852.703352666002,6276.400400451014,5491.869175331459,5344.848690834621,3447.6276608997878,5532.39690295433,7843.451539572461,5921.301875967359,6402.91550984877,5674.522656022108,2939.8290999109277,5867.184961280444,3043.5836440238068,4435.265191973306,4481.07284881987,6785.769949934626,1627.2598508735273,4474.494603149284,4691.939908844662,6056.091107302278,5785.241747387157,GA
13233,80.82125790806836,918.4547425193331,1845.940772991944,3049.771449741168,1105.5316078321696,2727.073622655073,3425.119575022775,3355.590064678965,2474.639823219087,410.8980524421399,720.4178242749301,1391.5791861482417,1546.4149704863337,1055.6249204896117,1224.481539395132,927.5571326772173,1248.7722093118891,1250.4653250817348,1005.4343857993221,1098.2256680421722,953.3613755820743,2472.9550627632125,2963.172947053453,906.7267443536173,1026.48540658774,894.8257663968042,715.6136227410324,3408.472973962104,1089.3040859166279,272.75759091955865,882.9750634772612,702.9487854257742,1248.381082982454,7157.778640459797,1068.3479322934393,3318.600628364475,653.0841005461839,3341.176523562398,619.7005406555114,1033.322536015279,3280.0267170762654,3005.6402916995976,1348.669294889794,643.7310038977373,874.7542187860535,844.6742581684459,892.4458192100949,563.7668345495608,697.6617569802303,2570.90610161274,1022.6892128463036,7044.341398719115,1405.1733823175618,948.355247939572,509.8299070995469,3040.634553035045,1962.1429825504447,5415.287641663321,1141.6082055375693,1242.6680146351264,2974.329112091651,453.8099549647155,492.892493400309,1144.5979309948127,809.8129930259244,3121.2629354373457,1479.3980887719495,2872.105292723039,3028.781572755061,467.18138287156495,3083.4734252764,875.1307835008107,2402.834643228677,7071.281088504299,988.3736213325856,1989.4210333053293,7251.57372277903,1003.1687653353513,152.3215556860852,1387.7380545629328,690.9179711956713,1120.2155051096827,425.5753342942979,579.1538693631187,1205.568576209043,290.074485231038,1283.2279746133995,717.6141600912134,229.10940464178836,1672.6515228371698,650.8593227417315,1078.462641674906,434.4248981757232,2878.6710194231573,531.8332209045603,1552.446350736915,1822.2500988361123,662.3500542823007,1175.2482511554865,1306.4191508754202,844.3597530125536,1279.9233411966204,866.898996471753,3128.5938571409797,410.3537112152913,2556.2341125146563,775.8619260290068,1555.8900193133904,452.32095129283937,1601.5998705855798,1015.6147128578103,6980.9643126059855,1046.4286958735916,162.2268910182189,375.2545519167841,289.90537119420634,3435.4576745182776,5347.2810714415,1122.684104875369,1459.6894860718335,824.1853790718634,408.51591669215037,115.55989280922718,1535.0605010351087,3392.4155723115887,491.9860405900145,671.1032515171245,837.1350600653403,4515.887188561405,2372.2761119785073,1100.855828683336,3274.001748711549,1737.4302473429975,2812.295891480846,2655.091824805557,1153.4253019923713,3171.1534259341547,3159.124657898683,679.8518723357666,407.89830834608284,2444.9943579687288,1134.8262610181384,776.4140515890064,1516.038366372802,663.0462720197858,863.2439571097507,3475.664151513837,1005.1961240569368,951.11604234479,760.452023436596,1176.4194474740054,1525.1513554291564,1362.206692927778,841.3706630862849,598.8745871418288,1193.24533505853,1843.3704300918205,1898.8876255437287,306.2939854555243,1475.9420023626687,821.4361565024057,466.162219109102,2484.9623591646773,2014.8073494318394,1930.63337708986,540.8583627448767,1165.0690898151704,1195.3272059244807,3230.1033998033367,588.493337604151,2154.272209565643,785.0829465618018,552.3291118777737,496.51939233497535,4263.6872604149985,766.4436625127928,3387.0908308475337,584.104206091719,2718.1215011948943,373.84320593444124,859.8927028673722,2065.7242606953987,1281.2743364498265,3319.1353958564027,1269.4158490967616,792.414730286078,2646.795587343709,2027.4478769478067,219.39696265680482,977.9844202938035,2545.1284019379164,12546.216817688148,6054.335600945356,655.0942465109415,677.3410174303248,916.6136268056856,700.972040570334,865.2930321346872,2072.400501960175,1272.9024571703685,1161.2637736900415,1545.0543885593986,2091.065016956629,1228.0123895155984,4526.751740394507,1064.7733882987136,2575.917478204347,1554.2991768331246,1258.587630982046,852.6943091603398,1552.3486867590507,1148.5845978815134,826.0700216970555,1913.1536285501406,749.9323949081652,2650.252533480595,1844.2143232429626,755.4385411183832,973.4797957989173,725.6260462581491,1481.0091796503802,657.8108523993764,3084.713317065772,2072.356238094966,540.3206615484769,1212.4597850414073,3253.7683047121996,1216.994507582931,1000.260292884794,5480.141864820702,2718.7763212053273,2565.11739931333,852.2788594746905,2092.5049614621107,1538.7455051219622,655.2313448987131,1358.7734266095254,2442.252732281643,7091.536042133257,5553.28801859497,6024.914116652681,5479.522793921989,6181.407717896998,1115.8436233167436,762.7439573774284,2197.6387665019456,1480.7581147511053,3273.152350726339,1172.9966633528145,3490.3801623877307,2420.8931866758803,3024.2427570950176,993.300897421954,3269.7025946864696,1390.9303509979864,5798.565794094049,870.5013477157152,1789.3271693995548,1155.4932113826458,3005.904028161471,4377.906958566781,1460.988429228558,298.4474884704417,1520.3000055891696,735.1784272293845,3092.1355196660284,4334.856115716433,166.16013441962107,967.62312717616,1216.1776531292587,2710.837254269068,2569.5537141751824,5790.038064852712,7063.052335465825,503.58039685812895,399.98450366278513,320.5541065627113,1350.886070492136,1602.5680008346235,5491.902982676707,3337.1948822007544,7097.886366801097,462.6564263540883,911.7620271166182,288.9399524956347,2349.6376606726803,1349.288607424246,1225.631725823735,816.0694915295704,1051.2730233598136,5164.897806932191,1216.3314208451336,2008.37462736776,5892.494771857215,736.8774881305693,1734.6693411310455,4828.588654901666,379.746188564893,1709.23419950302,2632.5686466423444,1287.5007212582989,6484.826743845615,1699.0831618299344,946.25658196642,10490.320419972808,2089.2162651080107,1108.3178201931767,2660.697483313865,1462.9332829918355,903.7547207999215,1343.8193952102542,1363.0944828031488,918.190150589469,1490.6203434603244,1678.8996541028366,1450.7322862404726,1559.2609653453098,3044.701953693167,1364.007138050236,3218.8331170770384,2052.835040885675,2252.3594859829277,1140.2682792763699,1084.85846468224,1368.7130976832304,1323.0575281918232,1489.2366570256354,1572.6598561075016,470.37125295046593,1337.8111355054618,452.72712705571456,1830.45024681492,2791.688487433412,2483.4300582863834,1313.9389736990902,2251.1268677887606,1431.3274314180428,3431.964588962863,1023.8699077896764,1972.100036194482,1437.607300432154,1831.2007669900281,5965.355643008565,1756.956282167769,1620.7118896445074,479.1587147708143,2539.4578130914592,2632.4134016487883,1234.984084320758,849.2423258870976,1794.663720301302,2562.4684160337342,737.5786320387953,2212.328638463864,1575.805017005065,608.4025356150286,3324.7079039907194,5775.47874772347,3511.443340744362,5922.412291188551,1586.8575783668948,1240.078365932962,2017.1845162652633,2254.629819483469,6112.6119897834915,3426.301909097615,541.4913795699073,4581.588953612486,1543.4271770723374,2494.065022373612,1585.280146538483,5214.272882023386,1940.177818339785,5264.638065428972,2197.618886013623,839.0949097921267,2261.137873143213,726.7061445605055,534.565629956046,6211.038479759994,918.5490580909917,1239.137440714572,2511.473652819103,4593.775046542542,1232.4386460929113,1510.4662101613535,6240.917389803388,751.9326151479794,2143.8868829830226,1851.6546623712507,3194.565075648318,1901.6374529353202,2503.274717382666,5504.181654086465,4588.635575824791,1778.7573729877868,4555.952806632962,6269.7137543703675,2813.315718776015,3124.035272320041,6233.3420773945445,2135.080701129585,237.37525097811158,537.8031467631341,783.5517733697159,384.19198458044787,6233.672957606321,1838.1609575644445,6041.618942334521,1041.5576340214834,1496.8340772879214,1897.9802697466848,971.4531718759911,539.0079885606788,1454.41405347805,766.7334292985789,940.5749553863598,1749.4293568267276,1465.1617218683912,1779.104578692706,1782.4421009625355,5550.2787393274475,6439.07193770316,1490.600947897096,5930.355595799321,6074.035406558007,1811.972132643432,6036.485795129568,1643.5648977480905,6071.653455950601,6496.41636696132,6101.786666096212,5911.831830372386,331.02556363397173,6029.531288636873,728.7318720150455,6187.475192588101,558.225973112132,1429.793554132114,1503.351549234466,5965.1999016241025,899.9150341006135,5684.159608276949,6065.2106407696865,2377.191510909041,927.4714952280588,7022.604113896642,2278.7542395787104,6032.987316619013,1040.2597353382384,6131.73959033479,6175.2616547937205,2306.2463188725033,1393.8909145857472,5829.5557295979515,6082.844418574904,5322.728469398388,6216.2295259043985,711.0500068221927,5511.287855721902,4441.439687525787,911.9681151691756,5787.771084185797,6030.90935428773,5973.970277853396,6185.375733007039,6202.887112900919,7077.274202458364,2594.3930425611293,5705.936526326652,5516.662039538375,5568.2571422151195,6033.640159678587,682.1508504720841,5815.893247009431,5776.272416536416,6001.154735446117,7197.414933626375,6020.001299842093,6607.330453847137,2198.1514231752626,5301.575358128344,6013.546114433323,1573.3581799907233,7011.843470817594,4492.898147541834,5862.848195649622,1527.7442598620025,5542.854893834448,4323.0531934072305,2421.8553486101096,944.7486386324088,5824.155611332191,5711.717774591461,6025.449961413927,5655.569695931313,5316.771956537255,4249.474854387493,6300.577592146161,5812.973026131699,6184.333992479116,6063.243193754822,6429.63144039126,6418.352849829267,3419.0984195284896,3434.0580320773133,2085.781597650007,4355.0890354861385,4599.823161869063,6052.258731263339,203.5577462113453,4323.213729866567,6184.4897529379,3043.4970157488533,4536.771189328106,2682.4251602804293,2392.882963291596,5945.915807453647,5573.646277340216,6065.366029706634,5937.465757108304,5913.928937758933,5354.175706153364,5830.568747362163,2458.1151173750727,5201.715416666491,5421.1612562759665,5659.3487924870815,4612.091939935203,3502.1678390238812,6081.352806881221,1250.1938299233282,5490.7233769800605,5035.423720125585,5463.056598023282,5999.779535322621,5480.276863725757,5927.557471845749,4475.845324837893,5670.769802215462,1198.7343824582927,5896.346544347236,5187.187585577712,240.37980651304161,6261.956843103958,5810.170351160613,1060.3636327028514,1069.7876681411558,899.8209715795883,1085.6176882211994,2733.3858787812533,6153.5662817784705,5366.774885928076,5220.774451659378,3345.482131525261,5407.314470013883,7718.493328242435,5796.254682653207,6278.769869454935,5549.817299639839,2850.6987415268004,5742.10365946696,2956.7588767216807,4310.599792686593,4356.512466404658,6661.6228636616825,1591.5902753680084,4349.719814015684,4566.854581366545,5931.419393269269,5660.4431463996225,GA
13235,178.75844667429408,1151.031241323781,2078.374855699445,3243.5908779035685,1271.548146551538,2932.0747500019856,3670.6796017037173,3569.9731142983323,2660.465160926163,405.2940188650897,472.0992139690615,1638.438052717897,1573.0559653495973,1155.8604927524204,1254.330718954916,1109.0772542960062,1273.5287072190993,1278.5880567382394,758.126750913669,1125.5442939608404,985.9272086656024,2703.5817224721422,3148.6253785355634,937.8184986545576,780.6784618763089,1126.8732780260914,482.75395263148147,3650.112323728781,1254.1469833858453,522.5361543705375,923.0384571646409,954.8044974770644,1367.1646079258187,7348.743992931009,1160.752842602941,3531.732705173324,691.6206304825491,3555.984747624389,592.0748341732942,1280.063387092022,3499.009006537165,3197.489105435484,1460.1259801123695,869.1003085747534,1029.9020269085668,962.4598729024216,655.765316445912,764.7654019568275,864.2854586696492,2326.118344531498,1252.1270558241429,7232.043306679898,1440.1134504873535,699.2391306205168,258.1590516189376,3235.9299465176223,2158.492751794526,5666.523838180545,1260.8815017368613,1493.189753190065,3168.278314456573,677.0493568014822,330.70762058072523,1349.330625292312,811.3540252357756,3343.6877671677235,1499.954643543043,3110.662861617314,3221.6867153847998,690.9649774138488,3330.8493647354426,843.5967943282132,2577.2482043474147,7255.050322282251,1196.829228745831,2154.8187549054387,7446.252689961965,1221.5715810812096,338.9976838452488,1445.2841716297642,440.98189110623014,1372.064397742159,214.89556140777714,453.9944915634904,1312.580552504742,317.75278768900023,1370.8315846375772,487.52406360167976,399.8382265352397,1711.298549761782,856.4525952737092,1316.2283733144436,402.807828231091,3070.4899983430473,538.9522199405692,1590.6048120155986,2048.4832715626667,854.7020672964426,1404.793868679081,1327.0231187393642,608.8337268967888,1311.201907657923,1090.882804560048,3338.409606320536,348.7628285423915,2803.190366849242,545.9295411548504,1628.4005814346249,652.7772359412402,1761.602487760208,1069.583784565856,7163.193168391078,1296.0758074376433,405.538492260248,290.1016657637168,365.76723419805455,3673.2461181330873,5596.098549655424,1133.9470791212566,1711.5456626288117,1061.7925007126623,303.3859554414415,349.39928411019895,1716.1904084061096,3625.085072496322,619.8910497345984,565.7351209472166,981.6877931807651,4767.615850599939,2620.769426539177,870.6733954367038,3512.684841473617,1986.6528602620767,3059.871431832465,2412.0718813491862,1183.1885974090505,3368.652515538521,3403.384739451689,751.9985622692973,220.83212372659665,2686.8924315256922,1178.925865238765,983.7055403766907,1714.998564986306,411.5280221389483,1082.4795823699292,3723.3419372508665,1192.975200195129,1198.7906215356932,799.3242164967352,1406.2700059585914,1580.9594257885174,1437.0930404687824,1088.4726414772051,649.8402056165323,1420.0494230316092,1885.701523135185,2147.939414334755,189.55186139452235,1527.2739090149676,971.6343131462354,483.16334994421453,2238.2662335276027,2241.3700401150068,2182.402586043386,568.4453384789347,1224.0096566748434,1402.0716670408326,3432.3902071211737,524.525942736805,2378.9102071011757,534.6063094467961,305.9852079662317,742.503958218293,4515.384747054589,839.5678443770787,3605.4018039470116,703.5743775434429,2474.131848019252,481.27091684517194,838.8171377792802,2278.379819393287,1323.8391677101379,3528.627908247461,1516.66307191007,1036.7355591042744,2896.3794008553136,2256.319040831633,273.8758183473303,1175.9868792010925,2785.8443420590593,12790.118778951879,6305.6324040808995,906.8905810446286,843.7665819064299,1126.3564721146015,615.4334799136126,964.7834918340933,2323.613985154407,1521.3812274064512,1247.0845358024367,1784.7042241626275,2312.564790323678,1363.209885521468,4778.60629106284,1256.934385596658,2786.4564874019225,1557.1101438379392,1493.350094510775,1039.8529862041053,1629.7288786226047,1272.2453555512338,1076.0788956227848,2114.5009837694524,862.6996449555568,2898.2786181019324,2092.39202479376,673.9359089381193,1212.9254883798915,967.9623228570946,1525.3019417819735,803.8395553888419,3287.3136164890416,2305.235385530681,686.6913660773029,1296.8832506302865,3469.188162320568,1460.7942784200004,1132.9464401733244,5731.603116979108,2958.129291647569,2318.5644789627904,1062.609827079897,2335.7211585128853,1624.5369929942951,687.3659836851546,1520.8630443630425,2670.4388681352625,7280.899273991118,5805.137471676956,6271.938482870876,5721.865268526743,6430.467437246272,1235.2606428170488,1012.0619860761783,2449.462936046609,1513.2656358769648,3517.551511285185,1414.7473458655645,3718.225803563205,2618.978967509661,3270.2350562903434,991.1344056795441,3515.7965251983806,1637.5264098130551,6039.838649394914,955.6284044040076,1968.128807191264,1298.4953078456233,3251.2084027251913,4629.762963479804,1609.2596927375582,212.13971803812183,1529.3389598105475,677.3526373876422,3336.341990188421,4586.70417231265,140.2608393195401,1119.9927359031199,1408.944540753258,2946.7119888304683,2807.998109197889,6041.863141190868,7251.281327320313,411.13922652797186,163.22603899965392,495.8575837791562,1602.3786749837345,1637.7236031279801,5743.605404417631,3563.451290622125,7286.000041598603,219.51565913977439,1144.7837201615225,103.15925294885922,2595.2021357375456,1375.6007912740884,1410.1359353325238,990.554973218428,1297.0969309869631,5416.322389479938,1291.088645428807,2230.7614361423275,6144.268052327864,837.8568763374527,1985.9298488296133,5080.18383503841,495.4596795966774,1954.500160236725,2388.136347569441,1486.7657716123028,6736.196665485201,1950.7996043786607,1034.7302681099363,10597.306197421643,2336.9572832033523,1323.542480868376,2907.2744734231487,1688.3555960142435,1054.9675005135678,1575.361281074467,1459.3318542591262,978.2962957632958,1713.52641207646,1849.5720968888168,1547.9245373872554,1570.0566841518412,3258.5616141227433,1560.3566130732565,3419.2500392914612,2304.636930856649,2488.513291976619,1389.9583083404534,1158.3721385375075,1603.275728319223,1565.1241122059268,1736.5195799463684,1818.4309764546717,722.0073196623648,1561.3789425031762,697.4880381426394,2081.3246744974285,3020.606836126471,2715.7860648261967,1531.0576742719752,2493.095730182362,1449.2242080837832,3673.9512251846777,1238.94340187604,2210.3115350448447,1450.6968547470212,2073.9461727666967,6215.042116525233,1996.381332467239,1861.1043885814254,559.5627505188729,2753.9065865771736,2388.6973604663744,1472.5146939804295,1100.9188930503622,2017.7369130765162,2317.535166734342,788.529233261624,2459.8837924968834,1819.5262495807337,684.8513652786868,3540.6757748732502,6024.579494490788,3747.0443395832426,6173.441156670046,1838.4082486319035,1427.6798872590246,2074.9108122484686,2476.3914291347132,6363.321437586346,3672.008175055618,793.3096520820725,4833.333174256678,1598.190681504305,2689.007668920525,1601.6426277762191,5465.465142706352,2190.0084263261724,5511.47602911751,2449.4532860275212,588.8745687622159,2491.835580972015,973.0202309625188,785.1585038917748,6462.618008354469,1169.1081754728582,1489.303177868495,2756.048177371656,4845.3038301562265,1484.0545697459634,1526.5272969183138,6491.792198164029,997.5115150090717,2357.1916514224736,1886.6724397585776,3407.033100671546,2117.4501991269813,2256.158021358027,5755.921564492582,4840.081116053732,1813.9286032632326,4807.745484973654,6520.5745580303355,2997.926501358793,3367.14261449453,6484.633823991964,2310.8002843140744,473.46383412868477,771.3273345199239,883.4765857394783,625.1696603744555,6484.406116261519,2084.4696608885015,6291.517855339796,1087.5165461031295,1556.2508759288582,2136.490867549951,1074.2765252669242,714.2180720538678,1686.9196985890685,994.5520020900723,1192.2903070158964,1792.7127219959498,1682.8650418676284,2023.3848561526452,1950.432741114953,5798.948288172145,6688.4378419097975,1572.1121642173016,6177.33134148926,6325.509073549669,2058.49967710102,6282.770383533694,1833.749014970249,6323.198364334334,6745.632602987424,6347.820931014236,6159.203724544922,540.960194498451,6278.636491525777,926.5703701549968,6432.696463699986,653.1947757174587,1674.4804182870387,1596.8104035396593,6216.232772729546,989.6097984628364,5935.8324620609965,6314.341761821138,2628.8631181789992,1007.9319023533037,7206.588681996949,2469.7003203654212,6284.288754177861,1146.5518592092978,6382.419247428679,6425.5854440343455,2558.026974837053,1619.2798813200197,6078.655167581775,6331.852040652174,5569.166305756367,6464.567104448614,879.2272680455391,5763.043669980111,4693.296057622813,917.1623571339253,6034.853030610927,6282.1688760502075,6222.846173524673,6432.8946652598315,6454.05355146346,7266.632139020428,2845.554386885416,5955.043024020875,5768.4172286040575,5813.730200760879,6283.561338167497,811.2929440032439,6058.433212055337,6023.326452909964,6252.358166604752,7448.826820493348,6271.267117229014,6859.1668757491125,2449.720697895609,5543.40155670498,6264.449860508102,1694.2752369262796,7198.656179851541,4744.741685751589,6112.260496303671,1767.6578181844147,5789.758380474759,4574.79809457026,2651.440624787109,1065.799821442991,6075.872597917884,5962.08384497191,6269.049513590181,5903.480560372668,5561.74679122874,4501.119942053528,6551.888479137853,6061.955729833867,6434.7445165299905,6314.567421880969,6681.035373049797,6669.751952584832,3664.762726850326,3680.421671482406,2303.769973917682,4606.769033226521,4851.645950506165,6303.583162651613,52.87218370363576,4574.913332893697,6436.033377728689,3237.1508055298827,4788.5989873834205,2881.568007255933,2602.9345417394093,6196.400427451828,5825.5004851879285,6317.097528908484,6187.812521457775,6164.401147420559,5601.433115318531,6082.301649380542,2661.837466054836,5448.311849993933,5668.892512800934,5911.129924570921,4863.887073459737,3732.726264931545,6333.097256590792,1339.6010698963125,5737.170058678308,5283.74294136969,5711.347238956822,6251.534720463311,5729.065340894388,6179.37033569184,4727.612743291596,5922.612747839217,1444.0356907786395,6148.14636614471,5437.846217341964,401.3781582380577,6513.467133332601,6061.991746705649,1150.9542059835712,1173.2254659875043,1033.7013291125024,1328.599730244452,2977.4035801984955,6398.179538206258,5618.082172173227,5468.651166271476,3559.359840919477,5658.533097594845,7970.34946746766,6047.266097576322,6526.818948651533,5799.539992767092,3040.982317586875,5993.852043730434,3142.686515120697,4562.317172522705,4608.140801085523,6912.813456800479,1659.9696776721814,4601.513985249052,4818.593340293252,6183.142435469034,5912.251756264095,GA
13237,104.04490754598045,1041.3435632747214,2029.8565538509213,3228.5554142734377,1272.8100574450596,2908.5195967991194,3604.302781427759,3538.8064301569343,2650.8485826861347,306.34134146307497,578.4162795724709,1538.4883440185633,1476.9039186822708,1191.3105688071455,1156.1372809063307,988.6781566748364,1176.9188009393765,1181.001108264257,863.9384726807082,1027.474973642337,885.5120657366351,2656.95696036783,3139.4722043230745,837.4740642197905,888.1758567855023,1017.0088660579756,599.7825745071938,3589.943871701466,1256.050782364848,434.0882965329371,820.1226412959678,871.3728725800563,1394.5324401220666,7336.3573359682105,1199.8919875303384,3501.633557061473,749.3107964969595,3524.449429911226,506.73145921261374,1212.7949873419848,3463.773688450337,3183.861388113657,1491.4660531368293,757.5470144806712,909.2774186039436,844.5823644974453,770.3255848251912,647.4109104684193,743.5529483933154,2392.562353254635,1140.7084898158532,7221.994730376565,1341.1404876159615,802.5536653267842,352.23574199221474,3219.815333905688,2141.1726699752585,5573.792229816227,1143.5693395407409,1416.6780224693005,3153.1268876896465,636.847990014632,313.7933115598219,1325.09443740589,718.9123194410859,3305.261268369329,1405.4374342049841,3054.764003487737,3207.3067410547137,580.2347115270743,3261.1209396838694,763.4318251709695,2575.1607615554058,7247.771116390063,1079.4237967583788,2158.0398813259244,7431.139921542707,1186.3164384028726,314.8083764302583,1340.2924051606333,544.6805315511438,1286.503297921336,242.48840863962437,413.90570287647597,1197.1378003554805,204.74672967806814,1258.9519758173572,605.3845868552805,282.51504403879113,1612.0009313515784,830.4644056544115,1208.9518223745838,479.46766037894133,3056.843325494493,440.2866905039258,1491.1533488603427,2006.3466196521204,735.6839200324298,1359.3625643579376,1231.8884803480069,724.1410554482947,1212.8257527953745,1050.6586827673393,3311.0608003896114,433.8074664970075,2734.4482170261085,663.541176710159,1520.297869743014,536.1125874176498,1767.5525281140601,964.0253046955316,7156.9714630233675,1201.3618604646804,346.226396957145,219.54100324717768,247.00454325629752,3618.2608452070867,5497.182177485475,1040.8370610130091,1626.1806248408468,1007.7742481996527,401.16466103783364,254.3972820409712,1708.944724536624,3576.1789013941284,636.3597998033864,516.2092204320072,861.4784447935422,4678.037583624679,2548.867406147709,987.1105758999612,3456.5704791516882,1889.9046022648347,2989.807196231074,2475.513774882254,1084.6984811430182,3350.942158070817,3339.2569009815425,796.5431227646948,338.0538456106567,2626.5331048474204,1076.431856907205,866.6039718307527,1695.4441782458628,510.26159732794054,967.9439042567772,3652.900789842076,1072.9022352779918,1100.9730872006537,695.6511960098819,1294.6785844909089,1638.0027178593689,1485.4219080642765,990.2629206714568,541.3923607467135,1307.2080843551514,1785.7266041681119,2074.9590762069897,130.83376229154422,1586.010511595446,980.573610515248,544.3723530614277,2308.329054518971,2198.9157207722715,2094.2833172522164,627.9836006206933,1117.936524706017,1284.0317994465906,3411.059166499368,453.0328902428581,2338.333294974245,636.0274185698578,416.9904458728354,645.1027756318008,4431.430708247037,884.8007120479647,3570.779456520129,584.468200577023,2539.145703525617,361.57778158771714,754.6168393639763,2248.4652590698724,1222.3482115637205,3501.5717872030955,1417.4467236881744,935.568816129202,2821.657542014671,2211.5466304970173,304.36179245209536,1056.9627154430893,2727.128597164646,12725.88446978319,6213.0808918057055,821.7991486392882,723.0422093421003,1009.358350829903,556.2549369136647,849.4529553567439,2231.87720651726,1450.2923424428918,1135.2073027201966,1677.8223817091898,2274.9309930738073,1382.0832784161478,4691.946241262975,1137.1667757928165,2758.4162739385083,1468.484467319392,1383.943063960058,919.9106931382789,1520.545721088147,1154.4038134625932,1001.9972487604007,2093.4592304468506,889.9758998586515,2827.311879785242,1993.7333770436167,613.6492017664807,1107.0543497988817,865.3115544329123,1586.920138415972,813.6726684090642,3265.710680721001,2256.201649350088,565.9881179799314,1185.4306428170098,3437.113727564217,1357.813592946409,1013.8828374554379,5639.955579400855,2901.2178878334253,2388.303414801627,1033.661084936212,2273.516768479349,1668.5703636131861,584.1707197429274,1525.1150794637383,2626.356422806498,7269.665799861336,5718.604550676143,6170.212570557889,5615.397531798368,6331.86824181428,1261.7708482872038,917.6944347001233,2361.968010341378,1415.2153147117083,3453.174891471804,1355.1704071983213,3674.4753959628197,2600.606144343291,3203.169835036119,901.5420486369333,3448.4921490493516,1570.1067388965762,5932.479850017558,996.6748464641972,1962.7018077031914,1312.9445971118766,3185.3637611469944,4542.97566758815,1621.6768953943827,295.9142965183474,1438.5666237965418,606.0437906121903,3272.3144332583183,4500.431644881685,171.46893212027624,1128.5436411117705,1393.4121148323502,2894.160619212118,2752.292701070495,5953.375238584313,7240.858511583098,350.6568671334207,282.5439494092871,484.7806951135225,1521.4698746172735,1539.2452756100774,5653.614333010768,3521.30988716092,7275.66258411075,290.9388373922218,1095.8057677303889,213.02528301297008,2529.090840271229,1278.923897244244,1400.1796965104234,985.6174366582429,1196.6141828141526,5324.526171793516,1181.6272112770787,2192.298872924833,6054.964417463994,721.6859949679413,1905.876659133841,4989.461771584735,514.5141648348771,1852.239471467395,2453.936041180969,1367.542783789415,6654.236048777377,1862.3442242289545,1074.876502340059,10635.473644561951,2266.825337659741,1291.0323149581702,2839.2258352023573,1646.9754019307265,1063.8373577628417,1464.2196799162284,1346.0276568212453,870.7542146984257,1598.9155951162688,1849.1786267110238,1434.618570222973,1478.8345271673074,3227.810843489137,1440.7480751110822,3399.3515977558864,2220.2596402507447,2435.693655525362,1295.1006355102854,1048.709380312393,1552.4913404246704,1460.4113425355047,1636.981264440483,1716.8967843707894,643.0449212515607,1447.1730536534951,599.2374895645821,1988.531611189996,2975.7636019734673,2667.289159321936,1415.033541600869,2432.6867877207355,1355.3689568759526,3613.275315241203,1122.8917857585982,2155.0279987814693,1358.364197522946,2012.5519588527413,6117.7188838565235,1889.09680488186,1754.6562484850667,596.699521206453,2722.581391821742,2453.2846529991502,1418.3306741947265,1013.7639704455504,1978.6112214520865,2384.240111642054,681.7044721234197,2390.078317754019,1756.7890141158996,571.5546230419404,3508.129053219576,5926.111727761287,3694.7421750302387,6079.807936146869,1748.8387432998386,1307.4212046375512,1971.1365050047327,2438.5329180740428,6268.584706634294,3605.3720985402033,709.2535379703313,4743.902249221129,1494.2986752598754,2672.9704574860393,1508.7300357479928,5372.578127589258,2094.31104533737,5409.6194002498805,2364.350124200404,690.5373808088568,2445.1477582399843,874.3439106166089,710.4521400671512,6379.353400076226,1076.9780649815145,1395.3183971796625,2691.560730758826,4754.196790354143,1395.4526917864787,1433.4932142989576,6397.5729036893445,932.7690377003212,2326.755157770604,1788.772247910973,3377.482648927631,2084.8248996206225,2327.0718080989004,5666.292384903423,4748.4985862285475,1715.8416390538114,4718.909657975844,6426.30454451394,2989.293259351293,3304.8400431604027,6392.036238957105,2307.681554425299,421.40511119276937,721.9163529148842,767.7010845237971,567.8021538263342,6389.7275699399415,2017.2574382040766,6194.654797252925,984.0842713100792,1451.0883177212195,2080.8496061419764,958.8397894928476,706.8524242063104,1576.0642399825038,950.747518622551,1110.4960838204236,1692.295635087381,1648.4733835079678,1959.6575675518775,1951.8303407144094,5699.7441522198915,6590.3918836221455,1461.9275969681207,6075.554465032187,6233.848506484055,1957.5854569323947,6180.114556116675,1820.5490164436915,6240.196933833084,6647.2880996552585,6244.860875834016,6057.961412174585,509.76626973321953,6180.141904530617,906.3088867764453,6328.820555132439,536.5878566767962,1610.3172912490966,1484.2851668097214,6122.608653828589,876.036970170802,5845.5585824584505,6215.8909351575485,2545.754601654827,896.1784627220704,7199.15500823062,2456.424531635539,6191.761329566194,1030.8036422026578,6287.58849420426,6329.743588186026,2473.797143659389,1577.9227679578808,5980.177308588133,6233.1700091479015,5466.799345950179,6364.720276190459,877.3872958408521,5673.585978319006,4606.425554735672,824.5339788722034,5933.235791243498,6189.4524881487205,6123.941179117971,6331.820942876328,6360.918895214684,7255.401275120466,2765.446294096452,5856.595976629854,5678.951724290351,5710.2110902686745,6186.750346675059,691.7813804362033,5952.082064054362,5921.673902550672,6159.403380468325,7366.553752820312,6178.580118610958,6770.8371366910005,2367.518273572782,5436.543296692773,6170.358554763594,1721.5232725519736,7189.236016022707,4656.920833388261,6014.382565554721,1710.3403600439115,5687.942952865171,4490.341042113289,2605.915796865967,947.8313615513147,5985.970196245627,5866.4171534774305,6163.596634281209,5803.0490411836645,5457.734652814225,4417.6346042465175,6459.370643099769,5963.265202404777,6339.133206159926,6222.142177989584,6598.88608126621,6587.631908974434,3598.2025853084765,3612.5859322709966,2269.2951034146868,4522.959874628609,4763.2992863089,6211.160308360136,74.49199196368353,4490.927285391093,6353.027828870458,3222.233717659417,4700.366869731585,2862.4966254324067,2575.253004537479,6101.0249698250145,5738.699556018108,6227.305825678734,6092.062897868255,6068.995413261107,5500.116109422889,5992.554813294431,2639.206472787058,5346.1600224241365,5568.231198278482,5826.008747047306,4775.075894574275,3686.1291324326903,6243.43788774007,1380.9899782399289,5634.787851563127,5184.042407717889,5611.531211108994,6162.003362579792,5630.077375596129,6093.720148478287,4638.463836571527,5836.304627483431,1342.6115590845245,6059.204837290205,5343.08923049035,394.2817107746824,6430.678282207716,5973.428030896198,1190.8748957942787,1207.2487729987313,914.3458211454472,1267.3545298971765,2913.7593091619206,6293.679817800459,5525.676242573208,5368.236020381424,3528.626609775208,5565.727131983735,7882.793283523471,5953.585901037525,6426.511634385958,5702.354367841798,3028.418374321886,5904.279687078217,3133.203640268274,4478.157802603726,4524.771494707516,6831.768975720033,1552.882737215811,4516.41491949925,4729.10782465056,6098.675415232279,5826.710753035414,GA
13239,204.47769759792808,1153.3652949260722,1977.0583618696432,3113.3565494091017,1135.1667494151006,2807.8117976391827,3586.1932472105914,3450.7939841561792,2527.4783294301087,529.162215789776,521.5062307282892,1613.0985649335676,1699.8141266882599,1007.4468154426216,1378.9795810272608,1160.040357920769,1399.8287607389154,1403.8792623496722,798.3608383002191,1250.3435783543864,1108.1788798939515,2598.9582146623457,3014.963343557691,1060.1722582763612,815.921822490061,1129.9885813139658,493.5057983288696,3558.3412588161864,1117.4885466970406,498.31316905235855,1042.3199701508322,906.9160359782976,1220.2193961672438,7215.487525456333,1011.8004906990443,3411.756289473398,542.4956330635607,3437.1064480185773,726.8853828986621,1204.5795331341108,3383.1644439624165,3066.422213565322,1312.2054085769034,881.0484756209462,1097.8761225739909,1050.2620060105376,670.9548555808685,799.6151690498497,924.1601417557449,2419.1319525115623,1258.4574793262627,7097.510378624087,1563.8757252157684,747.088660121542,350.3241939975868,3106.3793424779765,2030.9938703752184,5619.446696707912,1349.6791830893949,1428.4707960912413,3038.1746300430113,581.0233291945373,480.1300729545246,1229.4124159187925,941.3691202090628,3230.692426254733,1628.3123365409351,3014.867672923176,3091.062746562365,704.9148388227934,3251.005476926964,982.0120455577443,2440.243227146144,7119.043930249143,1225.980546434045,2015.6457756630027,7314.55720335383,1111.822101901439,249.9944063257041,1561.3367722955315,498.5933493808651,1322.1611611140088,359.79057832932307,602.8554815426912,1407.5523877280825,424.96598900937346,1474.7400262909741,493.19613545562345,448.60935418774187,1834.6466105275686,742.6232606615454,1310.3856348796526,258.76492556427553,2939.534453873771,663.1888871022326,1713.795541618522,1941.068319734996,896.7137385700177,1303.4041098670978,1454.7799402072424,622.3955007035007,1435.6448725168418,987.0385886234303,3216.514553408092,210.90667071084027,2722.975231752772,550.2835115735662,1739.3615220517347,687.4420708706157,1621.6939549031815,1185.1265523627685,7026.660689816196,1262.9509720883473,349.63878504391295,429.8927024474858,457.8327222586754,3575.7747228543294,5561.131905020489,1263.536450379835,1658.8980154751025,972.7999488824656,183.47100718981912,353.2190964533207,1583.2667011774201,3521.4604033517885,480.28839993716684,713.6945147377958,1055.5499300132635,4715.596779138704,2545.0537399531536,872.3309184303673,3416.5975632584277,1952.969170061319,2980.8817021108343,2508.282521301583,1307.5284330904612,3240.023362538473,3316.513320136787,602.8061711894085,174.50958547917594,2596.786068573844,1298.5596222279655,1013.742359741796,1590.0790199740395,481.5184059127209,1100.925816316874,3643.9067106028974,1239.5067639997294,1172.7761815164195,917.7728706166824,1411.8242838487445,1432.2616418526711,1287.6164176111436,1064.6667493027485,761.8678181841617,1429.4992595071049,2008.227216930064,2075.0023022645187,330.37513087924685,1378.8422852815715,832.6759092024473,334.141596487408,2327.212334454059,2133.738608771655,2132.2022588224245,419.3748067440139,1338.6241223886805,1432.9132087832495,3306.121039822281,666.154098082212,2269.243786063085,592.433464921335,355.7115658525849,724.3408180345501,4454.341521598329,690.2422264663809,3488.958320924993,787.7348598140866,2568.450138011738,565.7308720485453,974.8412736157635,2159.8648365081885,1444.6650117851104,3406.354836700513,1490.595079274466,1019.8593146807723,2823.8967879784527,2150.8391492653063,139.63460281597102,1214.329075515011,2693.682618033334,12698.817766018845,6257.847998993427,862.6261664853887,903.6184424299353,1154.2643961049514,761.5075498426401,1061.1941133218183,2279.247851284195,1448.9439788884285,1351.2100883483604,1774.6857347041241,2200.418479438089,1218.7993268115304,4721.6739225795845,1300.1670874557587,2665.672803664152,1690.5087464187109,1491.839237923856,1086.459861374796,1738.748074242135,1358.8684373580566,1012.2015083367654,1989.6507510371296,716.8196775511278,2820.750828988896,2062.1473569216946,819.8850308293843,1204.567974471436,955.4607328874127,1377.4581160460834,665.6190468410426,3161.3465464877318,2203.81716706831,756.6940383250778,1401.8266553207377,3350.8109647901597,1443.3382766089096,1214.1985717610546,5682.523945053186,2863.669229644335,2407.699202422324,948.720344482852,2248.5819705396952,1475.084094696903,806.559750892264,1382.2156792018038,2563.448560529694,7147.008724606394,5747.273608986221,6242.642589852016,5704.28953437265,6394.34790886386,1088.7140059451744,981.9564023394736,2397.374486416726,1638.0367634728996,3430.830355655072,1328.6460574648345,3609.609276084325,2491.4997534165063,3187.119912102854,1123.5529950735354,3432.643109789752,1559.556509074673,6024.417960248772,806.6047463928529,1833.654602816487,1155.8615102772385,3166.6196512309198,4573.165181126293,1466.8340031281784,73.51847841398995,1661.0195021999564,819.6198691805816,3249.4414315726576,4529.302139672315,72.9176306092682,980.5057892586735,1282.3171633593304,2847.6253227553416,2712.482301273496,5987.104840840079,7116.949158732004,555.8434835224845,203.5241661356992,379.1959959139426,1543.4010699548776,1762.009590434789,5691.599435439182,3453.514896496303,7151.61482042702,341.90362799326834,1049.2665460100798,84.86801897185468,2512.131755993696,1501.8297276682724,1279.8024396074768,859.3393543029472,1275.5505434576085,5367.716227526963,1399.9603745547765,2119.528229642735,6090.8386419549015,932.4086842644482,1923.6755097096932,5029.9095180563045,356.78825670874687,1932.5801580486172,2481.746819961761,1524.3619739720905,6670.640451720257,1902.0811909476606,885.7465254653055,10447.926896079927,2259.6413454425265,1210.6143946611924,2825.982499150355,1581.5080281887092,915.6122359844452,1578.3886649881852,1559.7995032509527,1090.9406439474558,1727.4633770476335,1712.5961695382362,1648.2509586090796,1701.3694976158401,3139.3395172381647,1600.50057277596,3292.0228849121145,2247.897435276318,2390.5575505327083,1356.2283500530802,1267.0715127969056,1506.2000563478935,1550.9766069286868,1709.7395167301495,1795.5215327891171,673.1460378134371,1574.6322585922962,682.4772512447088,2039.7208777382,2913.7901178214433,2612.9747647077193,1551.5761930524338,2403.4683617650585,1578.1966414698707,3582.7292730370264,1261.6632200221652,2115.6844726692693,1581.0358821577024,1986.650898329497,6176.4353793612345,1986.46298011702,1849.6079731162854,412.3380331501797,2635.7265848391066,2483.6819172154487,1379.8741645081216,1056.6967551470457,1907.6499379656225,2410.2675861637217,902.646514186005,2381.8098438122297,1734.826182257289,787.756655444948,3422.611300696288,5988.416022323858,3646.702637124248,6127.721496275391,1792.1277738725312,1474.7580267238557,2192.4491436116714,2364.1132189809555,6319.57231692435,3587.83835067822,750.1437026189731,4781.00629640413,1715.7356186683835,2559.916118340835,1731.4899995136725,5418.804630530505,2153.479517458122,5482.933503013781,2393.4460157894628,643.9881695308324,2387.6747443949776,951.9907576834247,728.0679365938632,6399.193784786221,1132.6214815795,1453.118285058922,2670.656298386813,4795.893419903273,1438.2937579410032,1656.256499735622,6446.9946024689525,922.3443837326016,2238.940154934813,2011.571952565402,3286.742126953901,2001.4840671259494,2344.0151759686355,5703.281953915073,4791.521718306712,1938.6290375953006,4754.42170425414,6475.8572408630225,2864.081688976676,3278.167954936459,6436.8365622038755,2174.596794736226,401.6441436901661,682.5498298982876,978.9718320337356,550.7568549456366,6440.481102686232,2004.215032505252,6251.94707726468,1205.992605395159,1671.98451461285,2042.472572745428,1169.9623099243706,587.9608771887011,1688.444365522574,895.4806806788863,1138.2638233123246,1914.7232105122894,1569.7369843705108,1939.048118856615,1812.3954644716407,5764.455645181259,6651.043556158064,1679.2736770542472,6148.202682033209,6276.105434919926,2033.1701024324475,6255.580438702852,1704.2131876105134,6259.4415254813875,6708.8221633351095,6321.29830839589,6128.893567505983,441.1601184913673,6242.3834013024625,806.9849154407898,6408.281884860707,747.7640921559159,1592.228648682575,1698.9424509463086,6170.472014847577,1090.5166342343823,5884.201344452546,6277.978486225218,2569.2348018043813,1112.8524865037075,7070.670605910701,2339.124125858461,6236.472279389487,1241.0637097408485,6338.838809664554,6383.930022342238,2500.3360078530795,1512.7223518876126,6042.480985940365,6295.957983452896,5541.741634233031,6431.054526116482,747.0248192521359,5710.104447669985,4636.780497941261,1047.086317288342,6005.448449492346,6234.698124708866,6187.476923739688,6402.06119365944,6407.256505948877,7132.742797294432,2780.8789115394984,5918.87792467121,5715.488103994196,5788.822219330428,6243.891325689063,892.0115012422943,6040.356979941261,5994.007578540722,6205.340493256637,7383.415198827941,6223.7487359457555,6803.707746573113,2389.153280294505,5526.955726911747,6219.5352393440135,1547.065821362775,7063.7892883121995,4689.758491675847,6074.835668738081,1676.887381486422,5760.94506937826,4514.494013088432,2545.8509126467848,1152.696697980053,6023.513759826139,5920.350398076035,6248.573902929687,5871.544015805654,5538.16807083787,4439.357333405014,6503.910529089988,6026.231873429375,6392.636215744234,6266.5484706920715,6615.792247631494,6604.470034115168,3580.5081272503508,3597.727939190002,2188.93135221911,4545.418366555785,4797.457823716978,6255.565914541023,157.33918503251738,4513.867510416,6372.2234056068955,3106.847692528743,4734.269268738726,2754.2598498614293,2482.129080438908,6153.967552981504,5768.062850364442,6264.411856556896,6146.1089863799825,6122.044837029015,5571.626512447944,6029.670028752293,2537.235520669801,5420.478193686779,5637.600978387038,5850.9248172486705,4810.475758313016,3626.761625001661,6280.174417251271,1190.3432863773394,5709.672877971416,5250.641704681762,5678.205577272193,6198.4361947766065,5694.163034935079,6119.858658193231,4674.889782220385,5864.312114673542,1423.2313184191776,6094.0963719421725,5394.6980400818675,287.19634498436716,6449.2842004110435,6007.349937171604,1001.9171584145732,1025.0467643701497,1113.756058845267,1245.1719382203753,2890.594804777005,6375.2842079757365,5570.442806683975,5436.956040126136,3439.851487876725,5611.597085000329,7913.096798350447,6001.706484110464,6494.2628342066055,5760.902154621421,2909.393927607797,5940.970889514693,3009.215989736966,4501.554690276181,4546.103393018785,6845.796157283066,1772.628383883714,4542.206552415694,4766.372405060056,6121.744847640551,5852.717675468192,GA
13241,167.5479382479734,880.2288636458801,1953.8146769775174,3196.2695339384413,1276.5417421513964,2864.9194268617543,3498.366779365468,3482.7242765844544,2628.174417734399,226.5361781145979,744.5639150401407,1389.731797747787,1358.3619131607302,1244.4865870840795,1036.2361767652942,814.9037574903516,1059.8978400718138,1062.0400346086558,1028.1429637535875,909.2982426930223,764.6379770954077,2581.055277158397,3115.8704483488664,717.6243582986913,1053.7000089022315,855.7305262993377,772.614775704891,3492.715370445506,1260.9736815205174,326.8115073930577,695.0432437498404,754.0224330028766,1433.5637335444342,7302.555141799538,1258.016558905919,3447.1513536674306,841.8920482930282,3467.871654554995,432.89820785322837,1115.5750873361762,3402.051471414497,3153.713723386449,1534.957723206677,595.0379485401345,738.1141768201815,683.0183565435368,941.485542886426,476.4976004680845,570.3352089246329,2508.6439813057737,976.7865944508817,7191.603378026762,1218.1588029569032,964.941925152717,513.8730385154954,3186.0045145114677,2109.7649653898443,5430.71965447968,982.4735865018104,1303.3214244577575,3120.875983171476,599.0179363799114,380.9658084696865,1290.982393434712,618.7860738957106,3239.3381204366297,1290.4302983867149,2964.5634221785826,3176.017085710308,420.96731659004456,3151.030494398212,686.1508023240348,2563.621862196764,7221.3072564425565,907.8244646159816,2156.153458144916,7393.39852452086,1138.077873302786,340.95164649954114,1205.4934061829742,709.2501565948328,1160.4793304493935,368.2779702825918,432.49203078550084,1040.4885899811923,108.1797612986244,1110.1706796320052,778.5962167695326,116.00334177091841,1486.8301895706918,805.1836848339018,1050.7384896959188,604.689333134141,3027.023247178159,341.5263032987738,1366.3128662043734,1939.7238169802,562.6223312744803,1293.350464008161,1117.1645515375778,895.8501486524119,1092.0272585291477,997.5860068384427,3260.93443269656,569.8068578946726,2626.7789920415635,836.5967473077505,1378.4109894981698,366.7217384418837,1772.289754045944,831.0799683353293,7132.085594070037,1062.0078461038886,309.0770260011387,234.5027212311738,99.44523336045572,3528.2705825775897,5346.214728420165,932.2572627015303,1498.3242480654792,934.4875582090573,550.7432831971969,164.77434488718671,1695.1923863464126,3494.8365707502035,680.6751946324123,508.2441226322161,692.2982186368846,4539.491764962017,2437.172191332364,1159.2772384701445,3365.2658035326485,1744.7090417398133,2879.728983276997,2587.644221493257,964.9785924692841,3314.513935875816,3236.883303718211,870.8558487161717,506.74610559136096,2531.066557996571,948.7121856492728,695.5851946106783,1663.9701435201682,671.6657954191985,800.1187441607385,3541.2419737234263,899.1029198966719,957.5807481913307,571.6462906754938,1130.1774827413049,1716.1876159089973,1552.7491555460415,847.1967655017893,410.58631339067233,1141.0166461531608,1658.5592033212354,1963.1977409984088,214.2812098115657,1666.9615012099946,1001.2039898407857,649.3251375263152,2429.083633897189,2130.8194851953035,1960.7624124827123,727.1556004907463,982.4157392603822,1111.6595814738844,3369.304551091073,412.575242916103,2272.319394373699,798.0340916594797,587.2596412892331,509.0179265337788,4300.535793714445,957.4826676960414,3509.710697091789,420.59249455079606,2653.0783139562923,198.5519158069693,669.8705692775867,2198.277108584075,1095.3375302013303,3451.432000257902,1270.1930713905986,788.3051427327223,2705.362658342532,2140.0335268346275,398.9142341377993,883.7656190598206,2633.7277732845505,12617.624588469467,6070.023324572748,702.7434722404837,549.7887850319688,838.2905222819873,528.5178680615036,694.7933199018743,2092.9381868438013,1344.820981751317,987.0229455283875,1519.0116435596235,2213.453113056404,1409.2995378516769,4557.263612504742,963.4670429830966,2708.8586724114034,1363.8049399278586,1222.2439587329902,746.1514924715967,1376.4619116806462,991.9052430882003,897.3012230528633,2056.944603624,938.4933605274613,2716.2915915994213,1845.6391926864792,579.9064911843104,951.327109954203,716.3471705078246,1671.8842043031161,840.7536787119664,3223.9167081059218,2178.3217060297325,394.7202641662189,1037.9279966860897,3379.9530001231933,1205.3023076612328,848.2863087910935,5498.2646495022655,2809.9385551389964,2508.4550551975613,997.9449495478368,2176.551260254017,1728.2567515896435,465.017055395629,1529.7637431799913,2554.202643022317,7237.5525295554735,5583.573736432105,6015.566685243399,5455.082066824277,6181.0812608104825,1301.4247561096024,781.6294292607972,2228.692645386536,1293.493625444661,3350.264091359582,1267.957719948095,3600.2520801283185,2565.5229132152704,3096.9099003602832,802.2638577791936,3341.492522942701,1469.1838355861948,5771.0522320690625,1061.1208598999146,1949.5847253557447,1334.8574516859633,3080.8503085826837,4408.213835735627,1636.9969252468327,439.5466413196303,1330.2200737036158,552.9201236076907,3170.1983891936243,4366.383734723551,299.0660569459405,1145.2498726282565,1371.089618681824,2809.104967069144,2663.116718208194,5815.683268543706,7209.92025996354,345.98799318648383,456.3438775598991,503.10040450264887,1400.7873481719614,1415.9812531728526,5514.07538140398,3449.652385497432,7244.819896168503,441.6673820839631,1028.484794144726,379.50052502657854,2425.692308002295,1160.8309392330725,1385.871755457182,986.346794108504,1048.5259906595352,5182.765331811244,1038.4764127046124,2130.0170035821434,5916.169555931536,565.8415308771031,1784.5417991653387,4849.2521943485135,570.5537071299951,1699.4392007685724,2569.059358580404,1194.1434172731806,6524.8508519723,1729.0367189144813,1136.5218449772854,10672.746960280869,2158.481228759039,1245.1995677514485,2732.29959059488,1583.9931588724319,1082.3599864233993,1300.0329115194845,1193.788753254064,734.5794075288907,1430.1877338430234,1844.1406626794465,1282.1100062112232,1369.3724163752047,3173.023276717289,1267.1093199484453,3359.67457982722,2091.7131126868344,2351.645705881529,1154.9210388672834,906.005252507128,1476.4494999476146,1305.0894948510354,1488.5097790541656,1565.3956918631338,540.180779311415,1279.0642983283594,462.9479721743821,1848.6685996130848,2901.489144380324,2588.671073838839,1244.7696464514213,2337.744798533485,1241.9802286606196,3515.2988184312867,952.8444350025043,2068.5470247796247,1247.7837265127616,1917.859409900036,5968.594166718164,1729.427999755282,1596.304228785129,669.9887407132596,2668.425249358108,2566.902004820548,1338.539174154704,888.0539333536698,1916.535264427204,2500.666462869389,550.6147956805684,2281.811257381654,1661.528094277952,426.31077662533147,3450.1439136425897,5775.5920513079955,3608.404931253818,5935.400629702618,1614.3254341403797,1133.6127585705767,1836.2801917400795,2376.0241379147196,6122.707043489561,3499.072946567741,594.9702153091788,4605.515607224267,1360.8861698258245,2640.9736006266808,1395.975537114028,5229.380044151261,1950.1302852572321,5254.98665695022,2234.42872732462,852.2852190618662,2369.890525722078,731.7877393540268,612.2130449537913,6248.356120046268,942.6692325100819,1255.8867894948962,2590.035451448817,4613.596145077877,1264.0608375044476,1321.033200699229,6252.3195517012,844.3346667097835,2275.4396159881344,1665.4299482890494,3324.056093359033,2031.574541551757,2448.8163364561387,5527.22106694698,4607.276225228176,1592.457273916411,4581.323404688164,6280.978204608203,2966.876787707936,3205.0914854067705,6248.863960541813,2295.8676813391794,384.19469007564635,664.9432275411948,612.5223760294108,506.6820987841635,6243.889808091115,1914.0867362233466,6046.0922505652625,855.4366065054663,1315.3762182819185,1994.1924440623368,803.2122397693571,714.3115661642788,1412.0950094592908,894.6090545354447,992.0350772228729,1564.6680488092036,1595.7476444175759,1861.8248205074146,1948.6191996358216,5548.357007376105,6440.238497212643,1315.9809063289188,5920.8656739266235,6091.933606979613,1806.442130515848,6024.321139917945,1797.2456663473688,6109.60451887701,6496.747099064676,6088.681731449326,5903.9385071314455,495.8664390805306,6029.5233562189915,886.9729657820027,6171.508375038286,382.0159715889892,1513.9381726006134,1333.3275417119105,5978.19970780992,725.6146513710803,5705.577196704161,6065.318560050215,2418.245534507911,749.9771991207133,7172.507485389395,2429.2784174391445,6048.741552187529,874.0433272268009,6141.585324761729,6182.4406779669725,2344.8646087118696,1515.5966673260664,5829.630718035681,6082.302836098316,5311.518440568548,6212.3647970137035,885.7671446485605,5534.735879278221,4471.513858254384,720.989423644163,5778.775757428891,6046.1900323095715,5972.820771014112,6177.947880990808,6217.065890356071,7223.302318157865,2641.7095876363755,5706.12097830248,5540.089266003859,5553.454154739716,6038.2558978181005,525.7289995747127,5791.849499930785,5767.172695116182,6015.843497827097,7236.4937476014775,6035.358951404179,6633.063346473861,2241.6804834092604,5275.79190574654,6025.3356116269,1757.0478532453408,7159.764280689527,4520.715179104126,5864.583982497102,1623.3713857105759,5533.293402814048,4358.730137220738,2531.759633371695,785.5812914602952,5846.420644772553,5719.470304545374,6004.406145136889,5650.095363687061,5300.427366775417,4287.379728271105,6316.280583668706,5812.455111356716,6192.1208995105335,6079.244429370889,6469.273568998101,6458.062509257948,3492.019613978889,3504.604562771245,2212.4115766197256,4392.1963874438425,4626.336333100963,6068.269122833321,244.68497159194692,4359.948132264964,6222.383296658777,3190.134183843224,4563.590670599002,2825.4806573802466,2526.867021481473,5954.380239647146,5603.307298716708,6087.814517055206,5944.943616957731,5922.3213846055605,5346.132776079112,5853.2054040313415,2597.8477217398176,5191.176155999478,5415.049570151335,5692.79286698195,4637.491725479927,3607.85776212198,6104.1129705518115,1439.7805931855542,5479.44832992072,5032.177072947958,5459.3980914741605,6022.873440121581,5478.981805548882,5959.694670583519,4500.507754260649,5701.519561972239,1192.4296552995324,5920.880558718065,5197.48372283447,429.3587076128174,6300.288406486394,5835.6292809564575,1250.2148632707954,1258.1984624732647,748.0746496833008,1178.649230677998,2812.8978133990404,6135.617142788709,5383.043781387943,5215.416731429378,3473.18347354222,5422.561217260074,7745.687242088923,5809.1582723011925,6273.5693667261085,5553.5209166436525,3000.2365364561047,5765.190391547972,3109.1458088483373,4346.954683289786,4394.597637606529,6703.524676080409,1412.9159480590909,4383.9261171045255,4590.656981936356,5966.206571170631,5692.940565655638,GA
13243,210.58413389581898,1169.4210068171647,2003.1876212314176,3139.1578637432904,1160.5090507296645,2833.9492407721386,3611.657035195089,3477.071638872345,2553.0694229723,521.1111269970443,497.03020643856087,1633.014105093722,1691.9914015515744,1029.3204220946814,1371.6849078055075,1168.5385882254614,1392.0514160677149,1396.405070779033,775.1060229078715,1242.9460399906898,1101.4268521787953,2625.192557747204,3040.473883930527,1053.3570068760264,793.1295135740249,1145.9112187234934,472.3210769092814,3584.1658291683916,1142.7997177000748,516.4886356745782,1036.333216303605,928.8451307813066,1243.0010624064762,7240.982229224576,1033.110942188165,3438.017460732763,561.0608746934482,3463.3899424660513,715.9663634368933,1229.1965401723332,3409.4887330487823,3092.161478680466,1334.4028617276365,895.3590730604902,1103.2370729854326,1051.6499544783644,649.8791063144556,810.2229433249487,930.756057930532,2393.092792846342,1274.0526253860944,7122.873960029106,1556.90867572868,723.1477711057843,323.98833678995004,3132.229196360193,2057.001935853682,5642.1400539284605,1351.1367886101655,1452.314025084409,3063.9871613862433,606.6281075886969,460.32367742296026,1255.7139501543095,932.2029698602036,3257.0283152135207,1619.9750032421975,3040.843655317165,3116.8356119851237,718.5229585724175,3276.185541295462,969.9741239956312,2465.388145076923,7144.235588439004,1238.1452758918815,2040.4929083839527,7340.1941088132935,1138.1053361097347,274.1519803341342,1556.5087000781298,473.54601646769896,1344.6010239718696,337.4094048006401,584.9319200154276,1407.715548825613,420.39488481831785,1472.9037518867492,472.56865781121934,455.375569047879,1827.8765938819479,768.9373541473926,1327.6889507045062,272.4771805958018,2965.285622994878,655.3717479516163,1707.0400984117284,1967.343826755196,906.3506554442644,1329.4884066576008,1446.5778995605488,601.3678793158749,1428.433209692632,1013.1611134501744,3242.72765318728,220.7801122611652,2748.149302279311,530.0471712360958,1735.9159418113986,697.7707028772046,1646.4488541902026,1180.2370790533607,7051.786186490255,1283.5755576753868,370.9030701032835,416.73789040589423,456.66416001304685,3601.8242718304705,5582.61567734937,1254.6885247542516,1681.733899323517,998.2294687601718,185.0979702032467,366.291908937447,1608.9169364122274,3547.6856974920897,505.442500888982,696.6740031097316,1059.7380960304204,4738.7111690943375,2569.922570745961,853.2109944492204,3442.5943980989123,1973.9498138540228,3005.994745465804,2482.148454946217,1300.292761269768,3265.9310149093544,3342.0951765717573,623.8833911338755,156.61801090964184,2622.499812493519,1292.6476682117745,1025.5150272213073,1616.2279296025781,455.81892606632636,1114.5972562292204,3669.078190993335,1248.8475245303796,1192.509165534889,911.8880577622533,1427.6472183979586,1450.0731098774972,1307.1650460360436,1084.0357890972596,757.3864069422165,1444.7834403577865,2001.7349374874232,2099.6267194477155,316.5118852760357,1396.3269023156818,857.7367578150098,352.60145307005297,2301.316701954568,2160.021883263592,2154.9193692861745,437.8785596357718,1334.0700329468898,1444.9858459381642,3332.1603553864948,652.6251867131714,2295.556879346456,567.563127141243,330.62850835602984,742.4804495391047,4478.221337159452,710.9983346449648,3515.2765884540727,789.4385143596415,2542.3743505264274,566.6747474336696,963.6907013999656,2186.1667771583593,1438.4918107397202,3432.5541968164207,1510.5386326824334,1038.3197926327327,2848.5626832189323,2177.0823564189427,165.91038527928518,1225.0094125116673,2719.496507884156,12724.712710649706,6280.628546425603,884.1170353893501,910.1817500997246,1166.5490922387376,745.8202775295732,1060.7513230849174,2301.422535705632,1473.4114178921066,1349.2519533430107,1792.7890851956836,2226.75051903156,1242.5674840719087,4745.220729614707,1310.1199310680036,2691.923067236099,1680.5226134264303,1508.6849851088018,1095.6175292894518,1735.7885884638683,1360.7896570665455,1035.7729327288928,2015.7854472662186,740.2242607060448,2845.760495681122,2082.7755125742706,804.287275309731,1222.1168185723586,973.2778123410159,1394.3280652098651,690.8588619280663,3187.403101448278,2229.9585445603843,761.0735900453549,1399.7052250224592,3377.1038749263735,1462.2183597732378,1217.102971373242,5705.4065152662815,2889.587884027277,2381.8003995824947,975.0466570160139,2274.1234029008233,1495.2736251678195,800.3382652851267,1407.207082455502,2589.728168816881,7172.440177051172,5770.934278573253,6263.545575109504,5723.8319840971335,6415.9829353265795,1111.712726179576,1001.9900297997901,2420.313763194876,1630.7959718602374,3456.4083461913056,1354.0101509973565,3635.920392890288,2517.493048689284,3212.491527039152,1113.7237418666184,3458.0268956984296,1584.4500021442225,6043.716882859472,827.8706093837235,1859.134344976044,1180.1236211560067,3192.0733723761946,4596.67716112711,1491.0954412635294,82.31835174870504,1651.6134576887353,805.906667938595,3275.022380993353,4552.881130323096,85.62647343423218,1005.4374400841347,1308.4136527940966,2873.713482763817,2738.438038400329,6010.506759087906,7142.334328311588,540.8156433948653,177.7214459272216,405.4813416168418,1566.7834946830633,1754.9461613972655,5714.7490369734605,3479.8381424556987,7176.994014513991,316.4865577752575,1075.0679518760894,58.53235555691432,2537.463826846429,1494.1102708345954,1305.6875769454934,885.2300523345683,1294.824612861802,5390.5437681377725,1396.888650343324,2145.854279609115,6114.127108227429,932.2075882440967,1947.4365298639002,5052.878197660279,382.22207145134536,1952.2096897649426,2455.6905269003673,1535.413860671693,6694.938912480703,1924.6060442860394,907.044807061506,10468.272276376685,2284.591684204785,1236.9408485578665,2851.2286933961827,1607.7613175647514,940.5834186897994,1594.664809941303,1558.808558053291,1086.7194962685746,1742.271274661114,1737.7905435185871,1647.3332912319306,1692.0950860097116,3165.6187986700543,1611.1817812716529,3318.012202341795,2271.2367786564764,2416.592845038386,1376.9781845428513,1263.9615737511078,1532.1450436153948,1569.5024124031634,1729.8623713219476,1815.2226010035893,694.8335302676096,1589.459722921,700.1004541450818,2061.566031297693,2940.0711330632453,2639.1661559663644,1565.3173481534284,2429.148244265507,1569.6518218612994,3608.52999958604,1274.8564289245821,2141.5766728610847,1572.0530951131768,2012.178763526188,6198.318150824244,2004.6298646933758,1867.9285029854682,435.3502037015963,2662.028240281665,2457.5827219383928,1405.6031962186735,1078.3831641146203,1933.9630543729475,2384.237468490914,897.8602011853187,2406.821776688752,1760.1786794470347,785.4644867627874,3448.908812111567,6010.041315676493,3672.8445903281677,6150.30313059685,1814.3835640155746,1484.198336483277,2187.3946476625324,2390.4464669281338,6341.970468954474,3613.284746159803,771.3484072748695,4804.151223405076,1710.5620061142615,2585.8106726217097,1722.7028843301173,5441.451278346977,2174.8178491634894,5503.722702926523,2416.741641679373,619.3765221385119,2413.8942150302687,970.8891934872124,750.7087342151477,6423.32233450794,1153.5290249102095,1474.190944937584,2696.1301961732997,4818.772658676665,1460.3721361858736,1647.4900649509368,6469.4978839830665,946.7972626302752,2265.244947127664,2004.38128561758,3312.9971621248164,2027.8141575013904,2318.1643020546358,5726.488619992306,4814.3215745638,1931.4832781289774,4777.654739350119,6498.353677307306,2889.57836139144,3303.854392430855,6459.6235999254895,2199.858084541653,424.9428538324395,707.7995558916123,978.6305421491096,574.7237086814323,6462.900040684414,2029.3291320908468,6273.929907356313,1200.3413272791659,1667.2814192724218,2068.334025052675,1169.7882231414576,614.1785472775944,1704.9825969992044,921.4015608467128,1161.004141973264,1908.3592020118094,1596.0696068693492,1964.4043818224955,1837.433832096398,5785.8978430592015,6672.818289954304,1676.749175967641,6169.083808576834,6299.036592844455,2053.2296949029687,6276.251828882634,1730.1162237426279,6283.592806803818,6730.5387786410865,6341.897894015749,6149.902784206463,466.8233789744937,6264.027060814073,833.3096917022519,6428.647764196858,747.2191570533375,1617.4099404928613,1697.6267105694546,6193.058920612954,1089.098029443991,5907.323348189975,6299.634780867718,2592.8688372806328,1110.5268434163834,7095.873589394239,2364.923066790001,6259.25517764074,1241.2085991995293,6361.221186194611,6406.125152170512,2523.7944568316307,1538.9664715777692,6064.109366868839,6317.566268995312,5562.409740521848,6452.417856870841,772.8724167541533,5733.338002531211,4660.288073884095,1038.0217926780654,6026.354250899924,6257.448623065809,6209.026794563957,6423.137091977925,6429.948856206571,7158.174482674679,2804.9514113354626,5940.500807303043,5738.72093221129,5809.219047927206,6265.883876067826,894.6107203089267,6059.973829771963,6014.903555860374,6228.047536255658,7407.716593903744,6246.503364190279,6827.191803601275,2412.845209958738,5546.35477941753,6242.042750434279,1569.6646156949005,7089.116123604415,4713.135299979876,6096.594224328979,1702.564167504697,5781.776147450999,4538.3156567598435,2572.104551792089,1154.385742332796,6046.705235209505,5942.537791078668,6268.48115925915,5892.718820694837,5558.402632185488,4463.295032241851,6526.716345882246,6047.812878817706,6414.876295038244,6289.351165974206,6640.065795185919,6628.746295640562,3605.9589618637374,3623.091506545819,2215.265674561499,4569.326901665431,4820.7692320205715,6278.368121691811,146.5050690102536,4537.7499556721805,6396.381404969175,3132.64411654697,4757.590557567857,2780.2556752026576,2508.381527756607,6176.231862134242,5791.688195884843,6287.639392464441,6168.301140353554,6144.3005631077585,5592.558329529865,6052.8860051143,2563.364911263217,5441.186178118038,5658.696821826728,5874.782483739413,4833.718907278784,3653.0347765961683,6303.423442226557,1211.1387922612746,5730.35640058625,5271.914633635055,5699.501367442545,6221.698488458376,5715.6454767063415,6143.666609298888,4698.0657397549685,5888.01274628467,1442.510297520396,6117.4395047022335,5417.005182388637,313.3301945636928,6473.472836179079,6030.742297195374,1023.1148349248593,1047.108202204855,1116.798216721662,1270.3504787167515,2916.156203002756,6395.475839817449,5593.187334992766,5458.086725350483,3466.1225681875194,5634.2768400091745,7936.757477744494,6024.268770117387,6515.5267827064135,5782.773124115149,2935.095234774972,5964.206413107651,3034.745545989096,4525.4134676139865,4570.067542936157,6870.207592139721,1768.7610518387155,4565.9467333309285,4789.507176402435,6145.706195339247,5876.520344556375,GA
13245,220.29983750779584,1085.9239272747318,2135.4763399023454,3345.835491226035,1393.0706655262964,3023.643430801077,3697.3210775923853,3651.188352829617,2769.3644773319843,230.4741923871881,553.2669974818859,1598.4912816955002,1392.6301898743563,1309.2880476306318,1074.7137988207403,990.5368012848778,1093.377265679169,1098.739501303167,831.5855248883952,946.0075320914387,807.6400617058348,2762.9784893468745,3257.9749305536748,759.5983882784378,858.7883616466647,1061.3852806477632,600.4966687554063,3687.409675137091,1376.357031866376,520.7452668342188,746.3922570523096,955.7661387837593,1513.976495317665,7453.813090801567,1317.0751472962786,3614.4164547763903,859.8755348838075,3636.6987450272413,410.7737338965347,1308.7174043251766,3574.600443946969,3301.4652077010346,1610.368341058016,800.7364946389856,895.0996437586763,809.4904863668207,759.5648390927034,673.7483691727117,741.4087539699688,2304.244084496156,1180.4177592050155,7339.959957179508,1260.6474157036341,766.6038815507059,320.92958098919127,3336.8450351734386,2258.261637153964,5639.6252842677195,1104.2839493578329,1504.4570283338323,3270.396611310148,750.0945437948039,196.30862807917853,1441.0910560548057,630.6123090571929,3414.804486424221,1319.1907118685735,3155.299162151662,3324.739781087933,628.749457120153,3351.742496198894,662.8575397415647,2694.814157623047,7366.272366974862,1100.3581294556723,2278.258396687627,7547.945408885121,1299.1160025477652,434.4311137818837,1269.1126548930838,515.9862476631964,1366.04128684061,159.6509031520543,293.82832663569167,1150.6747536832293,171.1060857556625,1202.1208745275428,609.1346559135837,324.00689494325,1531.8058943438634,947.0131594186514,1257.5427649425635,579.4306269275364,3174.469816626343,361.69276471864265,1411.2334398501143,2115.0895126917185,751.9793063561021,1467.5958141741992,1146.4568596481615,716.4243075046403,1131.6051560927485,1161.952440259035,3424.8563367330626,528.0108970688935,2826.2862416938374,664.9827709506883,1454.6700252483429,567.9152235825679,1887.9755597937656,894.5179443832617,7275.6653978752165,1270.4549458849235,455.8506513757535,109.28354373059727,234.4621753986006,3719.043047473757,5554.2922915068275,953.0733348436946,1704.6712154316697,1112.850029402486,484.6819642918869,342.64302825360835,1828.1392034679957,3680.488879447489,756.3801337216412,398.4510655523488,841.7736211479864,4748.214977999394,2638.350997956816,979.59000364397,3556.736564237228,1953.6122940367625,3080.3667794225266,2384.69345892676,1003.7500352374678,3467.551498683678,3434.1002293523525,911.7690720413336,393.4886628264069,2724.536589809044,1001.4528341256046,890.7729746036715,1812.2635507198447,474.8991562801866,1000.3076344932573,3742.691169087478,1077.7795203988992,1166.3843646465925,623.6913522429934,1333.0232950195555,1749.8842278753766,1600.3170298242808,1055.9371651659378,480.1151905213131,1342.1859818247135,1706.400639088219,2164.192317281605,10.304670056650435,1697.1679344316276,1101.1184244617893,652.693298651463,2223.1896630630067,2307.324870661973,2168.589771982431,737.3951242254375,1049.0320150767702,1300.7889020675834,3526.684784147146,345.2411891809519,2447.4735623518663,600.4779122565827,408.67007948153014,716.1159363372783,4508.135398405279,999.9997970583673,3681.817938936424,559.2767356310744,2449.479829012011,347.55321036920486,657.5886184441453,2361.8606123684062,1145.6128723959137,3615.4096560419484,1479.0647614575619,997.2126711588871,2908.4448873422716,2318.8508633842275,420.38749720330145,1069.819103693612,2826.124147689688,12818.350233858371,6278.927835014361,905.0054453695093,721.4797086618437,1032.567443639538,442.1098307823858,804.1927552259508,2301.575602292592,1542.4859454589614,1078.6828148559007,1725.130073156971,2385.3837042853743,1502.3563321866075,4765.540708857489,1144.3034532299116,2872.1801312344032,1375.7992064255875,1427.0497522573803,927.2488484922287,1457.1197919140063,1117.4111477862996,1093.7717982275003,2209.643356531814,1009.0834806283556,2917.281015953212,2054.392037950667,500.2057428624156,1159.0813246768475,925.2381052135732,1696.821076049492,934.1837165015546,3381.295737239013,2361.306903010325,558.4677976712836,1127.7231859729088,3549.1884019280537,1413.6170496027505,984.0284659962248,5707.16312908206,3001.2283458944353,2302.760409755336,1148.860908695246,2370.6454986193576,1784.8190682053378,511.99932671701487,1645.490880389893,2733.6612591824223,7387.379206882931,5791.9360964538355,6222.576527024081,5659.363761476861,6389.165717463909,1381.2650093717914,989.2943402108529,2436.530608328997,1333.423622366584,3547.7674690797307,1455.756678432257,3781.409748293809,2717.2553731721373,3295.919489174933,809.9006507295172,3540.8953966687345,1664.7659172209014,5974.534305072745,1113.181933306972,2082.06152025963,1433.4206227700265,3279.0475877150043,4616.496076336205,1742.2179618524392,389.80437294736936,1348.094830234421,498.64854518731437,3367.273310155308,4574.555698663229,283.2853451289314,1249.0886320114205,1511.3723023424554,2996.8005514354622,2853.1622533396776,6024.357837231586,7358.745273949948,235.82501229089675,308.4074822790672,604.8660531047361,1604.8320146277356,1457.9661990642553,5722.887207110379,3629.079114378612,7393.565225891712,240.6769338218391,1203.1004411850547,284.19827812244495,2623.142361610869,1195.4062532834735,1519.1301830534671,1105.5195921743182,1257.3898601847345,5391.663838599447,1119.3590526125217,2302.4714069991533,6124.937055014114,680.4551461440011,1989.0652893652,5058.092980710453,634.0187992164258,1907.507217133103,2365.009738651666,1377.3543199707967,6732.243022213604,1936.760097573066,1191.6997815360814,10753.816752317356,2358.0993738691477,1404.5744216246844,2931.507405844827,1756.5042091291755,1184.384007628385,1502.8833779730194,1292.7224647535663,805.3567763452883,1627.4344588556214,1969.1490919078806,1381.138576494198,1388.8396801021875,3340.4467625953557,1447.5877937145208,3515.377159719917,2298.4810357894557,2538.54136871548,1363.505740780032,987.2164893103791,1657.6559035821826,1512.6795543956216,1697.2769434784154,1773.7604057290262,734.154010952798,1477.5388277648349,669.9304172196329,2057.3654510494102,3082.4803423464955,2772.330474467533,1439.5182540873996,2530.84687548516,1268.355095109009,3710.384976958167,1148.8938275155951,2256.7294286732104,1269.6064832462673,2110.5811939141213,6176.99685821702,1934.9744767544464,1802.584979180935,713.3013506591625,2835.2152266062267,2363.390348651971,1521.9399168200823,1093.1527794402223,2088.7007605187987,2296.147445179921,615.7633594418223,2481.452014739437,1854.3498416620896,522.432733036229,3620.0014240084224,5983.746522582061,3797.0898705802038,6144.270752541032,1822.2394079405915,1309.028572824126,1897.4430395902075,2548.77362668506,6331.489510963977,3698.192928365001,794.7896854321747,4814.226959334879,1421.1026811902213,2790.159556983359,1420.5948555135615,5438.284852401802,2159.037721202295,5462.047035576289,2441.565474208671,653.9957168035309,2551.298155200124,940.4142160226934,804.1972037475911,6456.068840222202,1150.155345261127,1464.42027810995,2786.6395760551945,4822.4527398585415,1471.1575139275933,1345.5109361292266,6461.143529451787,1031.844168676868,2439.9203199328867,1706.6305679286984,3490.4996961164843,2197.3769139230985,2242.648532157804,5736.002660968333,4816.1569483648545,1633.9695001459768,4789.960016220735,6489.797306359527,3107.9147482442163,3401.0040077398785,6457.766567947183,2427.256736236886,532.5644811738014,830.892962245526,724.5979461376022,674.4044099112415,6452.673730575817,2111.159670258272,6254.5795466597665,910.8080282189204,1380.0825886604737,2182.429176520708,913.3132639334357,826.8253711901822,1614.9869442353365,1060.9371431556315,1194.766412176037,1613.6377821745095,1760.810473578894,2056.174377303676,2071.938893248815,5756.332586427376,6648.443996068656,1400.7417224112494,6127.8656571493775,6300.837459330673,2014.809233750157,6230.8971918183315,1938.6802136750925,6317.232112836517,6704.872905068824,6295.094934172319,6111.16629486193,626.5613752768021,6237.648537668349,1023.9749236793886,6377.408150700093,499.5790970767485,1707.2112032124815,1428.6484837003811,6187.069444867435,825.1053662560404,5914.416132176026,6273.45206279425,2624.832698686018,840.2044794464476,7317.630247407496,2574.2858675340162,6257.646520228473,986.008714407235,6350.35777016566,6391.087868105046,2551.7922935172205,1687.5677103616786,6037.777764198014,6290.373533784449,5518.340514143022,6420.072112406732,997.6263786151848,5743.501821042546,4679.82056173123,736.3469564881963,5985.863735096239,6255.09181521808,6180.83985748933,6385.210270252528,6425.953679917105,7373.1160483238455,2847.29189844324,5914.287004620569,5748.8561937572385,5759.653974912311,6246.753288169389,667.7574483031781,5996.151979655771,5974.247136949927,6224.739752249261,7444.0526954339075,6244.261395770162,6841.758749774369,2447.771101210831,5479.803354126218,6234.175389473919,1841.0922344285784,7307.330390077967,4729.19623774659,6072.874082669621,1811.482281215737,5740.330153514715,4566.474885740338,2712.5275741269893,912.4633089133948,6055.237136418249,5928.164398133337,6209.328416897025,5857.663443168278,5506.395164395449,4494.845952313929,6525.184167083413,6020.547851731857,6400.7995534767415,6288.15048117595,6676.712327244216,6665.4916555385025,3691.0852859931438,3704.4791055233254,2381.0150468643506,4599.775143527004,4834.9089943348845,6277.1752426579105,164.51670137853813,4567.568554969998,6430.025563393809,3339.542216078221,4772.140531280851,2978.8832453448877,2689.218546506437,6163.099727310726,5811.7187674259885,6296.630257472871,6153.615474275305,6131.038634920901,5553.405029870761,6062.009740248589,2754.6985576859106,5398.116178693714,5622.56413947788,5900.884685767813,4846.129686761933,3791.620670340813,6312.918739803805,1497.766243318981,5686.236842787042,5240.063732280573,5667.196933402557,6231.665670311293,5687.025917241172,6167.922895306433,4709.1778605245945,5909.851204892695,1401.0942047840274,6129.611879067735,5406.298169382108,514.7701493274851,6507.8823501819825,6044.313997485363,1307.865698702461,1325.517725283293,887.0298240784747,1367.1660425853966,3009.25199840728,6341.147035521092,5591.951360484574,5423.045456428728,3641.171142472951,5631.4659218843335,7954.336575948845,6018.028522779289,6481.1113824120985,5761.981120791936,3146.28041974221,5973.976556442171,3251.647425984809,4554.619027347429,4602.053897574842,6910.669450600161,1485.2551618756004,4591.8359019266245,4799.37344220955,6174.1810850967,5901.12127153738,GA
13247,37.205173072650425,985.892710640364,1959.0722807121936,3162.0658247914075,1211.6972464222847,2840.4567836349906,3533.724605715389,3469.496014124728,2585.715419662895,331.34372164771673,635.7504420947632,1476.2567827358457,1493.392017538289,1143.4289901868594,1171.5008204635733,953.6875485115363,1193.79378143486,1196.8916627386366,921.8561199818383,1043.477102789542,899.7766941162607,2586.2325590246064,3074.3155543038292,852.1129919671205,944.9756516668975,961.7253140600017,647.0884863519825,3519.0290106951024,1195.1671205157722,366.1348994844748,831.9880611687512,802.807429629667,1342.5860643878866,7270.03600674183,1153.6983815439776,3432.4718285597673,715.4940950549593,3455.091476507213,538.6413050620131,1142.0947845570586,3393.9674050144013,3117.680898398621,1441.0008153765946,704.0257729610591,883.4891408109644,831.4221002301291,820.7930529104608,602.8299291805574,712.683581861766,2462.875166418397,1086.9963527568484,7156.18638799409,1355.1344963159129,861.922287437545,414.5286892850808,3153.1032819937022,2074.505183577105,5508.677964347406,1130.8795743330772,1347.0525712310946,3086.6275885831787,567.6237901047607,379.86423028936485,1257.5387704940388,742.2570810205938,3235.1296921908806,1423.6507334003256,2983.7724946271637,3140.959948815684,525.8505446221881,3190.8311937608446,796.2549903274838,2511.971564806343,7182.592463785511,1034.4217519445917,2096.5720018990924,7364.2540885761255,1117.0442132145686,252.62660233316933,1347.5287488287759,603.4981209621536,1218.7003951610525,313.46856723656975,471.76386419519145,1188.6033075466262,216.10785771385358,1256.7663364137159,651.3145448955073,239.8967964062831,1625.0553411222247,763.2965453392932,1151.4223774388256,462.1235978851235,2990.6855028908753,461.4979216488259,1504.289660545103,1936.0054559410453,695.1991631971405,1288.8820964318015,1250.0061885474172,773.7224026261924,1227.810494031886,980.8429209416046,3242.3206540833453,423.79851312920914,2664.0347145491464,709.8210314896414,1523.1258667781397,490.36609638355714,1707.23068802029,971.8724696154993,7092.048590796375,1136.5645072422067,275.6399592587125,270.4857738765619,240.29330240414131,3547.269379541566,5434.707538258626,1061.5553103497316,1558.4362113926334,936.8824399580533,402.4407999876718,187.96873150900097,1644.8849118108267,3505.3138915882305,583.5346379481736,568.836632817165,839.1926474842826,4611.808602795162,2478.776650118052,1035.0203393986733,3385.5804430667067,1826.1789010282266,2919.5390143045443,2546.0841768916353,1100.0280166385578,3283.8859534011235,3268.5173401663305,755.1220713553259,363.2654699592027,2555.606341098177,1087.4605055362083,821.1641262627646,1628.5379410631654,571.4373593497872,918.1067658740272,3582.7032732959447,1035.8914814157558,1037.5159435659275,707.5965857805138,1241.1436058379338,1599.9065465576905,1442.9763260478924,926.9390111783392,548.8383344696721,1255.083316516858,1797.778195338453,2004.955201687913,193.71390871530537,1548.97606618182,922.7434440464496,515.5395373284723,2378.2433636999203,2128.5212098130064,2027.4039504928207,596.7174499163003,1124.4929269630668,1240.292430934771,3343.309463753467,495.41876415910485,2268.086587227393,696.2066089419757,470.78433288610046,581.0789241322348,4363.610259370828,843.0843270772549,3501.035372954517,568.9894162480986,2609.5968473568505,346.7626920957319,784.5125757085051,2179.5183636105967,1233.9896521655694,3432.8544951516387,1354.8018721789501,873.7945062496465,2751.960812979486,2140.9725630981798,267.1152919734676,1015.9976885210087,2656.1637782323332,12655.260065668572,6147.917503234316,753.5900614912769,692.0903886635613,963.5862438751144,603.8475323211402,842.431081219386,2166.198419705445,1379.9712465963225,1133.3819177786008,1620.0409838268024,2204.988607014106,1326.7917548410494,4624.844846438693,1098.708480612638,2689.6492545594765,1491.75113182503,1328.2503924637267,882.510104109424,1521.871286039063,1140.2760751718358,931.8801247616208,2026.0664341826348,839.750289721384,2757.132313750965,1930.9262849297586,660.0189556532492,1048.4228150702477,804.391402212398,1551.5520114466733,756.9138233108678,3197.933341865085,2185.37730805648,540.7423603370331,1184.1365663788486,3367.693362723805,1297.2816481108955,996.3122606955528,5574.45263499764,2830.2307300561047,2458.264704523341,965.552792200294,2202.643832631224,1623.60898336529,597.8944246781163,1464.5370960020844,2555.795975410649,7203.5949391884005,5651.501479081364,6109.231410677576,5557.4388810291675,6269.258149531917,1209.7863526594501,852.591617514656,2294.9436854188184,1429.966692483721,3382.453584162016,1284.187834709837,3603.883460867221,2533.5744602673763,3132.632331168529,926.0653870636943,3377.983551535904,1499.477845356849,5875.18910430058,952.2225326613388,1898.9313630124245,1256.1580475779033,3114.732023039311,4475.904043901314,1563.6587811297684,291.5414626781083,1460.0754004966211,646.2586406482192,3201.5670335948657,4433.2154639939,152.23594739384086,1070.1175076740926,1327.6214271111155,2823.200755788252,2681.3009796430065,5886.847040794819,7174.96634454477,401.37435454930414,326.9125218911265,423.6125931742199,1452.6646099214418,1553.2862859200873,5587.551062970865,3450.840972778526,7209.787204719123,358.44428854100374,1025.150290540047,235.87615288523787,2458.4491922633497,1295.407793781212,1335.7303502173286,923.3028170784053,1134.5713364746675,5259.066245557892,1183.3701171800951,2122.2812585009065,5988.691705167666,713.5788759995903,1836.984095038989,4923.619789544149,464.4423727773336,1791.3611572070054,2524.313005185433,1326.9378237421506,6586.015498778404,1795.5239921578534,1029.6301106327248,10585.137862266816,2196.514639973021,1222.085233012428,2768.755212826616,1576.7738651724155,1005.7057068860997,1410.207226980006,1341.221515994984,876.4965681988043,1549.024211585896,1786.8743143786455,1429.6254664514036,1499.8573828090093,3158.587609724281,1401.4174040524745,3331.8670316799266,2152.3777857544396,2364.7366481427616,1230.4014102928338,1050.6169854681957,1481.6458287638386,1401.0302001875275,1574.5557592762714,1655.5740710337705,573.3597051903332,1396.7515188409589,535.5719796640511,1923.198873977893,2905.1300979155017,2596.468777604995,1367.3226097348027,2361.756603243757,1374.326221419835,3542.377982867707,1075.3346381161766,2084.040476360568,1378.6984645924706,1941.6380955287207,6054.505008347996,1831.6454992335612,1696.5534560994367,553.736588626452,2653.3444413077327,2523.765135301329,1347.3826987739928,946.2562778535035,1908.5622281406836,2454.527321523441,689.7919355704718,2319.7446540883343,1685.9107105608712,570.7278133796368,3438.641931769961,5863.429284156476,3623.7777640913628,6015.047100396215,1682.341609919054,1271.1387516494428,1978.7170067351813,2368.542715174003,6204.263690612635,3534.814212898017,640.67214745643,4677.628814993982,1502.5017977115444,2606.396041704072,1528.1812889912533,5307.515507902522,2030.1572043179528,5348.696652140793,2296.6714613521413,750.6724246193986,2374.4323983869604,811.1794668853886,640.2267474540147,6311.426724892364,1011.114498729799,1330.3006603847148,2620.8203074760954,4688.477270096935,1328.5525711361674,1453.0056186556005,6333.048173165153,861.873108497359,2257.714365798217,1802.9569153513185,3308.410497331748,2015.532805443298,2396.881773364997,5600.112528839157,4682.94378992943,1729.9546483692066,4652.448801650697,6361.800533490623,2924.297389462974,3234.0032337964476,6326.894102280105,2244.331833197258,351.2768078436576,651.4509172084851,760.1839788565352,496.94996049145277,6325.385907798322,1946.6621068765478,6131.235243908194,994.4244019375243,1457.8543021636112,2009.8603625187116,951.093324949556,644.9372142930522,1521.7602933621085,880.6091888634762,1041.7226405320996,1704.0269186892472,1579.0754065615106,1888.837202627629,1889.965160915256,5637.416928428554,6527.523105889832,1461.9120455258746,6014.600255508388,6168.36601711924,1895.9514310162235,6119.669663040678,1754.9483773682366,6172.204755293404,6584.562079711697,6184.598043049884,5996.709000747971,442.7852854614093,6117.478078271324,840.2046640897852,6269.121233059696,529.1484336795494,1539.4913867317707,1480.5379634042804,6057.845393690559,872.3251617511438,5779.593471747124,6153.206844574461,2477.6074859062155,895.5178896848071,7133.943312149896,2390.5122637900517,6126.5885966149035,1022.1222775588983,6223.306028164198,6265.882345194591,2405.9113113093467,1507.7416090149468,5917.500963430907,6170.597962640123,5406.171342792632,6302.732545920678,816.3695493665797,5607.3515869219445,4539.379880821577,846.8822057019906,5872.189019763402,6124.349092038397,6061.475635161738,6270.481521410595,6295.9754216045385,7189.331790226714,2696.6716919466808,5793.9019490737855,5612.719971981639,5650.2790738232015,6123.307419081048,673.8475981567268,5894.043348738209,5860.64670520748,6094.3876382412855,7298.418459157287,6113.465618718955,6704.281274184687,2299.144034949606,5378.869323185624,6105.777982907475,1668.9584620706478,7123.569936191116,4590.151176503048,5951.422392284024,1639.3487350013004,5627.0028333409555,4422.6478271848355,2535.260116839801,933.9792331740433,5919.887314007857,5802.4704887450835,6104.929522004588,5741.354188262465,5398.1066679671085,4349.700016493174,6394.2009148987145,5900.691320630644,6275.17463794399,6156.932925935922,6530.706545700214,6519.445542767478,3527.638490151213,3542.128829941928,2199.7221643162648,4455.107742847702,4696.690630068932,6145.949913221247,112.29071557843706,4423.117113953858,6285.039348502267,3155.7702343017863,4633.721309572574,2795.265501797305,2506.574547265645,6036.962030683095,5671.67194300955,6161.193386297747,6028.156906375701,6004.944309836346,5438.893128686486,5926.421805264256,2571.3602718945835,5285.4047379808335,5506.653286614169,5758.529420617755,4708.609545110739,3615.36639902758,6177.2832631886795,1335.3475424533099,5574.1722166965465,5121.952699927047,5549.511377023297,6095.805705907408,5567.641296257362,6026.387129312205,4572.097338181726,5769.142753688809,1281.1442403620465,5992.818857735841,5278.751896362408,336.08572584310406,6362.641063672583,5906.9234678636185,1145.0831372582925,1158.6694964669268,895.9992889658662,1196.3951135316725,2842.979042228174,6234.378666759948,5460.441199351438,5306.522456994015,3459.3753897228003,5500.64013882734,7816.031449076101,5888.8399224369605,6364.764126032572,5639.067910060567,2962.5048262178325,5838.088308011085,3067.9706532196533,4410.389848929609,4456.813516518242,6763.3526617753905,1557.0042689186414,4448.8865825574685,4662.851194645259,6031.03600251573,5759.341597301623,GA
13249,153.01417840987355,1125.309530564475,2008.7202525913733,3165.8928706540346,1192.7136167648089,2855.7063322111253,3607.506053217553,3494.993851819849,2582.2237150211467,452.6364138815557,515.0931925689554,1599.9117405614004,1623.535419498368,1078.4735796688813,1303.0774762008346,1109.5789157164959,1323.5733279845529,1327.843097382839,798.6670734658172,1174.3591828487174,1032.6986921937448,2632.9761299860484,3070.29141439004,984.6379627362088,818.9418924049679,1101.495910850009,506.88611058870254,3584.1849218689513,1175.2812084382585,480.8427024349268,967.5057776965638,904.8548122282828,1288.8655078014426,7270.552944925781,1083.9703422047805,3456.530337659033,618.7322654700971,3481.0884258353462,648.9827119894478,1219.3400219088155,3424.978990980172,3119.6241226008315,1382.3123554326064,847.5385904400655,1040.3006102234037,985.1440444765294,683.6185309450858,755.1436171624733,869.4337914548087,2391.461298893045,1228.6417009533466,7153.633657287906,1488.2339245097526,743.0952177394839,318.2192399828785,3158.3718794977617,2081.2896721249467,5619.259126903279,1284.5923307758808,1437.0473154695792,3090.6031512928557,607.5895000422365,407.3639567114357,1273.7500741391111,864.223518604227,3270.4972888874245,1551.688119405914,3043.186078047292,3143.909686831477,669.6367954504867,3269.4260190890263,903.88245138888,2498.424713696951,7176.416931010615,1185.2906014236094,2075.785164808338,7368.3548364179715,1148.7638314702133,268.95814234384187,1487.6563977976261,487.5448363317137,1322.0650716919145,294.0156796048838,527.208156193403,1340.3547265686366,351.619476594595,1404.6310204150116,509.14992574241677,395.4413448624188,1759.1688431883133,782.0772427240979,1286.7116467106869,336.9461014460833,2992.640717508603,586.8525407559353,1638.3278121184755,1976.8093300247747,849.4473431378258,1334.7765182832945,1378.2377285891612,635.555891644329,1359.808052025368,1019.7746802184993,3262.677494130057,287.977824763363,2741.502264203311,567.5064385240001,1667.207496062453,642.487649484662,1682.5182423523156,1111.3851385503501,7084.487051010377,1253.4762399245828,348.44676478373367,351.72623208738577,389.0118242995917,3605.253681652255,5554.337105608488,1186.5888531288265,1660.7234033739041,995.6796011210592,253.87856590861895,318.80218874592583,1637.8851959395365,3554.9495816360118,540.7700918843905,637.0977315925752,995.5953263319284,4718.055171218537,2560.808435551908,892.8149340912053,3445.1658366211927,1944.5349703738714,2998.728065162445,2478.653060954798,1231.6691675944278,3291.296882225335,3339.2556837409475,675.8003455367884,207.58331575986702,2621.40146332147,1223.8188797988898,972.1741419930522,1638.3059143972384,463.5655284023848,1064.9590988823707,3662.148253497867,1191.0912018653112,1159.3196716905009,843.0500043250107,1382.6344225626767,1508.816844308404,1362.420949598158,1049.8038154367048,688.5737119423043,1398.434603131521,1932.982973311057,2088.9093825411805,252.38381412895703,1455.6549598209217,892.5605502007302,410.7579918837308,2302.0027851602576,2169.680656702993,2132.971520250108,495.80937609181467,1265.2336287126168,1391.7760078333374,3355.5718515122308,588.0020386596973,2306.607726187021,582.1230973846547,346.550693630827,705.3051589921319,4461.878257897871,763.652719160958,3531.205283307561,723.3023994112335,2540.0144212206624,500.19832704179845,896.8938437569691,2203.4388839032667,1369.6902936850774,3452.8098926540065,1477.6562923509712,1001.2402858934644,2837.8009274631313,2185.3303605087053,194.7536552759521,1169.4657191424499,2719.619729671683,12724.889148882698,6258.112052175802,858.3797250287289,848.8411787318,1114.0043781638808,684.0074651063867,993.1341126651328,2276.8422210861513,1462.1309497933942,1280.9473053589338,1753.6956137262546,2239.4815031680773,1284.2801832173118,4726.901780289654,1253.2883790904905,2710.9695644874687,1613.0017680154936,1466.2530742514364,1037.7146647914872,1667.1785301661546,1294.5735476378559,1019.6704706269346,2037.8984876778454,784.1452467817742,2837.674914477522,2051.9389902883217,742.3240419317871,1181.9801017067336,934.3916827910498,1454.6773603610632,724.7842106449933,3210.5581009880284,2235.6160530232814,697.3868908714057,1331.3423702816956,3394.425931510243,1425.8135965787085,1151.7073412762754,5683.452143277075,2891.104879114453,2382.4017267671193,988.4609870763212,2271.2341877280287,1548.9596080655785,731.5245715505138,1441.844729192833,2599.0492702810097,7202.596959982359,5753.140023425976,6232.889716545794,5688.345096584207,6388.256061652349,1156.8316341138745,970.2558639137687,2399.3347148876546,1562.1825976518478,3453.4983820104558,1350.1251774764446,3646.448749795149,2541.8274416303407,3207.5227099539693,1046.0929565687827,3453.1133724353276,1576.1910050057609,6007.39682449417,879.0177370203671,1889.6071731139982,1219.40681081839,3187.924044260941,4578.18423530596,1530.1546662895926,149.40190738274666,1583.7843748933828,741.4808489926984,3272.1902918522346,4534.7715455764,64.3245230751714,1040.9051547751221,1331.7873159155772,2878.040631953855,2740.5631693629484,5991.237595167401,7172.9046791452,478.11427787314483,192.34570161948142,419.8887587188581,1548.7456893446165,1686.2954404975553,5694.159978219177,3491.2364422516284,7207.6149731698815,292.22376434335615,1076.4988029513333,81.84073233111944,2532.3465611610213,1425.6185353707058,1332.2320678206383,912.3673407837,1259.9144587585267,5368.349106757656,1328.2667429202686,2157.939098646328,6094.233677907388,864.7546554559526,1931.2073819524805,5031.431990818119,416.339859716958,1917.8733854150448,2453.725840264467,1480.2843399585147,6680.988960788683,1901.8784598721882,958.0297765438612,10521.17854818266,2276.261026324958,1249.868184276989,2845.1920505626454,1616.7285257062756,975.8817526191467,1550.6549790819645,1490.8593671284234,1017.9185447694676,1694.5788526783742,1770.722015833889,1579.4084025758298,1624.2032566907224,3183.545555873717,1555.3703801294726,3342.2089618177656,2252.428091471076,2420.1389109486504,1347.2239416276375,1195.3382529962191,1534.8567315367584,1531.8733162405188,1697.4122903916848,1781.224867350833,670.7475275917442,1541.9154157345029,661.5579935706429,2035.6585298807772,2949.3314591026306,2645.790391654393,1515.3770261692457,2427.729728330181,1501.4412809152673,3608.230438011197,1224.01419418944,2143.033802474174,1504.0239706601324,2009.299652175525,6171.6669920562235,1965.5930862835394,1829.437273130934,481.6957074237996,2679.128831526709,2454.809584194688,1405.5633448833007,1052.9436608312976,1945.2125194428875,2382.7676066555873,829.0174223909668,2398.933234759384,1755.7279267669944,717.1303303758999,3466.007681467128,5982.309627737261,3678.050262944027,6126.833915789268,1790.482223322491,1426.440917903256,2118.5370107482304,2403.300424145988,6317.619219266874,3608.956896236098,744.8586754862538,4783.645541224784,1641.704468531405,2611.51282360304,1654.594088420202,5418.365738103023,2146.7125685284923,5472.702118155518,2397.6242315631525,635.5058952404747,2421.339995942344,935.3592068878647,730.7085109064494,6408.292322431485,1124.742900787276,1445.5764127451794,2692.3472654990774,4796.905850465728,1436.0174575940061,1579.3706495025265,6445.628038224024,936.4357471607511,2282.337125353282,1935.762953070022,3331.735512431608,2043.194905000713,2319.472357063205,5706.198363067776,4792.060511714049,1862.8536151512506,4757.616991054122,6474.449044827672,2919.557155968396,3302.213399989864,6437.123174409963,2232.0628241589043,411.13273772778524,704.6344884312839,911.087784717332,563.0625459903499,6438.6350164467385,2022.513662272724,6247.708491927707,1131.4945184699284,1598.4334946743604,2069.4049981688345,1102.2866746474365,636.7214353258662,1661.5717476606649,924.8590385394716,1140.2305589454413,1839.5876499435785,1609.3082610095726,1959.8309773913552,1871.4825411852835,5757.427991835814,6645.661747240707,1608.250339809458,6138.352029727554,6277.2689536740845,2020.3295135789685,6244.714488150526,1756.0756649590314,6268.720616616144,6703.130182064139,6310.086613725537,6119.668312347423,469.70519431711614,6236.349580146029,850.7842407785042,6395.969912199073,679.6578798354043,1611.5193868396466,1629.5318931752588,6169.610957235544,1021.0269476398737,5886.570695785352,6272.007337501721,2575.551849218389,1042.126292444651,7127.967475175133,2391.888567511912,6236.752199716659,1173.8667356536266,6336.7949685040685,6380.837744501144,2505.5176195621825,1547.7123097147517,6036.385647156645,6289.735759424627,5530.92554385786,6423.5661217846555,800.8356029744733,5713.1894378095785,4641.76130909309,970.0041873144426,5995.730037939991,6234.786612192934,6180.962218030411,6393.140109256953,6406.987756219058,7188.329896725137,2790.1817579656513,5912.7655115149255,5718.567952524565,5776.707410985641,6239.705883423114,829.1174847123332,6024.707159171529,5984.242546939677,6205.175936045277,7393.728517041741,6223.8625967352145,6808.302266168925,2395.941405122847,5510.407903549589,6218.213002177723,1616.0539603657235,7120.1928275967675,4693.879830749434,6069.418225703455,1701.5773009413308,5750.887852020936,4521.615463947354,2580.505363271325,1088.0582063084362,6026.30284717773,5917.257697391638,6234.189364638336,5863.159325328965,5525.328246418325,4447.304834905618,6504.30279276891,6019.892451734903,6389.791868570547,6266.943129686469,6625.955779283995,6614.655161365835,3601.6776248679103,3617.9435901591783,2229.880571388393,4553.143385647354,4801.144676795121,6255.958667307028,79.1894734396856,4521.413624642824,6381.541898153694,3159.4386202127666,4738.027900688334,2804.4753931376445,2527.4205448002867,6151.279019309597,5773.689416838004,6267.405025662021,6143.021435969466,6119.311502886816,5562.075695696053,6032.612393440635,2585.361398800349,5409.864374878222,5628.847549419934,5858.133279340183,4813.72729226136,3661.8182926016807,6283.301780208281,1263.3458385928247,5698.913685926614,5242.810634920496,5670.444663955057,6201.655029240082,5687.34800792174,6126.694903259727,4677.737450635105,5870.437213194911,1407.4280550062247,6097.840180858667,5392.324339629462,325.45745043370016,6458.823465125329,6011.418921817548,1074.3044802623272,1095.6415560563862,1051.5612037135734,1264.8876787411791,2913.216533143589,6362.173515795432,5570.561234228838,5428.395392541093,3484.288418424063,5611.330703638651,7918.780843984895,6000.719087734217,6486.268608531995,5756.109931402229,2963.0106166864625,5944.045021753683,3064.384165465485,4508.9368364859165,4554.22277452551,6857.003603483045,1699.9866090067223,4548.762232203671,4768.950419073764,6129.658223397712,5859.5435584807665,GA
13251,279.67021073388247,1166.3197643534638,2204.54649194516,3401.735823192261,1439.7421348642717,3083.2903564413778,3772.892875199233,3714.348426082881,2822.4596422119757,281.373048641183,480.7538129584333,1679.2133152462839,1418.5104639952847,1337.6066315938956,1104.4029210586746,1063.7741546185678,1121.109474790334,1127.5775494227578,755.4842616040372,976.4101353665448,842.1112499020351,2831.8067506062957,3311.038742870052,794.5136037760782,783.3659928416223,1141.7776519720328,537.5390542622008,3761.1712201151104,1422.6885279248684,597.0198548440077,784.7018381930126,1033.3125507587579,1546.9803464257918,7509.163472295508,1343.2247110245876,3677.116257508663,875.2702474781343,3700.0078392901332,434.5990561339185,1382.8037366728845,3639.407040026649,3356.687872280325,1641.1163921849923,881.1882178130384,963.6952706108591,870.1765218166411,690.4908673529452,752.7706925549647,814.4137928232393,2226.7034339446154,1260.3882192983738,7394.156599290841,1290.3091892590642,689.8290602327991,250.3542703819719,3393.245839634636,2314.6683904988417,5720.243820951353,1161.4965428335809,1581.408430987189,3326.324480447652,812.4282505054064,148.35509711281816,1499.5903484261762,657.8264883478797,3480.825367741881,1343.5010952967943,3227.525033669928,3380.325155728409,709.4775119589477,3428.1138321262683,676.0734415706612,2744.168412351004,7419.0950774861885,1177.7605893799946,2324.713625088513,7604.6146784630455,1361.8770657783466,486.5483072999589,1306.1741884358796,442.685376666948,1444.839973237931,78.92772710826182,270.913942724854,1203.9757225874478,245.5344635108429,1249.2002005177596,547.4324614863962,404.7540499266789,1560.8619427883264,1004.8240837337123,1338.1120967773718,584.6168186688683,3229.655362513391,403.64858701914636,1440.8662396477955,2181.778187875056,829.1953267304002,1534.655383820473,1172.2179098846802,648.7993970752473,1161.1890809836138,1226.2885971703347,3486.318686373765,528.3744509843561,2902.2107028134697,601.5983588369721,1495.1425093472922,647.7982122247737,1932.786902839516,934.7159878883563,7327.947363464228,1350.6381594861764,521.4112541698063,140.6053378966505,310.97239170108804,3791.1668940159852,5635.012027782303,977.69919460364,1783.7501438072518,1182.1056440981329,476.53627952182984,417.5882807143988,1879.4626555217776,3750.522728092292,794.2322068530401,383.92191493361054,908.6277167390144,4828.54516196647,2715.0173529496788,910.639889911066,3629.178601277802,2034.2424865180678,3156.737777881161,2307.926452422421,1034.2396935579975,3524.735646672669,3508.961830937448,934.9285321269336,367.6876594089355,2797.9851021738373,1036.8474814590134,969.046245103508,1869.2641312102442,399.9633223262574,1079.603026414983,3819.349531669904,1151.6208059029454,1246.8276667711175,664.7720286609256,1412.7857161789916,1764.3890313989755,1620.6900939627728,1136.331706273656,530.8151958193369,1421.5580911709894,1735.7765588802636,2240.872081786179,76.66849124007287,1710.550825972142,1143.5074912686305,666.8044908873277,2144.8130696893068,2374.2996655808024,2248.3649856968987,752.0894145821812,1088.7280842690159,1377.1127996234359,3585.5361335019347,355.31302338812515,2513.834379976095,524.5099188179491,345.31376960987444,795.7893175040558,4587.722755974469,1022.6785530861033,3746.4123297722463,626.1717004238773,2372.3551214986387,421.05337079216275,675.1853888272923,2423.8619253071465,1178.8699546780801,3676.8122042563264,1559.7386613371177,1077.8177936212162,2985.9057144829603,2386.705770524813,450.4954434915399,1145.6142479544847,2899.109241188025,12894.336467844487,6359.551077862207,982.7860401620296,794.7367280983017,1110.467500599306,436.68009477335886,859.9575278120942,2381.8529863800504,1618.068943014822,1126.4687888691285,1805.5487193592733,2450.549625206179,1540.0573540894222,4845.536460854485,1218.5994314020672,2933.7010146264092,1393.5494599299575,1507.224693845759,1002.0611548961797,1499.0988780052685,1175.6973621769678,1169.2998621577162,2267.689442159957,1041.8618942642734,2993.825167305485,2135.116522470244,495.12112975408445,1239.7856749279254,1005.8929907570983,1708.194772170944,975.7663282280839,3440.2186325399834,2430.7465371576973,631.1103874116699,1174.5575752713155,3612.6917816220475,1494.36252564875,1046.1260262479918,5787.71305258268,3073.717957037155,2224.4905260296505,1208.6432818809444,2444.453457029477,1807.85874076327,554.7660889925442,1690.969115010386,2801.534878521537,7442.161731483335,5871.982773643619,6303.116474680269,5739.252705915455,6469.885526544212,1414.6965517966662,1069.1084875939134,2516.300478783725,1361.7025998070653,3622.735248739521,1527.7330408434939,3849.5986648556677,2774.4289121939564,3371.562848077572,831.7568631784305,3616.678105256456,1739.475826288062,6054.20377007516,1138.2571225171014,2132.723601168244,1473.4289902564035,3354.34697729339,4696.496447411262,1783.5443721891213,394.3452927954133,1368.2094397638416,504.8367365874244,3442.0844960853087,4654.484855881845,312.0414650431053,1291.9195373592215,1566.155808846962,3067.83918735005,2925.1893573721118,6104.640672886629,7413.1278272126965,237.724176601508,268.786737702935,654.2011999818234,1682.9265461509033,1486.2968753810026,5803.30381766708,3696.6123311479687,7447.909254231967,165.818702062758,1270.8404358054906,277.378073465515,2698.2457720708976,1222.6892408607189,1571.3626259742637,1154.6047875785416,1338.0693742792364,5472.214123442617,1163.297424417411,2367.900368295655,6205.305640924966,739.2660898666118,2067.2836613849845,5138.5456722624185,670.2108939669544,1988.2339072631894,2287.6526792670693,1451.9804567448587,6811.686913965078,2016.4914082545667,1217.2797942338875,10780.354576946394,2434.161416583571,1466.4651300904056,3007.28789868967,1822.5005168871546,1226.9538039237254,1582.611597163828,1341.62647801272,849.1200027744269,1705.7279394819607,2017.2412793831652,1429.6690102517484,1409.2991144490866,3403.321558302301,1521.3640131755847,3573.577686099796,2377.700624422732,2609.424849654391,1443.7718190794285,1032.3273068373403,1726.9804732052078,1593.3560063865064,1777.997326603836,1854.5069077501385,809.5587183681866,1556.2032038705343,749.5880251769588,2137.6941172519555,3150.8137796722917,2841.839663459297,1517.2350746622985,2604.2036452618554,1292.129033521611,3784.3078913356453,1227.1234948496915,2328.24705072027,1291.699088784962,2183.946421329327,6257.742789945454,2015.264048198907,1883.0316209074247,740.6570631203313,2898.101810304256,2286.3257259968523,1592.2315292062533,1171.8566010411173,2154.202782752128,2218.542016134059,661.1891585047368,2557.496602671484,1927.8850380687384,579.2292105017393,3683.7246376504295,6064.474158759815,3868.339095479774,6224.946607802271,1902.080751487,1381.549363285477,1931.002174125752,2614.142022023796,6412.208509889239,3773.8362196835888,871.891538473067,4894.546174610395,1456.1309231831394,2846.297427201569,1442.7798405306478,5518.907151136778,2239.634372177197,5542.600004709616,2520.961339239092,577.5018028982765,2620.0230894061424,1020.7365181957828,878.7797340155588,6535.700725986414,1229.8531480866745,1544.6471179595017,2861.3571733393683,4902.927033067129,1550.6192102923856,1368.0841674790915,6541.847471779878,1104.3935752855825,2502.196469703751,1733.590359920265,3552.9249564285265,2260.372457033824,2164.1092360984967,5816.386515442311,4896.6691306413,1661.327623076739,4870.215560308715,6570.503370182187,3160.672904727392,3475.320600017572,6538.396222262356,2476.9991702416314,596.9362045747911,897.2291324810308,782.0914190261524,742.3970898693095,6533.392319476615,2186.252205138148,6335.327644360594,948.0946122150003,1416.8967889145495,2254.0060581016714,968.2313024186244,876.0443787745163,1694.7054513101327,1126.29667025087,1272.497017266251,1643.781858430065,1824.0584703653485,2130.2046628452867,2119.202772636524,5837.0397929451065,6729.176192600439,1444.3769230853893,6208.403941319874,6381.405194729339,2095.5555136883,6311.345124125875,1992.9210658596987,6396.81520384825,6785.5970723473265,6375.506258004172,6191.749689292727,684.2823973481704,6318.372953335345,1079.6730491849023,6457.699511971649,562.4933090680659,1781.0100752975588,1475.736990875204,6267.7456284986865,877.651594351667,5994.864903333282,6354.177336633026,2703.941898835261,889.7124904284898,7370.525797645187,2629.0233014226205,6338.267904277329,1040.9221275395803,6431.079608141253,6471.830449082968,2631.0758100460957,1753.4582223668958,6118.50460765412,6371.0918411656185,5598.844655736124,6500.739626217856,1044.9669678664634,5823.869730060276,4759.836675345707,762.370670336005,6066.420216780221,6335.723870184581,6261.552090025023,6465.799495808409,6506.611081375408,7427.895882422014,2925.901213852804,5995.015842072972,5829.225076156075,5840.019801581348,6327.501454081235,734.0845071679936,6076.042095946182,6054.800964942809,6305.384096680593,7523.586541767652,6324.891579594678,6922.057663655271,2526.651351113041,5559.623210433685,6314.87158072859,1874.260928164068,7361.213737735353,4809.333001619797,6153.613553683446,1883.2444540269069,5820.87731031908,4646.144928987784,2780.9243066005065,972.4214580165508,6135.6584610913305,6008.901586833398,6289.377960460167,5938.3091488486925,5586.708849576007,4574.358286309179,6605.810708424613,6101.268886388481,6481.538835678934,6368.7665697232405,6756.183262966577,6744.957210588986,3766.7058612895366,3780.4491505160345,2444.91235325578,4679.349308816366,4915.113589929401,6357.790943309206,190.14850121438644,4647.166918900487,6509.61624064141,3395.3849019702584,4852.3280170366115,3036.501652368677,2750.487576614157,6243.833031400846,5891.799680655464,6377.050286179571,6234.355508792271,6211.772313888845,5633.99861701833,6142.417281955067,2813.805471430481,5478.6452176422135,5703.201253111944,5980.752186976484,4926.386079087515,3860.861508231247,6393.327409325533,1522.5226582591495,5766.73314579707,5320.759807457537,5747.879753283438,6312.059685439926,5767.741653460531,6247.8768991318,4789.4616110397665,5989.87611966498,1481.8317647731055,6209.945369284411,5487.005954806445,561.4881659581736,6587.4441770456515,6124.605588727652,1333.551869153826,1354.6649518219554,950.6603193325856,1439.509380646543,3083.82092533377,6421.348676983806,5672.5488060161015,5503.702212074905,3704.1464356921997,5712.088579988446,8034.592745107017,6098.704264702072,6561.751322932577,5842.7288563798575,3200.94273814576,6054.36465913886,3304.869076081812,4634.242737567848,4681.558976773691,6989.972774569301,1524.231822920528,4671.6030588857475,4879.69730763534,6253.973239180983,5981.045780390135,GA
13253,303.36650644859503,1257.1472823209185,2044.730539008541,3151.3761351902044,1168.527238003126,2853.5001777833704,3663.0094905238707,3501.370330392025,2562.2899672343287,599.6964667789737,442.3715090059822,1713.1231378339173,1768.6314264020514,1009.0626884243244,1449.6414049186285,1261.3238126038068,1469.0339829985987,1473.9865741108044,710.3380766642459,1320.84193458305,1180.7240785301606,2663.2229894643,3048.229747221274,1132.6082524893095,725.8079336454599,1233.8222381077928,399.0930467025064,3630.787213045864,1150.4870950143145,601.0333092201647,1117.0839442399076,1003.1183742144472,1227.8373202567764,7247.459181195526,1009.4696718368266,3461.544274327639,527.1593598957645,3487.998197310171,787.5122904504769,1289.488612960279,3437.070668641666,3103.356566256139,1315.089228895869,985.1721222142876,1195.5836393967575,1141.6981294520415,575.4358157302563,902.5231833064728,1023.4394548371253,2352.390911555496,1362.3882499313495,7127.595483217223,1635.3370467104419,662.8481080475092,307.87430229299235,3145.3110640085993,2073.985594063989,5712.159205100805,1441.1311132520748,1517.3546180076196,3076.4384624343484,659.9330002095387,505.1957453357296,1283.4682909592711,1007.0047373165413,3287.354728550282,1695.6005484538864,3085.07827476852,3128.5781746696007,808.9829524911542,3330.5849930564677,1037.836321653277,2468.834814562482,7146.797742967493,1329.7033180104565,2041.0358585536535,7348.737713212942,1175.8397050290414,341.9417106125889,1638.7147715531241,424.5011698491507,1416.5197096650522,371.86991657569007,636.0657531698083,1496.5083217347324,505.11310918645376,1559.4357411890746,397.1904907237036,548.1380293231688,1906.5066843519712,806.27011076825,1413.4633823984686,227.54633246097927,2976.7441784448743,733.7382662643512,1785.7682503745712,2004.1497464071756,998.9550486969946,1372.9013044614214,1522.6387078910807,526.902010415513,1506.497129128773,1056.4386557720911,3264.433533123432,166.28132509909614,2802.7633214013226,453.0173094643589,1820.162384599654,790.1569866137653,1646.601390145101,1262.6363214659011,7053.573982757674,1361.8317133519324,448.70869158570883,485.07166872434,545.1518422443181,3644.426601179261,5657.50265131461,1329.6014988595527,1751.7461562802932,1051.8843468903335,109.44664309648506,457.118090615164,1620.0978671759733,3585.6690398032306,516.309999538195,750.2816370379975,1151.6082367852198,4806.7990157157365,2627.314254443505,772.1901315625032,3486.303655536564,2050.8864781763655,3061.1020856667133,2443.634220880625,1378.43675652606,3280.0302783099955,3392.114625198325,602.0221702281675,77.52329114708569,2671.0519001521398,1373.2278309377427,1117.2926685343139,1637.2629832898392,415.24517396465006,1205.0162671153182,3723.470070998069,1341.529222728852,1273.2318493752941,993.0129868349492,1515.6744709503305,1407.7492799897946,1273.1584776558216,1165.6937515852248,841.0327051349003,1533.5030386428805,2080.8025229881328,2159.1431692528213,384.75904599178284,1352.7321214960166,863.8141543613896,323.44654268154966,2257.917503688749,2196.284447539445,2225.2783053996272,406.1448277520513,1416.8652390202847,1536.6082545763772,3348.9927861390593,717.7625552669722,2329.888150030357,515.6951067973944,284.97875476068015,826.9148650550729,4542.163799513318,686.3648707987479,3542.212370224731,879.8875748718502,2502.397204242341,656.776124203091,1033.8322667149253,2212.5836146580027,1518.4822517111572,3453.709749427948,1590.6066443456493,1121.9911524544045,2907.480265796229,2215.0672035544435,209.72318014415504,1317.31119637132,2766.565380025327,12769.218003568987,6350.213353778377,959.9669038910637,1002.861067469323,1258.0280489501133,803.7789491179842,1149.0955716960168,2374.0262405279213,1534.4915079342825,1435.6931421179538,1877.0259491133404,2259.038632302637,1234.7580345151282,4811.050272417674,1402.6639160066998,2715.3327214196224,1752.4104814656698,1595.199100655114,1188.3258675405307,1820.7288607709424,1451.1551533466477,1102.766781965948,2035.8943416257694,732.2470465306508,2901.853440927942,2160.7786000969686,862.2328288154889,1307.4788050857287,1058.21487921788,1348.2121000255672,700.3075481926622,3204.702247092176,2271.024367951127,853.1151248310657,1485.9141187335572,3402.273300868525,1544.8775809677386,1308.2080727336408,5774.546885946348,2934.902522296509,2338.406705810577,1010.2933258642627,2325.0422233497898,1464.0497783392652,881.1213714789563,1410.3690111234891,2625.889844140182,7178.056404563972,5836.043856535951,6340.380838845121,5804.609242317392,6490.286370172883,1098.5379774835183,1082.0391588572754,2489.5827508461207,1708.6414086773711,3506.445370617444,1407.6921584112945,3669.776968786538,2533.755830733292,3264.9628294808367,1186.6792405314593,3510.303530541043,1642.2045805693924,6125.100962125054,805.1439274299225,1867.4617731929727,1176.7246504678876,3243.647395793347,4662.711563995205,1486.8314893492975,70.14755484061261,1724.8712892950011,869.7090590214972,3325.07161963012,4618.551406963612,176.08827114854856,1009.292270531768,1328.6712226905295,2915.717624922344,2783.1635023097883,6077.024463039323,7147.336512009496,602.4239806469902,152.84637799117183,448.22335724631307,1634.2353421952853,1833.0552631296173,5782.589794401394,3512.6806467449683,7181.9125970586965,325.8545318661843,1123.9661692806737,92.58037884097207,2590.5825036119368,1571.1139851294372,1321.4479666551047,902.6817063605231,1376.6272972040226,5459.961951824415,1481.8349329583866,2179.0837260150197,6181.234855335507,1020.8900319412801,2012.6357453586127,5121.652145824689,399.2404011665662,2032.9943820463131,2415.3238419913823,1627.5742425352448,6756.009658412211,1995.8784222569973,883.989556240144,10434.81088866034,2341.4147071088205,1271.3911811521139,2905.104065495486,1645.9279318050344,945.189137279765,1682.0459832120716,1646.3142581559632,1170.2523620248844,1831.5460736747768,1742.6426016575974,1734.892843516214,1765.617967262521,3190.1265277097377,1703.4969526856,3333.743136955421,2338.586891651757,2459.955667254773,1454.8197781985593,1348.9410845861694,1577.962594927055,1652.9073910716386,1809.3904417452359,1895.8492975495983,770.3102971366952,1678.7143915634076,785.4916845689563,2135.501885015006,2975.989771471702,2678.6026466923026,1655.6797141429777,2478.2478905154544,1644.8781807477426,3655.507682459972,1365.6835837716071,2187.718949120629,1646.3269128537768,2063.417488625689,6271.696396835379,2088.7177649846194,1951.718592806152,429.18154211108816,2688.084818556932,2418.2055401531093,1454.9023058966773,1153.3680244325765,1968.5972350429327,2343.348788784493,980.7836813762954,2463.055557283785,1813.5447873429102,872.0011773260521,3474.3298180220036,6084.396854390721,3713.274030065866,6220.795053487952,1886.8093584114367,1576.8671924213734,2268.946657681567,2422.3629784701416,6413.2510605349,3664.8338308995644,848.2673753501166,4872.081657219398,1792.11103939045,2600.040006232895,1797.2840874333576,5511.692993922375,2250.531720598676,5580.948653782748,2484.2711263385195,564.7647885125751,2452.56374610382,1053.6659583926273,822.522367689315,6485.545078973022,1231.0082796820268,1550.990492123893,2747.640688179395,4887.989380158252,1533.656113515017,1722.174043018947,6540.318732155106,1008.7255996322633,2291.787380456828,2082.107149840639,3336.3027900623133,2056.9796383719336,2273.9983948161553,5794.040570857162,4883.90876976255,2009.3334957352054,4845.142894705054,6569.203023603921,2897.224430264467,3352.5365346567796,6529.1692174208165,2204.946017297947,495.1873231766661,764.2133741556347,1067.1364811546384,640.8089707301539,6534.086060989583,2084.8348762616647,6346.915186765819,1281.4633405318318,1749.6280256160785,2115.0235848410994,1258.344352239957,641.4424036067378,1791.9645694280555,968.901444791786,1231.8049406657967,1987.709011899092,1628.9175931926718,2017.5767590671137,1840.3247880600845,5860.924142556683,6746.590190114673,1762.3074972457596,6245.992718653106,6367.912397304094,2132.865607393219,6353.820499397281,1745.3774849805081,6345.677157186051,6804.527271987789,6419.686256479499,6226.395409934548,520.6277114581321,6338.304617571876,864.4975813840393,6507.136941972435,835.7431132512953,1672.5995630332566,1784.7064392119144,6263.5252967882425,1176.3517010375028,5975.290038344272,6373.864251808419,2658.5509056911696,1196.663124655961,7098.579610231282,2377.594230723006,6328.830225745898,1330.0492713625556,6432.56812088722,6478.25219419049,2590.448043205732,1577.5840448088895,6138.451307807941,6391.971802992114,5640.01252054717,6527.696663343873,790.2590228333798,5800.752435678083,4726.340385062196,1112.8159475496393,6103.188441584233,6327.17313470128,6283.649542568022,6499.399568097743,6499.930172562019,7163.795848863255,2867.98928775292,6014.868131624748,5806.138730650344,5887.635093224226,6338.831241315358,985.6273942115936,6140.550189036568,6091.769864125818,6297.972274567804,7468.721509175261,6316.209463192579,6893.218635523611,2478.2561633558357,5627.500974469249,6312.856070687833,1552.4307406586581,7093.366947176305,4779.883662895512,6170.45032477596,1752.2112654090015,5858.858823586382,4602.598314996544,2609.4269509266337,1244.6334029251427,6114.314305551431,6014.717995835293,6348.277303854667,5968.6680321889635,5637.300593901802,4526.88861000574,6596.171420209708,6122.328923379941,6486.817833074937,6358.832855515257,6701.310313384469,6689.973128949852,3657.4596586251296,3675.547187211225,2245.138319018164,4633.086237554168,4887.850438220533,6347.852652740365,226.9463946372586,4601.670142029206,6458.4138638442455,3144.7810491470477,4824.625874518742,2796.399944942813,2532.0008560519173,6248.083894468184,5856.996267705478,6355.050720303459,6240.451142606564,6216.189725510988,5669.324213599251,6120.370172449879,2582.861044629729,5518.669529365541,5734.920597634139,5938.734219499156,4901.150687390834,3689.075256015404,6370.723675990367,1183.899976120106,5807.905344486441,5347.555068697844,5775.044299012069,6288.935166603394,5790.531359360262,6207.895795954632,4765.849692067557,5952.885587723654,1524.2593520034345,6184.261650214514,5488.717965952609,362.5798205149492,6535.298219684581,6097.309603553868,998.8691695535524,1027.939749861345,1208.0180629741749,1325.9755735243,2966.556908801535,6474.472671233462,5662.976318378111,5534.202135916072,3490.0999742317626,5704.357989062271,8001.740945879169,6094.852748434465,6591.148870412287,5856.215401591229,2945.759714619665,6031.596132688043,3042.773391766267,4589.476823770861,4633.4872246044515,6930.4776501176175,1852.3672121438888,4630.702894649242,4857.489481495998,6209.007411202409,5940.799351550439,GA
13255,43.65104095479554,1019.605707352746,1957.4701070494737,3146.3960138291877,1188.0444327813107,2828.171027062808,3541.055109953653,3460.595958807885,2567.669281005008,375.70006847162904,607.8449159407793,1502.6098500079538,1540.9593016116025,1107.6991119787217,1219.2154157386349,998.5553292858867,1241.217054314394,1244.5120393302154,893.6477307613161,1091.028211028901,947.59914520983,2583.969913515245,3056.2804070303546,899.8433932768622,915.6588923593204,995.6124725108921,611.3040241479366,3523.3117509684075,1171.2324653448234,386.1155635495487,880.1890057610872,819.128638375878,1309.874556220685,7253.9359031183785,1116.859246289648,3423.1079893078277,672.0728874970292,3446.3461185397264,581.2649507345336,1149.3979100451254,3386.8062631071753,3101.4329224833473,1407.159427451828,739.8114712785673,930.9458560673976,880.7094050442688,786.6181424811055,644.3338298884837,759.0773109252707,2454.961809310524,1121.9592759531674,7139.162374341401,1403.1405457369835,835.3180896325928,393.5949370464588,3137.8654494227044,2059.2754982673428,5530.148319207368,1180.138981950872,1359.427005418845,3070.9808164946867,559.6930518437076,397.59414813593713,1244.3717085455646,787.9054874604839,3229.332785420177,1470.8470994382778,2985.9367803610853,3125.020477497212,561.6094634693012,3199.82354244863,838.8308120768285,2490.9623971986084,7164.498639469975,1074.9509861771423,2073.2944106304626,7349.237576465912,1108.5389382038727,231.3444651220207,1396.4871986043252,577.2143124636183,1236.2227562917305,314.9471926120435,499.060618829168,1238.1020116347454,263.1032152579813,1306.323280664419,614.6512242545898,284.4607247793301,1673.262656531605,749.5984064072395,1183.1017328720266,413.7206288314759,2974.4031587934833,507.3365957476459,1552.466617568264,1931.437368991452,738.3427698477998,1285.358495936765,1297.183150466156,739.0463472483134,1275.610686439379,974.3899255519693,3231.745314692318,374.45847996009906,2672.479342989983,673.1758758801072,1572.4837763648404,531.6830399491863,1682.5787468767965,1020.6877855455588,7073.5400089726245,1159.7007989842484,275.80640897692956,302.7486086705829,289.72353842254483,3549.0793659245583,5459.9134560385855,1108.0716623946118,1575.8096093351269,937.1040734122487,353.01249634610167,214.44363446809535,1625.222859186501,3504.28612795275,551.3945599667022,600.4994156505253,887.3558012652908,4631.475941508279,2488.827927295545,998.7189661646942,3387.9049593181862,1850.3544784994929,2928.6819326277064,2539.57575437087,1147.728087633617,3269.332249749668,3274.709736952029,715.3098031001593,318.7028343266782,2559.851282670405,1135.8825526193084,861.751622442399,1613.8640120149296,547.9063184409722,955.9981400309638,3592.0825437272447,1079.9653956945524,1062.7238367527816,755.7127621864639,1276.0810441343422,1558.7081744485174,1403.9732408028212,952.5056406791858,597.4849641793243,1291.0459570543221,1846.1632793373349,2015.5198693256696,216.04747265960938,1507.276981001903,895.3694946048823,470.0505911031379,2368.615613574905,2124.190601799977,2046.335055010901,552.188855156738,1173.4882519726073,1281.2812907616087,3330.2519521592394,533.3337368719078,2262.964068824266,670.9705090873995,440.73935181952993,606.6411109156345,4380.132416859785,803.4867440326133,3493.629977584503,618.2052626675517,2602.3714222396043,396.21002309239054,828.153615522215,2169.6520984866493,1282.3546875507816,3422.202186066415,1380.7296218520346,901.4304698708943,2763.5054855782264,2137.7081200175944,224.20045285405442,1058.483131289796,2659.6262474472005,12661.837287971377,6169.268983939825,770.9328084724162,738.4900046518248,1003.7908786259204,638.9579849604195,891.996172489829,2187.2456120743545,1389.4102869723795,1182.9255673672267,1651.1044174273895,2198.520358597743,1296.9328864837041,4642.862875681831,1142.171149386355,2679.1997508301,1537.733213922934,1361.3831448456574,926.5910774299823,1571.3158227846466,1189.4093036200384,942.790036180351,2012.3440522878327,805.6165193708888,2766.7246708693738,1956.2907455911734,695.9257481393707,1079.1772521424132,833.1691598320031,1509.1194970820031,728.4445202082468,3184.9485924784544,2184.106833534159,588.6756201932417,1233.6680116305415,3359.1601122269444,1325.7745390923214,1045.1037867911823,5595.2904065527255,2832.8536128088535,2448.800853090941,953.86264113875,2207.7279744737934,1586.0904848744642,645.6075693613839,1440.2044489552768,2552.361156136777,7187.0373023968405,5669.438023091469,6136.194590789857,5587.606014203619,6294.238112739455,1177.090048326413,875.7060810821729,2313.495774154567,1477.8521959683728,3388.77949078068,1287.5936512295516,3600.5266836597857,2519.026344580313,3140.274556584729,971.5072735262953,3385.765852905328,1507.0200923214545,5905.967193345304,914.2425756844802,1878.8050243735809,1227.718352943938,3121.761793437128,4493.995171401551,1536.4641912159257,241.98345177410684,1506.5091677226776,685.4781235302856,3207.703273788742,4451.019527721153,102.94230905286983,1043.3691832236343,1310.8854576705264,2823.7509520261074,2683.3187807198865,5905.874839125157,7158.0897572135,434.1843646964033,291.83657897295865,400.3770538148446,1467.4990842009568,1601.3177868098126,5607.435871758818,3446.736772266109,7192.8804369409445,346.2696851072854,1022.9964610960208,192.21064062938305,2465.5350146016353,1342.935933516967,1316.7277983979495,901.2781355103908,1161.4781270035564,5279.997090237231,1232.767049522604,2116.1449793758225,6008.179257395959,763.1337934101152,1851.3531161711728,4943.9367963319,429.98785809018113,1819.130318569564,2516.7093271478907,1369.3404491061756,6601.454618311874,1814.6729808177413,992.1614964411124,10551.367737566141,2205.6162782348397,1212.5080144670392,2776.8585246105467,1571.6256881192542,978.6459775246595,1444.639351216526,1390.7986195520148,925.5168490144812,1586.2999287640505,1764.6980068859928,1479.20036401238,1546.4199166445749,3149.436698391892,1444.3265106888934,3318.2183863727837,2169.1601877743205,2365.306203976149,1253.5821917095825,1099.98849663503,1480.851092769635,1430.6641323178296,1600.5983663620566,1682.9050643172566,586.9687976658582,1433.7743789130307,561.8515767114746,1944.913569936861,2902.1331751405396,2595.0734956281062,1406.0619508361326,2365.988026148844,1421.3480920594575,3546.908674936181,1114.4130225411598,2085.7046353725705,1425.402272495232,1946.2529519666375,6078.705703142886,1862.9077046188006,1727.2675591058444,514.6059705007077,2644.289046832143,2516.724190108391,1348.1424722740492,964.7908197903073,1902.6120445873014,2446.4908823298692,738.4616875449452,2328.6939787784813,1691.116644391918,620.147182503504,3430.3272230125945,5888.3407638283,3624.338687801211,6037.035108014042,1702.161986886219,1315.3182759517824,2027.6966522893656,2362.243030342067,6226.900520768525,3542.2740396485747,657.4176846807145,4697.210603307721,1551.3709701143844,2590.928249499429,1575.1221043559124,5329.081783897923,2053.6331065704567,5375.77618162692,2313.859638393525,725.1999209250638,2372.1356457336287,837.1952610982502,651.3192381094723,6327.568195796432,1032.6888420228922,1352.8917307971233,2627.1152883287273,4709.022237209224,1347.8581658624876,1499.9180175598997,6355.375060736748,867.5934653666105,2248.112676814748,1850.9954213579285,3298.7844263996594,2006.7550633493897,2386.851702983025,5619.790773345233,4703.764720138463,1777.9971785875186,4671.692187788334,6384.156801367784,2906.0050151689643,3239.2944321344908,6348.268969766554,2223.5656096689554,347.94225719515526,648.6198945783748,809.7461761874263,497.7418692488762,6347.985309670334,1954.217550741341,6155.153018294489,1042.9196646950122,1506.876034464181,2011.6726614729666,1000.6356782927156,622.4951905106037,1555.888042603061,875.6507520478575,1057.0576752369254,1752.4503899203812,1570.762333203364,1894.6065797101621,1867.2051252671606,5662.795085779513,6552.1535997801075,1511.4133191363017,6041.599994325436,6189.199976532577,1922.791581443992,6147.236890727231,1737.7847389994122,6188.203997697297,6609.375074356823,6212.362203138469,6023.365148693254,429.2806635736306,6142.3979253251855,824.2748751314773,6297.488052458035,578.7266202542843,1545.3671094388342,1530.1164370388492,6079.827084142922,921.8933860622943,5799.636729999109,6178.098459155447,2493.674327111211,945.0025913888973,7115.904574700027,2373.8270565553853,6147.926460236982,1071.6289163091358,6245.998367828895,6289.1787504138465,2422.605095150239,1502.5251889482092,5942.416902639482,6195.632407224405,5433.580325053072,6328.4909716685315,792.6770861584773,5626.93215070253,4557.51672776799,892.8765408321486,5899.091263172166,6145.797207065121,6086.65225053093,6297.019615430667,6317.664635151277,7172.771880007607,2711.091338917357,5818.802926376991,5632.304894820608,5678.435307820689,6147.193750653182,722.7469595193917,5924.111993611245,5887.572199700943,6115.97568416045,7314.025712934401,6134.896799242032,6723.211050982106,2314.708697766148,5409.3201533693045,6128.0342776127745,1636.7692586770581,7106.298703469596,4608.821210257895,5975.966608339753,1641.8301913783578,5654.0432993972745,4439.446111349798,2532.4779923002106,983.1830184217723,5939.716240318063,5825.6739207200435,6134.368204505218,5767.502407929907,5426.603754622014,4365.965450668575,6415.5280688002185,5925.739836526435,6298.332294013521,6178.210685137246,6546.24680999916,6534.9700976110535,3535.05991660984,3550.1894126369234,2191.8530362806846,4471.550058541176,4715.655872588136,6167.226494541949,86.83164809839043,4439.656551786573,6301.040737312193,3140.0509215836855,4652.622838449928,2781.110103851804,2495.9022001424105,6059.984336319074,5689.757339484901,6180.955740268625,6051.404042573466,6027.985591573907,5465.619996650546,5946.162027154347,2558.587720499303,5312.679100416734,5532.957196393815,5775.685186616287,4727.837882955703,3613.2989185124575,6196.970145928001,1298.200435600562,5601.583498463527,5147.663593730801,5575.2773899444555,6115.420997679809,5592.886890680662,6043.832477554812,4591.5204427238,5786.953565194664,1308.584735655366,6012.101345203455,5301.425394469935,309.2772876675051,6378.525420283085,5925.993749117391,1107.9874227081605,1123.423524912515,944.7290373558233,1200.5885855115491,2848.884969359173,6263.164729848091,5481.722374819391,5332.6780497187265,3450.287907196545,5522.154207069602,7834.519602522545,5910.85849595992,6390.811226741232,5663.197358525929,2945.78031208659,5857.730580001682,3050.0629167333223,4427.0245051347665,4473.015213105571,6778.302720983853,1606.2729442347231,4466.03886460481,4682.4644573279775,6047.832064768481,5776.728428267083,GA
13257,146.12490962694974,918.0340380827968,1977.939779606424,3212.1425495391463,1283.619273595453,2882.998762761785,3528.373736637073,3503.434462895131,2641.89280066079,225.83094194084512,706.292260574395,1426.1760323305166,1375.2708304891828,1240.5884118527586,1053.1878532374274,851.718648980925,1076.0629156978516,1078.758145723207,989.911716808078,925.5573077885147,781.3794592016202,2605.391297865279,3129.935555576608,733.9431237580515,1015.43955844499,893.5464747283116,734.900326362097,3521.1832798693013,1267.768534044227,353.4870560642276,712.8593159456165,784.807547516795,1433.1164165955552,7319.241049105158,1253.0187078693707,3467.5396293195345,828.0554190617497,3488.6763693062785,434.7127683209874,1143.1078081774838,3423.8494820049755,3169.1380001903417,1533.631195233916,632.9005968047143,772.6852404477514,713.1333067971781,903.4213640108438,514.7305710594181,606.370515031052,2476.1840477180403,1014.8478087270233,7207.589937290837,1236.2000729069987,926.7705604825177,475.64956915270034,3202.186415175857,2125.056544693008,5466.678391831935,1012.5914924813598,1334.0119501582622,3136.7225469150444,612.8467615036486,352.3292694480114,1306.1125427452087,629.10234593709,3261.9187194730157,1306.2938211132052,2991.670037818677,3191.681141298461,458.33192870198417,3181.712022212146,690.6529035415193,2574.9843726153713,7236.494864863866,945.9603218773436,2165.2726334911595,7410.8843718845765,1155.8945473512351,337.3374434954469,1226.9936659346386,670.9915696648964,1193.2896879168152,332.1751741323219,413.0803014974862,1068.9860229873689,105.06794733868385,1136.0048407530878,741.0248545242314,153.70608888200456,1505.7064904763156,817.3291158961841,1088.2780271806698,582.3348653709421,3042.3462532592853,349.1903243095926,1385.0119003669095,1962.0106537218483,600.4701633268381,1314.9986887037905,1132.7591477173544,857.8670521203729,1109.3075219206753,1016.1290331667552,3280.4211215543464,544.7385259306493,2656.9541799713124,798.951781189027,1402.1930805858567,404.9901190543331,1779.7227190956064,851.5828913711238,7146.943437817101,1096.9520880044238,319.1031571936093,210.87743982143456,119.3496107276751,3555.4334219328425,5383.16481914676,945.8544397263918,1531.620073442837,957.0228155842873,522.2597429823348,182.75630866815567,1706.5067661802555,3520.3959219628277,677.0411082162314,495.14072427512855,725.7832503620727,4574.798976880692,2468.0084744789024,1121.3554582342008,3392.6443475698443,1780.7342884210598,2910.3681622827144,2555.815802233977,981.774083204735,3331.259546826568,3266.2308496160663,861.3064091499734,472.72283284239927,2559.0402397170924,967.819048658907,733.792238407999,1678.9671813317807,633.4899426238918,838.3742595938658,3572.2392698307995,936.2592959174297,993.091199629762,588.7292150891619,1168.2915655566062,1707.072803032159,1546.0164502828393,882.5816097089818,429.00959672408464,1179.2254264853516,1678.1028380968826,1993.9204480482003,179.58399657240588,1657.1561469917153,1004.0367253945967,631.8882717453098,2395.897966785285,2153.487985034414,1995.0999367238276,711.3922381161361,1003.9214728807756,1149.6568750364245,3387.1398137373058,405.7007350407763,2294.6413732060337,759.8578961815301,549.1541778644859,542.7222926139178,4334.705284847642,948.5543352613008,3531.4017731464296,451.36812903554375,2620.978944454838,228.1918988886834,676.2483824715829,2217.4340737217008,1114.419610891782,3470.9617876344964,1306.4002407875253,824.290439261616,2737.0351424741352,2163.3698996409894,381.64724636288804,921.5191301108074,2661.3494328375464,12648.45267373082,6105.994245243125,733.7450129353447,585.8600513613784,876.485149606927,519.9741030978389,722.2909670931741,2128.121139955354,1374.1127466605055,1012.5691868737807,1556.6763621551786,2234.8611573046696,1411.443772142253,4592.012464130999,1000.8412890708843,2728.085515839384,1376.9252451920145,1260.151063316138,783.4398146063362,1400.9309004374247,1022.5732412975248,925.949833346985,2073.256233747792,934.9732682005052,2747.065753471727,1882.0736737855661,573.1538821449906,988.5544772463687,752.5311360118767,1661.1341550523553,841.6660760843657,3241.7267434113123,2202.898816782985,429.26115659550146,1063.2892601444794,3400.854850748337,1242.197144683274,880.1695326301651,5534.038663040813,2837.211384662248,2475.374405615264,1012.8751360299336,2204.6970188517867,1723.4429409358825,480.0696151471068,1536.9813941118668,2577.812868160996,7253.891958307083,5618.410391322579,6052.934241051046,5492.9760870811015,6218.022895203835,1300.6542500627138,815.8095732333702,2263.040801471754,1311.2442385836407,3379.722322494227,1293.7433384003798,3624.4880676262205,2581.775196716389,3126.919605523346,813.0058361787778,3371.664931269785,1497.726485898222,5809.0339666578075,1054.318973893537,1960.9614888044698,1338.0650997101272,3110.551590375589,4442.967869916515,1642.0117976639374,411.97780296472536,1344.295851636505,550.5699792419625,3199.490502599333,4401.03030394325,273.17931806776767,1149.272227997838,1383.8618397643256,2835.2264990482963,2689.968600694378,5850.90936803552,7226.019271626346,329.8491677479014,419.37835620029165,503.813891603094,1432.8258183967307,1434.2665983325576,5549.553309070301,3473.374845317855,7260.901967165875,403.88321095386385,1050.0018116649687,345.93718623194763,2455.0690784642293,1177.4233614790805,1396.9702956801154,993.4753092449306,1084.7747547820763,5218.540648522597,1062.4272719186167,2151.546003295778,5951.5538329849205,593.5906562271209,1816.8521914009384,4884.804073405975,563.5821013536641,1736.4534263900416,2536.7591062975234,1231.7715588658245,6558.875404531022,1763.2870799588434,1130.5117557160647,10674.47409761095,2188.6635479290053,1262.6896300796516,2762.3650371243543,1605.3247062072016,1085.851606564891,1338.1365366814114,1220.8280517994415,755.9130168012982,1468.4591638491336,1853.7272816677926,1309.2814565256253,1383.787576557581,3193.413507636061,1304.5436958540822,3377.0885888288362,2125.291513439333,2377.4541469863525,1190.0417789147016,929.680798887354,1500.264586137533,1342.3484306197718,1524.9364867914817,1602.2311108230276,567.4744140616689,1317.332786925267,496.55520063043775,1883.9466070155331,2925.5989690792608,2613.5259367259555,1283.004714816032,2365.570514312224,1257.3472018559853,3543.9035713983208,991.0951766085916,2094.7105198387467,1262.3841458794645,1945.4908853114807,6005.335508411524,1767.1914803714606,1633.9296190655675,659.8379848330185,2688.5546922433928,2534.836051736672,1362.9581274987738,920.564685956718,1937.914037373592,2468.1518862109483,569.8295814541789,2312.0134033027216,1689.139283517967,449.78348132489725,3471.221308996997,5812.4965716125425,3634.9085955460073,5971.547002582086,1648.73346294941,1170.5707804635874,1858.132770341929,2397.7003436238924,6159.047121246624,3529.1431645745006,624.7711721121439,4640.802669549884,1382.0827930151022,2656.6215040801017,1411.3123985149844,5265.350594254466,1986.046079023128,5292.343689585668,2268.253315345272,814.1275125269203,2394.036519750048,766.987324175606,638.8669757024575,6282.615857486427,976.7130877088057,1290.9361394570524,2619.116305833491,4649.194574375926,1297.8328629318892,1336.222609693747,6288.581819511387,869.7074958984006,2294.857248930092,1683.8898124663442,3344.210782321579,2051.2614923324923,2415.486331458077,5562.633968513182,4642.960418846496,1610.8892210418755,4616.495285149033,6317.250389316829,2980.6540395400025,3233.968388427298,6284.8537316457005,2307.1691786610627,395.7180922951263,683.238728123093,640.0975719156833,524.9008016464735,6280.2269374051075,1943.265316349641,6082.766576835345,874.6742432725425,1337.231526607717,2020.3579997756283,831.1767040640194,718.9710515031137,1450.1898844965615,913.539916056102,1023.3692882257199,1584.294695769877,1615.0337307049924,1890.0104300947241,1957.8917417159093,5585.359018653006,6477.109446901126,1341.0112879971487,5958.236686957413,6127.751681441711,1843.2648092448835,6061.8068461908115,1810.651837638019,6143.799230921726,6533.664268684411,6126.206646224327,5941.2387553767785,503.6135873678991,6066.4432174920585,898.1281167964923,6209.143903516104,408.8099072933857,1541.6674614763276,1360.000549414607,6014.347147417408,751.6446186961441,5741.121621639597,6102.233529299373,2451.717085122273,774.5995399579532,7187.729144941601,2443.844640218445,6084.707000048693,902.4774322654176,6177.9417615141165,6218.961778789399,2378.551173970076,1536.7389074165894,5866.5392171799485,6119.252435076638,5348.943940184853,6249.486011272828,890.9353762340295,5570.117943897787,4506.292747882547,732.6561972290898,5816.121061454507,6082.187715380575,6009.798205729742,6215.235197227341,6253.1450524180245,7239.6378396519385,2674.606575389033,5743.01917535973,5575.4732132672425,5591.030654407369,6074.921782945104,557.6207750641255,5829.739123318672,5804.522214883325,6051.879993246685,7270.639402766549,6071.350926081784,6668.320821685823,2274.851661277894,5313.719259246063,6061.5638967699815,1757.7185058162702,7175.56143425234,4555.685358335343,5901.404548866849,1649.4005499284945,5570.655765400466,4393.011216754306,2555.7472678237746,816.0468154552556,5881.908611368176,5755.938623722657,6042.210289949706,5687.275951388654,5338.054338672683,4321.450901484673,6352.260748809027,5849.3941796420995,6228.605818531939,6115.19423369805,6503.330963738304,6492.113046900549,3522.068783347448,3534.966986936554,2232.9108736927233,4426.350559256146,4661.420336673712,6104.217824515495,209.4851505390601,4394.133478735893,6256.589252973268,3205.967552777283,4598.645264762821,2842.215286381182,2545.7978679951943,5990.814766870705,5638.197141267357,6123.30018764098,5981.4376990473365,5958.7590345934705,5383.4217308114285,5888.665659657323,2615.3883301438464,5228.569245175034,5452.252092441013,5727.366390011931,4672.665442139479,3632.859331608051,6139.575869732094,1434.8820619518826,5516.88190835299,5069.225639988821,5496.484042931175,6058.307216393785,5515.948977054367,5994.3954620259165,4535.729444230019,5736.323939727104,1229.0161041362273,5956.1988041058285,5233.770069472378,425.45223023338303,6334.458313743017,5870.871052100258,1244.9282828122016,1254.8252558332088,780.2094995385762,1204.6239611832027,2841.906094945921,6173.322174515994,5418.942317252312,5252.576131759289,3493.766130409799,5458.532233255824,7780.873308609855,5845.304741021826,6310.756511164055,5590.21997550964,3015.2151608019303,5800.612094189171,3123.3035106623274,4381.173387041964,4428.662000991362,6737.380718967497,1436.1228574629718,4418.3407677261375,4625.952618000239,6000.677715523995,5727.595900599939,GA
13259,177.95909423683526,1134.0180558031168,1978.3260990768624,3123.619533488504,1147.591071639099,2815.967989100186,3583.6052561929887,3457.375216895235,2538.735593245235,501.2493392922705,527.996541587978,1598.3504362759463,1671.7692170597613,1027.2159590776478,1350.861295120917,1134.9974579961654,1371.78422217607,1375.786661204132,807.6396181785492,1222.2443883849076,1079.9975951493686,2601.246865998022,3026.52055414582,1032.0006147696024,826.1395403425522,1110.5079703153058,506.6309820040764,3557.47678367693,1130.0289855603762,481.3593515960695,1014.0609093523905,895.4449952669597,1238.5579610516947,7227.009531009091,1032.3137636287397,3418.582839687136,566.0962565628538,3443.593511700021,699.6865111705118,1199.178142956298,3388.726011401029,3076.9895426332955,1331.4295358385166,860.0547200506244,1071.3655815948837,1022.5208110539661,684.1901729642884,775.7994122022603,898.1577189386561,2418.87941514924,1238.655283989277,7109.527988919241,1535.7090077487314,754.8286976941168,346.7751759467321,3116.392964828313,2040.1597545623865,5609.265019507191,1321.9667479494492,1420.936037949986,3048.384612903397,579.5177515403078,458.9169487026001,1235.7829947337061,913.6315653753146,3235.4016839320648,1600.3604550800076,3014.928055487437,3101.467510907889,683.3107709426516,3247.3156553601957,955.169855712194,2453.138670714616,7131.655949427091,1203.2707521379673,2029.4794887794785,7325.4916249488815,1115.0044804616846,244.07631095514276,1533.0018539270554,503.3833373253555,1311.5886893861368,342.22710956877273,579.6913243738238,1379.5794795380573,396.6448999356964,1446.498727592996,507.15799024499916,422.59277298045686,1806.4517771098913,746.6164100683889,1292.3604899682084,285.63844434994996,2950.0515111989484,635.2032707989247,1685.6006776365546,1943.977753627312,872.3003626264066,1304.3952347466545,1426.8079360009085,635.7175670733104,1407.513392283623,988.4308374371255,3223.933737374964,238.9214628469284,2719.2819419603743,564.7849516796407,1711.0241703903935,663.4327942779233,1635.8358360060065,1156.7962524312475,7039.489274993543,1249.2668139324694,337.2538130047152,403.7698805286242,429.61070225660967,3576.3251770874263,5548.748243806543,1235.7024593255549,1649.0853081996656,970.3026335547296,211.4480116999374,331.12188579018465,1594.3717676757074,3523.6005602255846,493.8379792869201,689.7305596720363,1028.6036248598302,4706.287434244507,2540.31952132801,888.2724067304055,3416.7821952473055,1939.809203258481,2976.958862902668,2507.28085874114,1279.4038704562286,3249.715658312704,3314.448902202306,623.8282686171834,192.0109764349443,2595.377363451761,1270.288436544621,990.7386171235021,1598.2528956372173,483.7705337995963,1079.3923391819644,3640.1750660342295,1214.9409738347015,1157.7909363370638,889.5090707496045,1392.2451636267376,1456.173258469789,1310.0248194643473,1049.1876726015255,733.5296331514394,1409.4006165212822,1980.0001628050934,2069.5310705249003,304.76947908400564,1403.011496722575,846.167167340005,358.115875943992,2327.8917708281288,2136.7578656859523,2122.1243657122754,443.16434378483,1310.2828948216707,1410.1422146277012,3314.995422983107,640.0547722992387,2272.863377754972,597.709977206499,360.6003521059189,707.3124839557029,4446.785311222295,711.5753452420016,3494.708108527705,760.046788999112,2567.9181884367545,537.8481871820055,947.6746473521615,2166.0841537604088,1416.4139481165698,3413.9105992843865,1475.891365353651,1003.2054049959372,2818.5158255827605,2153.269967222557,148.87852814333462,1190.5886753174673,2692.7916720835838,12698.247563965371,6247.83615027397,850.3920526390874,877.5993699571197,1131.6407767192954,736.5893492442343,1033.1117814174154,2268.1215847669987,1443.0663447593113,1322.9559165546325,1757.5771931579166,2204.7343266897387,1235.3409458085275,4713.321034087754,1275.9699607123105,2672.68171747758,1662.9339861077415,1473.31148802332,1061.7798019013187,1710.4292986099201,1331.2670646489473,1004.0760822390004,1997.893009114964,734.2889467857055,2816.473732995613,2048.4348557034214,794.8872040611302,1186.8220097589056,938.0328508336316,1402.0709931266813,678.6538363853159,3170.107302711366,2205.1721363196234,729.7854685678781,1373.5593717182705,3357.136609632552,1427.197921484995,1186.8554932404318,5672.722832437657,2863.3737238863005,2408.354957374132,952.9914910252644,2246.3837186401333,1496.8023877067496,778.3328473962541,1395.722913941828,2566.3757976951442,7158.774879734781,5739.175801156765,6229.315029926834,5688.985126689627,6382.216108658633,1106.7265342688993,967.4140097705507,2387.739616603933,1609.9048598425006,3428.7449880303084,1325.7965986504682,3613.112582557725,2500.7212687685897,3184.1647455898656,1095.967052430752,3429.729536883165,1554.972487311572,6008.7867678154125,827.2584679278598,1845.4259080803413,1171.3474024808181,3164.001677596309,4564.734065124736,1482.247241676992,101.8636791646465,1633.2970809665426,793.557776989443,3247.3750219239264,4521.025848401575,50.23081363461151,994.3127705538471,1290.9814190630625,2848.496639591416,2712.4251121316493,5978.411454058996,7128.887821288943,530.6297868076216,206.16664916905034,383.0611397926135,1534.769390026744,1733.8517715332875,5682.356493254456,3457.37257961332,7163.574921527538,331.39321081099683,1048.5028991837635,85.07340124441987,2509.0463661270637,1473.7727393421208,1289.8229250663635,869.4875281262429,1259.9323606290652,5357.805499931946,1371.6344390203535,2123.5628661372893,6081.893280372387,904.3574294582933,1915.8990609097739,5020.291051589984,369.649146942724,1917.4235168362927,2481.3661056490937,1500.878431472214,6664.1455382733375,1891.633761207018,906.3225711661826,10469.255771599896,2255.1895891161607,1214.8033787767574,2822.5526615529907,1584.135658386705,929.3317886219444,1559.264339818749,1531.653722538202,1062.5951078514397,1706.926315385963,1725.4045662211265,1620.1161482153595,1673.6143801176893,3145.9075613550176,1576.773917063802,3301.2262490125645,2239.1271050087767,2391.05606509001,1342.7317436134128,1238.743016491084,1506.1779488089735,1534.3861221091436,1695.285533143042,1780.466993850235,661.3005257845928,1554.1118148286735,664.8382013042342,2028.007029786689,2916.7220291653603,2614.7811183439176,1530.1100956569178,2401.9029908902153,1550.2866743450602,3581.7343422911763,1239.7441030288455,2115.273492516785,1553.2181456033832,1984.4116035987784,6164.73492196466,1969.4277969835632,1832.75999894537,430.8752702015288,2641.916770892305,2482.9718799943007,1378.655059884054,1044.770798707206,1911.302950862769,2410.079796988488,874.3158355363408,2377.559697313256,1731.8766398366558,759.4633088479933,3428.847004236551,5976.269595315263,3647.9944655362256,6117.316737237715,1781.1719608879018,1450.2599616929035,2164.1198756749013,2368.498827258417,6308.813667667198,3585.177381058136,737.4506409711432,4771.761411600388,1687.4133016172973,2569.718315201898,1703.6254059056332,5408.532091997367,2140.894272321009,5469.432332940823,2384.5732000296052,650.0070957367686,2389.799991181684,935.8964921629918,717.9997642976323,6392.248550408008,1119.389803593601,1440.1273150196744,2668.1425892914567,4786.092902031209,1427.0313352128308,1628.3896728569505,6436.436133258102,916.5253721251352,2245.0921189910737,1983.427413969706,3293.657291180866,2006.8883242698998,2344.9502517200367,5694.161560663785,4781.559952086761,1910.4794567236293,4745.366965869177,6465.285431275026,2875.7014786090003,3276.5968126030525,6426.8366589291345,2187.1269755424164,393.2060864567795,679.4644495502556,950.9012213170712,543.7917500452122,6429.761244834023,2000.344718471684,6240.4240243138365,1177.7032383491694,1643.6455740129175,2041.8883291285708,1141.925540490307,595.8993693038126,1669.5903557260904,895.4624884868351,1128.307174018443,1886.4842556750848,1574.1631047625078,1936.0949792677127,1825.6876952236398,5752.001332535572,6639.151437449113,1650.9794484625575,6134.841350497724,6266.399936495616,2018.6160216860096,6241.895228674814,1714.0523720178285,6252.556884971286,6696.829054046486,6307.503859413612,6115.733705036441,440.1101015960649,6230.267092562809,812.909404891142,6394.138290344486,719.6499647792233,1588.6396207727307,1670.75881274243,6160.077270834539,1062.3099301985158,5874.898075486421,6265.883639755265,2561.1261688602485,1084.5651100839118,7083.245679923874,2349.446076015331,6226.4652924168995,1213.0827582332265,6328.050169111861,6372.791606822241,2491.823905400177,1515.238943536974,6030.339554912505,6283.781028976289,5528.0543500397935,6418.4660978129305,757.477566901008,5701.042217905342,4628.338572678348,1019.3151351225497,5992.12628031696,6224.626157790648,6175.201360173701,6389.006211679933,6397.067675483806,7144.508256225631,2773.843156838955,5906.727742688762,5706.424255002367,5774.726556479429,6232.3857155110145,864.5616083243941,6025.152719936285,5980.670089525145,6195.182062466401,7376.922949435153,6213.6851036856115,6795.193772789293,2381.188211399325,5511.458977632808,6208.986248421321,1565.6340797832968,7075.939088327141,4681.020799724767,6062.918258947087,1675.3663021096204,5747.507488712688,4506.794398969554,2548.3920117679445,1125.0303949548202,6014.358193644407,5909.2003642109985,6233.771021003932,5858.65017398057,5523.835396120816,4431.9450533091685,6493.948061380763,6014.009854929343,6381.580806724118,6256.581169083232,6609.230211952807,6597.915427311682,3577.8658968882814,3594.728845080166,2194.036739265005,4537.932049038683,4788.574051313622,6245.597697689809,130.93090967601418,4506.317011442613,6365.355467708965,3117.135453055873,4725.407947261222,2763.4484700052253,2489.121313973724,6142.958471873811,5759.8820274496165,6255.332491590911,6134.966405232505,6111.019982625277,5558.347087590924,6020.5672991144775,2545.4755215742416,5406.852389357498,5624.581291581197,5843.299331848873,4801.4424257937435,3629.5395369624143,6271.14160157486,1211.4337902250218,5696.008374140857,5237.910564221197,5665.5095602199235,6189.432850549139,5681.776420147373,6112.109671185354,4665.712534983823,5856.307753053502,1407.6138227832514,6085.271369232602,5383.773717826576,289.56155585529547,6442.4964086455,5998.635028717729,1022.5750841078244,1044.5452041617975,1086.4478916968512,1241.6241536015618,2888.45315266156,6360.886297117319,5560.363408168651,5423.9932573172055,3446.534126204767,5601.388508600846,7904.984056919311,5991.264855832642,6481.51095750514,5749.183159137259,2920.145719183888,5931.911167312852,3020.697601992493,4493.946074672285,4538.755997700166,6839.611795382665,1744.2829944720745,4534.309825714453,4757.105971371702,6114.374248818105,5844.958088570684,GA
13261,178.52675716629756,1151.9896339902014,2030.905285086388,3182.285966241381,1206.9335388351585,2873.681472066045,3631.7036749110353,3514.135373572351,2597.750685162646,463.83486540214693,488.5598961360523,1626.9101479807955,1634.3256373135855,1085.1990475608231,1314.4737121164414,1133.3749240222191,1334.4702647104725,1339.0500025968256,771.8705657682573,1185.688560951432,1044.738848795408,2654.698598104335,3085.6131718561182,996.6367773508696,792.0451297872452,1128.1534399667426,479.948722949172,3607.6126327728857,1189.39278428693,507.8422948847963,980.3430659893193,931.3779755450264,1297.312047445362,7286.0639065180285,1089.7744086206537,3475.500798167953,620.2143631924805,3500.2930703082234,656.6501407027916,1244.2863568516,3444.795580317177,3135.7686244320107,1389.7504362057955,873.8877356238498,1062.303836559077,1004.4110747861424,656.6331535632182,780.2271565109688,892.3320437772743,2368.108159875388,1255.1977313579525,7168.7161597299755,1499.9159084907865,716.5142489105561,294.66372758785286,3174.962666438378,2098.4078328332002,5645.838817746228,1303.7360375851908,1462.768204607782,3107.0324376754816,630.2950980893022,402.0162642482208,1292.6232202438784,873.7942847266415,3290.846916923791,1561.9584840482987,3066.127208796859,3160.1873391355284,695.9016382414867,3294.0512299948155,910.1288873001248,2512.5306992294118,7190.976475175488,1210.760875942098,2088.984051017765,7384.361093653642,1169.5756006918605,292.1215226673294,1501.4090680029221,461.34920636389666,1348.5241191428872,282.98368048843565,525.2669101432707,1358.471629457857,366.83970606747215,1421.080527979702,482.2948315512469,419.3338231358098,1770.9965669559592,802.0694384312543,1313.5834396948208,332.83246327742336,3008.8151928092143,598.1057013114754,1650.1906278144886,1998.0757632821274,873.9989655596249,1356.910798263554,1388.6817895922334,608.5850903657242,1371.2737460335065,1041.5107483038807,3281.2190979988627,280.61263894073073,2766.08904225854,540.6766783333712,1682.1794144564374,667.5773823598756,1695.3597586652393,1125.211455858572,7098.850590657636,1280.3902509457102,374.5243340766197,356.6867995855234,407.2693491199784,3627.9897124288177,5581.227378270345,1196.3952079951707,1687.0761818386582,1019.3249500590304,240.761647894972,345.44636007246856,1653.3733490202285,3576.8370698487543,553.3562138957386,636.6461415250653,1016.862555547728,4744.448528045827,2585.773383932359,866.0416110921661,3468.0758550162427,1971.443082228161,3023.4252064499346,2455.6841398811102,1243.145743317194,3308.150493899827,3363.2119833093284,680.8598197362769,183.49530934329627,2645.003332263045,1236.6164620582465,997.58585819625,1656.0583697953589,438.071616843721,1091.0195143422452,3686.812365733342,1215.2831734164952,1186.3130859092726,856.0674260963591,1409.2156497048024,1509.6825845735143,1365.661905516284,1076.8086507650494,703.1055972774237,1424.8802331161646,1945.0581089459506,2114.083387256514,256.3361069805661,1456.0812995739745,905.6635552878397,411.76969669362717,2278.1978668843662,2190.920173740493,2159.428671095725,497.0463795310551,1279.3116924157616,1417.141702117746,3373.057627832838,592.4166975457919,2327.516360444347,555.9414378376403,320.0262845099805,732.3126704994405,4487.8396637623855,768.3377672393505,3550.9063293742347,743.0761552063475,2516.816794912131,519.8218031925046,904.1970969773656,2222.683848605898,1382.1870727609335,3471.2690081129717,1504.6500754709464,1028.2420128491758,2863.018662567568,2206.909399051668,208.08988043994827,1194.3104040063665,2742.991281208182,12748.40502522756,6284.668011818197,885.0243721994203,871.7396836650968,1139.55000741151,685.5057374004472,1010.9519820420959,2303.502395198806,1487.3262886758807,1297.3401386271817,1780.6330363977836,2259.9570402094696,1294.6643108141611,4753.075645714261,1277.756107632728,2729.746180491128,1621.5016768913065,1493.0326812732185,1061.8948542061503,1682.5809932426487,1314.0599950820556,1045.4247205882277,2055.6966197292404,793.3370307905552,2862.4946452064028,2078.8955103832723,743.9653713963748,1208.8949285744116,961.3607511306044,1454.3102368805971,738.1169805269376,3228.118068766257,2257.794677594458,719.0951879148552,1347.57499634254,3413.7334789413153,1452.8173145637784,1171.9819734495884,5709.961158067044,2914.2076072579353,2358.6181405529787,1008.5017693287492,2295.146875719619,1553.1975506706372,744.2967732094678,1455.2067882017006,2620.4047173031013,7217.89779115007,5779.2701023125255,6259.858956367292,5715.348276876556,6415.125579607232,1165.6083060404785,997.2098677382107,2425.7178179269904,1573.5747621483854,3477.4712265601675,1374.110092458217,3667.561119692752,2558.97219088642,3231.848491614724,1054.8652789119749,3477.4378225005394,1600.9479700907214,6034.387747079378,884.6018520618437,1904.5992435535288,1230.8309274463015,3212.1077437489807,4604.373875724181,1541.741841163709,142.52488979585746,1592.9178230045363,745.6497977853387,3296.142897523336,4560.92210423897,86.8836460018634,1053.8267058716851,1349.0694525171182,2900.554339872855,2763.5339932659417,6017.515025855903,7188.056068139123,480.4604140286024,165.56234735285827,439.0336648150016,1574.7963134561182,1697.8434029541631,5720.555299826957,3512.12642711823,7222.74850413773,273.3925712730764,1099.3884279230626,56.346752636674296,2556.6680542040085,1436.5516392411764,1348.4839348950238,928.259699423099,1286.9249979536514,5394.874994127237,1343.6704783827695,2178.572909390392,6120.569722021873,882.8751663586645,1957.0852403320364,5057.8952276554355,429.13770083403574,1944.883672155444,2430.443231254483,1505.1885959934598,6706.6921397332935,1928.3898343932626,963.7301428426587,10526.037433082458,2301.0907909805546,1270.13231733657,2869.683197429088,1638.0656779250635,988.8418737197102,1577.3138566612147,1507.9877750630067,1032.4208824962286,1720.845242897514,1784.7932819379525,1596.5700965021115,1633.4727716321381,3202.6718786609144,1580.0854856850851,3359.4440372340778,2278.600962157197,2442.792428274563,1374.1287674165344,1210.7621569082246,1557.5896534300805,1558.856083818314,1724.4014445731734,1808.233269797938,697.220101942031,1568.2107007204506,688.5502221358438,2062.396742563575,2970.7223276841164,2667.780977886118,1541.3358027194631,2451.3805662042305,1511.5030171487797,3631.7207010892857,1249.8569005969266,2166.0999584196024,1513.6221287154212,2033.189524719251,6198.484951424301,1992.5288630787206,1856.3931218668188,489.45179208587865,2698.460401063939,2431.690354457576,1428.834043537544,1079.5954840568904,1966.034945715587,2359.38190210068,843.1167197563786,2423.701220780365,1779.8731713431102,733.6414775172943,3485.381078527573,6009.17813638909,3700.405563363388,6153.4588161221045,1817.0781838652135,1450.5917182884446,2131.9608798528184,2423.7581831985585,6344.30463890948,3633.1852946519407,771.5323442455979,4810.026306192953,1655.0960241813634,2628.2172305152744,1664.3774357438735,5444.959239048016,2173.569774752844,5499.678565164229,2423.83334320354,609.2022829540273,2443.126392378021,962.3700096216808,756.8185042162497,6434.123198663344,1151.5948398107112,1472.437296367529,2716.445401634272,4823.401483878867,1462.6268807493802,1589.1865549711733,6472.28210007998,961.3846556846298,2301.640172903399,1947.147514708827,3350.635367688913,2062.947421100243,2295.5537644806573,5732.567451419546,4818.587348691788,1874.2926139389615,4783.955617542028,6501.105588722361,2934.813354891518,3325.948103384049,6463.678842051248,2246.4587676830874,436.2051286123597,728.2452214628204,929.0526845640072,588.0002881047631,6465.315349850936,2047.0845329959911,6274.504336596355,1144.5812741001994,1612.2753812754952,2092.542646487228,1120.251201785161,653.8792925288483,1688.2730860692925,947.2594985592773,1166.5117075129842,1851.8015651669612,1629.571947077334,1984.0183770694528,1885.1423182196927,5784.326529491507,6672.506028267222,1624.0472369177378,6165.322945960213,6303.766583722786,2047.3283822395865,6271.702483939168,1772.6066958815015,6294.531739321111,6729.9863564045145,6337.079390646378,6146.626484049324,491.8041374384503,6263.216479815183,869.6367754267073,6422.974095506407,697.7162451196782,1635.89482313263,1646.350348401553,6196.234576063497,1038.015048197589,5912.981502942827,6298.872125651074,2601.580975319007,1058.3222828478376,7142.558981979276,2408.154701253552,6263.307020633632,1192.0466260892574,6363.485320502955,6407.581508011028,2531.645708102485,1569.0905434444962,6063.253974720121,6316.609499355363,5557.911613562314,6450.480864936291,816.37660249261,5739.545919663947,4667.955017439163,979.6431486055952,6022.698108270862,6261.35342507685,6207.845577803628,6420.092134416689,6433.57760223332,7203.631029296963,2815.925727151944,5939.633958085293,5744.924868732517,5803.709372610222,6266.499372915882,849.4242751328778,6051.712344525303,6011.211500346566,6231.758186989802,7419.441774045664,6250.427757581704,6834.548814838329,2421.918734474372,5537.405399761361,6244.8632898447995,1624.2955620628686,7135.159429515801,4720.1450135949935,6096.261613927212,1725.0795119884353,5777.861791973356,4547.617059089554,2602.0793462774263,1107.4815275625256,6052.6840313525645,5943.999097427243,6261.199999265313,5890.096965131892,5552.335360934093,4473.22641017581,6530.852189428995,6046.7692545147465,6416.5235326160855,6293.490875454096,6651.678148265839,6640.37512995245,3625.897744515761,3642.3127302549487,2249.8591142732957,4579.088136178086,4827.445702764538,6282.5064631455625,89.17086887327982,4547.375049952458,6407.350084416014,3175.811383621504,4764.322531512556,2821.674823672347,2546.186432957264,6178.0016809132285,5799.840571334303,6293.772862123202,6169.763778154579,6146.036243579336,5589.039384912484,6058.982221528516,2603.245173310006,5436.847088881905,5655.793645889148,5884.14296441119,4840.06225270725,3683.3538974238472,6309.65965075137,1268.4234697038546,5725.899209236362,5269.731294800741,5697.364873898697,6228.005356181614,5714.239465887111,6152.741612605045,4704.101480031063,5896.545628029941,1434.4389473778726,6124.149245468863,5419.026405286618,344.8925239577728,6484.609662450162,6037.701610630941,1079.9225826160648,1102.6965975665573,1071.9960813558234,1289.1328154191506,2937.174320062287,6389.182467504423,5597.121577966795,5455.336150380011,3503.3598285677626,5637.915160604012,7944.943728903912,6027.348988570735,6513.197743202773,5782.9269706742625,2978.9919495377253,5970.404251628144,3079.769205195085,4534.913675159003,4580.12923342388,6882.61495277701,1714.5722135223205,4574.816512737244,4795.335546888691,6155.603689754255,5885.588667524655,GA
13263,104.07968828871486,1072.868208207755,1967.3072687024128,3136.4051121533394,1168.5504216958607,2823.007761296745,3561.5800718844102,3459.791089755929,2554.625792109115,432.28388134094536,566.5649285698007,1547.3197200970615,1601.1164593634755,1069.7571451455942,1279.742479222724,1062.2804380894434,1301.1948972129496,1304.8536511394298,850.6899031494037,1151.3024690641182,1008.4454744226283,2592.452136832233,3043.0133200376367,960.5472543849904,871.2234167116177,1049.0880222887588,559.6426827487147,3539.930127346574,1151.3638347964536,428.2615367577591,941.7882015166805,853.7287931786833,1276.3827053424334,7242.544349122074,1077.0857461933813,3421.686850055216,621.8417517863053,3445.7559770760604,634.4729293534449,1171.9861832791755,3388.378166318486,3090.6536197169307,1371.7487436647405,795.634148908806,996.4701359301172,946.7041022842074,736.3854757493286,705.5555468236572,823.9852620936862,2435.9467216131698,1176.3822472136462,7126.497672946723,1464.1746372916496,794.6183687031679,364.4899761672335,3128.4794381944207,2050.5506926127246,5567.87767129815,1246.1486750641998,1387.8393595068385,3061.053083176084,565.9384409852811,420.13380839935303,1239.7287489291166,845.1908707603943,3232.797778759641,1530.3341605518274,3000.0138486400106,3114.6622285754675,617.9033705772061,3222.575645963327,891.3166722684456,2473.7549093229804,7150.336825511648,1134.8780589969442,2053.107612486016,7339.337923244646,1110.6672813215512,227.91180604511197,1459.5602739925598,538.3312184111676,1271.0615859825753,318.8891231249696,532.3340181376116,1303.8683446653965,323.9578128968316,1371.3426761503565,561.8462516922083,348.7127601450373,1734.6475303747113,746.2187526066882,1234.0201542903612,353.3392617591113,2963.630172321141,565.4646005292941,1613.8102234244973,1937.3746544630712,800.8240281998696,1293.682144010282,1356.691647151799,688.3237762111763,1336.2812995918641,979.7572245651468,3228.7460831798744,311.03337197944217,2694.764752889509,620.1777716837835,1636.6321532047407,592.9504577115906,1660.7702299717191,1083.5013003887727,7058.807077295558,1201.211620712636,298.88252323876867,345.30060647800843,354.4432562746807,3562.4819193633366,5502.12239582482,1166.5066374544238,1609.9662379368478,951.4030596759326,287.1469214330346,266.5037607755269,1610.7212926536904,3513.986021361363,521.8259949267509,638.6458442773618,953.2269706979068,4667.138413556936,2513.238666218008,945.4198091962379,3402.031760614773,1892.278950815046,2951.7312881629878,2522.337677170631,1208.2543420647949,3260.8448963697583,3293.8686724793547,671.5669883001067,257.18185981130773,2576.835958197938,1197.822375459404,921.9054547856024,1606.425222559787,512.9998041629501,1013.5227673478827,3615.196413868569,1143.0231967761376,1106.7563365893247,817.2272672685243,1330.3327249030526,1511.1172143103877,1360.2170137530704,997.1763123943256,660.1459380669469,1346.3412744008076,1907.8938114784867,2040.9011703077979,250.323123451549,1458.8637789582183,871.207371411544,416.4810408147742,2347.431956824227,2130.260552162977,2081.934447237739,500.231813384194,1236.6857240941567,1341.5244011301268,3323.8103615592436,580.2756503426065,2267.864217358287,632.8335017173706,398.0864358200385,652.5691993449509,4411.9868656644485,759.8077790714494,3494.834835640308,684.2292795207796,2584.1636299216307,462.0697752362609,882.2618495605286,2168.226916038696,1344.1385265251195,3419.026614615712,1425.0886182817167,948.4872713648723,2789.6475423826714,2145.1827620812746,180.47342522800247,1120.19248983098,2675.545775106911,12680.255157060175,6206.787455495229,806.9305058828995,803.4082883360567,1063.4674604071827,681.5180862369319,957.5382140174339,2225.2817167475887,1414.1485070294684,1247.8604370369017,1700.9438306041409,2201.6688057080314,1267.883122969086,4676.510197485182,1204.6925525295576,2676.6312648416565,1595.0558778302645,1413.67039239884,989.716683358464,1635.7687962042196,1255.4595501606238,970.4597716265062,2005.7594956340686,771.1501178727971,2790.413983361556,1999.51963629712,739.3116786037782,1129.2468048942312,881.6247410048894,1459.4305955861114,703.4109725528465,3178.663189418813,2194.175046985979,654.4785298011863,1298.528496602915,3358.888779546024,1373.0646099221044,1111.1556827527204,5632.246479953629,2847.597222006285,2427.778584544117,952.1933242537888,2226.0238940035683,1544.600131318854,706.4925400305938,1419.2049214310202,2559.310053194399,7175.016919775608,5702.842953777174,6180.41584657153,5635.594597444378,6336.1014854649475,1143.860461886011,917.8595881694813,2348.474406080553,1538.6332937524212,3408.069531222281,1304.924205138674,3607.114249166937,2510.908125585602,3161.334712594356,1028.2561119297113,3406.9166353053297,1529.1930809630235,5954.631979738605,873.0212061899927,1863.3372379164512,1200.968814813273,3142.0485684948612,4527.756784657681,1511.073282696308,176.5873707740373,1564.624256611601,733.5063174043007,3226.81492557723,4484.436886484882,43.642215732764654,1019.6445965669574,1301.089157429362,2835.799879751118,2697.3535530298614,5940.591067995643,7145.6284382411095,475.28981031522284,244.51474019924717,387.31816245062913,1498.7368788721226,1662.3606297903955,5643.232251767129,3452.38213393665,7180.373262522784,330.63685142231634,1033.874908477135,133.7808299744817,2486.2109048909624,1403.0731994002656,1303.695062246242,885.1167456655622,1207.22926533563,5317.103161232922,1297.0720048705593,2119.8088361475416,6043.446575000659,828.736980695786,1881.582312285044,4980.342534478881,397.9730522545024,1865.1916920819265,2498.0591583356118,1430.8513638706945,6631.667221387019,1850.711714045466,951.6052422061985,10514.253301313847,2229.0149063586728,1212.883583323602,2798.6598627848853,1577.2485405879665,954.6553146235598,1498.236370071148,1456.2000615890381,988.830270481684,1642.7631212067981,1746.4038473098597,1544.6377003645582,1604.7481112636526,3148.40990804698,1506.2708308922136,3310.9655008148634,2202.084202388765,2377.6491261620577,1294.9870843329559,1164.223247870753,1492.3740932887195,1479.1054982637506,1644.8652397548403,1728.5659447653486,619.8091061694553,1490.0577083350872,608.7938058467438,1983.8936407968133,2909.4735559973938,2604.6932759531664,1464.0804351504346,2383.0763245968365,1480.5338814667628,3563.8394753150765,1172.938866240813,2099.690227205353,1484.019590369525,1964.172526416344,6119.659482932362,1912.842281202457,1776.674829789642,473.25950140031034,2643.638218508467,2498.806072746373,1361.938258578222,1001.4535548280786,1906.7331702890704,2427.3211620612287,801.0731913433838,2351.8158326173284,1710.0743716745314,684.6331715687312,3430.325945101052,5930.158637915832,3636.0855192228796,6075.336334604817,1739.1015363918932,1378.396177070224,2090.7618762766283,2365.493043184169,6265.965821967395,3562.9636190506244,693.3455070641071,4732.758848535676,1614.2112417883725,2581.4870769126,1634.1161229093975,5366.950364568153,2094.6100200028427,5420.2013100452095,2347.188041441769,686.4505908641934,2380.709417102698,882.6676618384464,680.7045513166494,6358.682174295415,1072.6775317449258,1393.4740034316358,2646.6909630207792,4745.738023228423,1384.6158660392462,1558.882477625798,6394.0550514950355,889.1780262753928,2246.9844341553817,1912.0122043804267,3297.052632614671,2006.9568229067074,2365.1356773295543,5655.33395654653,4740.815317709289,1839.0326232388254,4706.832303167376,6422.8696115828625,2892.4408776870396,3257.3101222700548,6385.798643196686,2206.8820003633195,364.1588179108094,660.7028437587484,875.3093693718657,516.1370325278557,6386.994441388418,1975.8722000895452,6195.761852647497,1105.0393658418834,1570.090962737087,2025.9173947929694,1066.28447680662,607.4714678469329,1609.0920606769955,883.4486984525372,1089.697356155623,1814.2738671388406,1572.1318924293087,1914.0521667904475,1847.9556588728424,5705.1879825938895,6593.579413205618,1576.107111564074,6085.871946849366,6226.088764168056,1967.7335142740467,6192.165791458604,1726.6857583829712,6219.156748753427,6651.013774073889,6257.516462271882,6067.234640989579,429.90599930805337,6184.202870281238,817.297722164151,6343.3394310540125,644.1391677222799,1565.3769481496552,1595.400274487505,6118.116485975428,987.032111606356,5835.604416925929,6219.866710862932,2525.539598954404,1009.665702269092,7101.825135358481,2362.819329117,6185.430522780367,1137.379078848167,6285.128724142566,6329.031176864153,2455.272441816157,1508.1696149381064,5984.235096809875,6237.568976084796,5478.385531127624,6371.275331687942,774.5717060448355,5662.35536297406,4591.323608372129,950.6007993639481,5943.26068770058,6183.435005266386,6128.767194688982,6340.727646974109,6355.577794420902,7160.749897745149,2740.8288856130184,5860.61481893414,5667.732801234928,5724.090565469535,6187.765704719212,788.8110265731966,5971.961534110467,5931.769925130328,6153.785764955876,7344.378353680678,6172.515159984852,6757.7245036946715,2346.0579850704785,5457.648507036849,6166.650379400222,1603.665804392272,7093.292819179412,4643.271749779817,6017.339415669015,1657.359678894412,5698.39655160989,4471.6299165262735,2540.304384810536,1049.2138362091587,5975.407525060507,5865.458591319678,6181.475774895456,5810.795806005338,5472.677540526182,4397.505953592261,6452.99363228312,5967.717076034563,6338.017331060921,6215.638959725725,6576.59097080894,6565.295894952538,3555.702745827527,3571.6419497053803,2193.1195131703203,4503.289480072885,4750.449978807005,6204.654414712552,82.42995016189752,4471.521442530592,6331.98379471222,3129.9935897173214,4687.34903997443,2773.389673138805,2493.1387381690492,6099.528837428818,5723.34275464665,6216.540651994966,6091.219234778997,6067.555931474272,5509.622760621303,5981.74442375572,2552.902483449599,5357.3384857678775,5576.456047735247,5808.116012815055,4762.950996112522,3621.5909835170855,6232.461298609783,1257.6320774417331,5646.375887136477,5190.502752366445,5618.137613709777,6150.833088173265,5635.129520204011,6076.589668594327,4626.892074796907,5820.190004229077,1354.7270028707055,6047.117620145144,5340.630495353858,293.1360931253905,6409.314877334499,5960.759758772651,1067.8079487261189,1086.234534959586,1010.771770649738,1219.1261608454938,2867.8517330913733,6309.506456939461,5519.228486844121,5376.022034129681,3449.232388924173,5559.937298008565,7868.394340541121,5949.209223603026,6433.9321398702095,5704.105845931945,2934.401504968731,5893.203043316967,3036.977765857149,4459.009017506003,4504.4574711375735,6807.887989352339,1670.1431341744974,4498.6534696316085,4718.053257615054,6079.787276863079,5809.444033106616,GA
13265,144.05495988277633,1034.4776857987656,2059.1589431211955,3268.7520728854242,1318.331387662831,2946.2445175469625,3624.867239333523,3573.8285435897938,2692.7466978178404,255.1064900206564,589.6091169004461,1539.774956642746,1426.0076801104174,1242.6922648835864,1105.6383965817433,963.0931914053192,1126.0496316351814,1130.36105461904,873.0120489291071,976.8984654381136,835.500506536022,2686.6053895012,3181.339488215089,787.4148064865732,898.6059529452217,1010.009699691205,621.7533776932955,3613.446462643276,1301.7357622357385,449.15684176178206,770.8674388740143,885.8489654148483,1444.7461455307403,7376.749994096051,1251.6651884401879,3537.029534350017,802.4159270608417,3559.3490516279053,453.846391408128,1234.9447962034199,3497.395686073771,3224.4743796506327,1542.1775113293481,749.4649971551158,877.5037062996158,805.6073297272295,788.3271106247902,631.1466082268762,715.8331738147771,2374.4386090501266,1131.65205126863,7263.059402184424,1290.8943668647776,809.8781913894143,358.74408003958365,3259.700624984157,2181.1502698968397,5578.7738189002075,1103.7444556400987,1433.6032411137778,3193.311494955672,672.6659157009942,273.700631107618,1363.8035911239404,667.0182673995575,3337.777540915813,1354.1862139157072,3080.3661002948475,3247.6981604002162,574.1851729616823,3280.1352907478968,710.3836554100918,2619.0314007104216,7289.59761295222,1061.8354604492124,2203.3379984480785,7470.73061933961,1221.705292561019,359.2169299361068,1291.9933141892031,554.1531370872077,1298.3834996465093,223.09938306389904,365.6922325763906,1155.2050230966072,160.38091892057454,1214.1591959586701,628.5793417714648,270.33732888543943,1561.8971089997644,869.8634643440555,1204.2370746855506,531.8465360490239,3097.487984215371,389.338870538134,1441.0687431741055,2038.156554467564,715.374091038078,1390.704582598048,1180.7184842471775,743.2368803503401,1162.3905396133327,1084.632061458388,3347.430085925001,485.1646526237869,2754.1905570490962,686.0796986763654,1473.3931512369645,521.8032333226903,1813.665433742369,915.8407301277743,7199.090282654899,1207.2631258285644,378.525948870233,167.72185340968375,210.71929386719899,3644.0626659176814,5497.675888778801,989.2208196352436,1637.6086713687423,1036.513177172306,450.0580628310585,269.569882127385,1751.9852957737771,3604.550508395852,686.0174371164558,465.5607510176098,827.6447225674407,4685.282409407409,2567.099897931581,1006.9393568650453,3481.930914660531,1893.284988448216,3008.7608135738233,2455.8824408606265,1034.2500867381011,3390.3202291782472,3360.994772371034,849.0421299353653,378.1873949548837,2650.344386771959,1027.152918934052,850.0340315623353,1735.104930988982,516.5965597445053,955.2366328182914,3671.420038583288,1048.6500380162468,1104.7837019105864,646.5786714523782,1285.1491424625845,1690.9569484600916,1537.898731480651,994.0925293750098,494.28481362609983,1296.1336824463674,1735.8365112465005,2092.9655702119253,87.06915545436169,1639.0320738149217,1028.122974948061,597.5079646492744,2292.073842998357,2230.4574069609307,2103.475415358426,681.1267174279468,1070.021643500674,1264.9191375310502,3449.3212925617872,400.0808780650273,2370.488325564921,642.9630248202817,434.01721474830026,651.2832579201532,4442.257859303385,937.285249453466,3604.5887190676253,547.8661479603928,2520.2284619318016,327.01791005074256,701.7906591784363,2284.440616541753,1172.7930917377105,3537.982977133669,1419.5005262356565,937.1691409786304,2838.254552491932,2242.189702708445,356.95248606441595,1035.9284784503875,2751.6318279033057,12746.312239354993,6218.101003623151,835.4885388821443,695.4798190283092,992.6451794165704,504.16758977404805,807.4066994762859,2238.562833128933,1470.042074159673,1090.3945370519853,1672.8298181349383,2308.2064812173653,1430.9673230044546,4701.056680362212,1113.9122168214442,2794.7536143905922,1416.2971924821427,1376.7364486607348,896.3742981097487,1474.1893673543682,1115.3059109412034,1021.2736434258068,2132.3598738804612,940.6330886260678,2845.87895272076,1995.5596708064184,561.3475911953376,1103.9308681001332,865.895057733057,1640.0191919375684,861.7321564928566,3303.9293421004186,2285.121651307271,535.5067908522673,1140.3469442624269,3471.8524827041488,1356.8287800714713,976.8964220323528,5645.666412987956,2926.4413394037792,2371.825723834981,1071.4976583300306,2296.6981931758005,1720.6491347068204,534.8191681566361,1571.0366958130467,2657.0171913634053,7310.392834830499,5727.623860685796,6168.3877085407485,5609.499046343213,6332.501127514064,1311.950184731034,924.699497786427,2371.3639771277403,1364.7500143959994,3474.7546318309937,1380.6268022097825,3704.8696883768202,2640.040461770855,3223.5359311263032,849.3295536292227,3468.6519068923108,1591.5125732819117,5925.702630672557,1048.7504492818593,2006.0252768611301,1361.103613130753,3206.333203328276,4552.035967375457,1669.2112305924677,346.8168497709484,1386.6734831856934,552.9917416855648,3294.1243553191807,4509.822692344349,224.60797319298646,1175.787808316444,1434.566452491027,2921.2691683157627,2778.115427995727,5961.123553299055,7281.8167161549,299.1430238459476,311.1893688287024,530.0738545520344,1535.7301410954556,1488.9132076993412,5660.427108409687,3552.367490707574,7316.642069753047,287.9450118138897,1126.339499588618,256.7617517109014,2550.245560251434,1228.099144311648,1442.8285929316778,1030.191090949537,1198.0573692489165,5330.183229392587,1135.3622870381364,2225.328834395924,6062.171907197309,680.5336776432307,1920.1512764777522,4995.894878625772,564.9804861756056,1851.2615941273418,2435.455312065544,1345.6328888326552,6665.8989014734825,1871.5319285727426,1126.8194491471056,10686.406383968653,2286.1529206072737,1327.1467194417246,2859.262160332798,1679.4300933626375,1111.237424831231,1454.982609320783,1302.2596566982913,823.4112825913679,1585.1585363096494,1893.8047327744516,1390.8587867937272,1427.0179822070306,3263.067564273701,1417.6996955641232,3438.0571089965692,2231.6995523217865,2462.928899828146,1300.6960153944153,1002.5240178008639,1581.396875053975,1457.7228675052618,1638.4719777055802,1716.6657310498565,661.5336986966345,1434.1294512747766,605.1103188904343,1994.6816409000294,3005.9684170643227,2696.181804662916,1399.3610655173745,2456.5893477625336,1303.9793928924382,3636.5380437332033,1107.5719996326204,2181.404536992973,1306.7040633994761,2036.3192908577405,6119.34147913304,1883.5171896358065,1750.0049199577136,648.8728422378554,2757.832902351637,2434.216795493687,1446.0281305077312,1025.3594151558443,2011.5625819878305,2366.250384030709,633.9163365566361,2409.485896023872,1780.196092690673,527.6507221266495,3542.683921268852,5926.893564435426,3721.6694099956767,6084.096960467989,1757.419585446755,1282.169294065341,1922.4797164412241,2471.6282686343593,6272.073180514767,3625.8094206032847,724.2371582760637,4751.230879440503,1445.6156360680873,2713.0612978461604,1457.2001291329998,5377.482367233646,2098.295983909305,5407.781570181938,2375.2437719230647,697.2480070279223,2474.8874973042266,878.2287312013533,730.799903172387,6390.278751808779,1085.0454429674194,1401.3593175727262,2713.4074099333748,4760.4146734280575,1405.1774631549774,1381.970381119169,6401.4123108601925,956.9970589109503,2362.5084438626845,1738.3358001885538,3413.0994420983425,2119.993592878693,2311.237320688688,5673.340697223332,4754.397530472289,1665.4407545081933,4726.629794582695,6430.104833985002,3031.3434757492464,3327.4516928416133,6397.003055531576,2351.4032861180344,455.1711800415455,753.7852505226,726.1122340023761,597.5974800155951,6393.243014603788,2038.2494917948209,6196.610103934063,935.092665152765,1402.8794188035833,2107.131003617667,916.8994837218178,751.6951967561255,1567.026055955929,983.7191869076457,1125.0987459835155,1642.5178259416766,1683.4337766173749,1982.3843809852995,1996.8139374122115,5699.987893567688,6591.416968840385,1416.1145345296195,6073.698633496222,6239.471784522902,1957.6381837582337,6177.51732006416,1861.9162345662094,6251.296762309519,6648.08043152955,6242.000335382945,6056.5439610818685,549.5547389209759,6180.8724109464665,947.1184778406059,6325.1679755609375,496.00010277777324,1633.239807736738,1439.9589311374607,6126.898648050634,832.4262964782008,5852.158122463765,6216.650659871762,2557.746814877491,851.2334450607524,7240.943178630151,2497.394831298593,6196.80058007649,989.17799445166,6291.00776893789,6332.431003826683,2485.155711577825,1610.4729448725454,5980.944721568858,6233.750800837873,5464.530698771649,6364.381793462227,922.9267699778044,5680.745255722344,4615.420771169193,772.7371457252065,5931.527627716534,6194.36244565299,6124.363401386477,6330.508753306487,6365.51971012486,7296.130170064575,2779.079399509182,5857.402398770647,5686.105138224588,5706.936588371035,6188.7451000220335,656.0006263019218,5946.253390951098,5919.938213406539,6164.153008241861,7377.952675782216,6183.511608564079,6778.585905565987,2380.1604127426776,5430.3000754318655,6174.315409890113,1771.5549316156762,7230.478572338355,4665.304642434756,6015.601388815142,1736.261887468222,5686.10241689659,4500.851141607846,2636.0249028164985,908.9634376904975,5992.795482110611,5869.288785465575,6158.5677718604275,5802.314366835423,5454.066197143396,4428.746608292129,6464.38409444739,5963.8718412492135,6341.986429478126,6227.247560849405,6610.444832070039,6599.209209608845,3618.6793257640143,3632.429546090575,2303.697955300537,4533.854952194196,4771.326345863636,6216.2686833069165,120.32138172564166,4501.722448144872,6364.110785227114,3262.466342606301,4708.479380798057,2901.6192541166715,2611.789947123045,6104.076968629869,5747.548281036436,6234.172599661627,6094.8458333262415,6072.029599414123,5498.707853735595,5999.481238309764,2677.3282284483084,5344.086774877069,5567.343244151854,5835.885679054389,4782.801395231195,3715.4002605623823,6250.3892562015735,1432.9054722982555,5632.48456410309,5183.970738223445,5611.308527674864,6169.048652624478,5630.497735327151,6103.235584158669,4645.996406827375,5845.447432236569,1342.9853532108166,6066.646655441909,5346.6872770410855,441.28023573539514,6441.8801464393555,5981.124915543205,1242.7308392915754,1258.4547357099182,878.0291705546628,1292.2329807416345,2935.8982772718873,6289.48684577241,5530.888133014229,5367.572190095192,3563.7996327045626,5570.658718837275,7890.917305009583,5957.858297102373,6425.802613821598,5704.132404375735,3069.377514655054,5911.332043253106,3174.9832750552423,4488.850930826751,4535.930214828604,6843.94481053869,1505.5061452345956,4526.527837362125,4736.403583338738,6108.913702210299,5836.32982928141,GA
13267,283.43225756732664,1219.439525813216,2205.404166339556,3378.936398722297,1407.1720984174847,3066.3803239696636,3788.6369137255415,3702.872702863029,2796.088825800193,367.1573932484818,408.3071830042183,1723.317151124879,1505.5572474809878,1285.4404970731728,1192.146494023433,1136.4699943255666,1208.5780105430729,1215.2023222240646,689.4729562382056,1064.2813244329614,930.3315063428564,2831.552004773037,3284.2764252388592,882.7595544024887,715.7688851230465,1194.9671742875826,454.668873127693,3771.8201081999327,1389.7510286441461,621.7911837148333,872.9819904252561,1058.9454988955124,1498.8344856339545,7484.337510283529,1289.011065378673,3664.868162908809,813.7263676494592,3688.7974012854797,522.2058475235436,1396.810230224653,3630.882150983028,3332.934568153141,1590.522816131619,934.3864287352683,1041.5711567156486,953.4348431104712,613.1256679535271,813.7878211423938,887.5071740508496,2207.4690467839714,1316.3627173766886,7367.709700339356,1377.9943660197064,625.6682078383873,175.89746856876206,3371.1844986699384,2293.5240489104863,5760.5691915055895,1246.4407316648333,1603.423456525656,3303.610374334161,805.6388568057919,211.88655678843625,1483.1044841461512,745.517868296889,3474.6238352658265,1430.2701373063464,3234.565858316853,3357.080907489008,759.1271857952321,3446.5079621875,760.8081652582323,2712.8808223604487,7390.7385806528,1242.8843069334646,2290.2051004569903,7581.697472928331,1352.686205248751,470.0107207028574,1394.4427880030435,371.7253538113296,1474.2740631641375,81.28070646360419,344.36578187880514,1290.272723503334,317.46208400984835,1336.866444904236,463.74869257068895,455.19831001461466,1648.4002818623792,989.3941499674418,1389.1695947294766,517.6407130341792,3205.9278620603823,491.5115113512889,1528.5116060516532,2177.924796868854,895.0990775175284,1532.6912564859342,1259.3394863619224,569.893399608333,1248.9010630648395,1220.3232123910236,3472.092344488473,458.6048404378189,2919.466744709165,519.0749047454557,1583.409885637974,705.5645390848143,1896.835640780137,1022.9604672533487,7298.871322322644,1388.2372284400149,524.3690801567992,228.21636517688884,379.66591609632036,3797.6830861930516,5681.68732646388,1064.7256881132969,1813.9574490625207,1185.6589602748375,401.72864165798745,442.17623762177146,1851.8399016577146,3752.2829807955122,754.9048976496641,459.3221724749424,987.9682340290532,4865.457997605246,2734.7816675478102,833.1024601306597,3636.5375845736176,2075.885577258302,3175.26382688309,2291.4807309011144,1122.1002464782612,3503.7624823590168,3522.7361976538605,879.7186143275972,284.63985319067524,2808.3468062325232,1125.0796097671353,1032.0615112500168,1849.6650046380605,332.5402570282563,1139.018574464953,3838.531335864348,1223.4298625635647,1287.016261079425,752.9157165423402,1469.7327836124273,1699.4966418527447,1560.7371337615275,1176.27911249044,617.3801374786648,1480.3063953456415,1823.329804784068,2261.072000843729,147.73006984692714,1644.8851578127426,1106.9253026015026,605.9429631896074,2122.1704930377887,2370.76581773934,2281.9677052961924,690.8751640158064,1176.9991866844518,1444.5340177610606,3567.072449290835,440.6966824223332,2508.9810856617387,458.841278442278,262.5058784282034,831.8492821312617,4619.208188735152,966.5498547466564,3737.451381087823,705.3836183852576,2354.5604810505506,493.7904151595646,761.0878502510416,2411.3577015235583,1266.9552810048215,3662.3860049193854,1602.6918321131604,1120.4336334482598,3008.2851280315544,2384.8829576617372,408.96318355971687,1214.1825401503338,2908.221795372201,12909.82324209733,6399.879723346468,1009.4879167454781,867.5042177303966,1174.3724334976316,515.8546448353403,945.320942593954,2419.09788304834,1635.6956638511676,1213.996016247961,1857.7946083049383,2443.5404187601707,1496.8326539533216,4879.658359479499,1289.6976958223054,2919.93144519643,1478.6822032955822,1561.6552120007266,1072.4234179231357,1587.3075389253945,1260.2008599644494,1187.9561791599306,2249.0589367341377,995.3040902036056,3013.0079946802807,2178.925354490015,573.8757219044624,1288.6626982523671,1049.5417013242484,1641.0442251198722,939.191034470748,3421.9465174042743,2432.124320767969,704.7476620495853,1262.2457589112955,3601.863734644977,1541.1253445648679,1128.6981442104984,5826.980238207121,3081.490333981578,2202.2437289284358,1195.177748735937,2456.039646047198,1749.8659496853268,642.7090654356293,1656.2856854908184,2799.365520546941,7416.5349013449795,5906.313611960219,6353.047551550321,5794.449010184094,6516.473587156699,1367.3324138998175,1104.8238098863246,2549.680140857763,1449.172300734049,3636.762530220523,1536.148165206369,3847.442836153457,2753.954082220708,3387.6986956643373,918.3720935862216,3633.1289338622387,1754.384213805503,6110.573445825443,1083.7727870919755,2103.816447124614,1432.917735760764,3369.4629737278224,4730.68192587985,1743.7974418209676,330.69596777306936,1453.9996406726261,588.0372610720481,3455.746913303649,4688.166754028058,275.757775027918,1255.225828407382,1543.9923760112313,3072.2011039185018,2931.943792815393,6140.908737525279,7386.9394093264345,322.48922340567105,181.7728166671606,630.4313838263847,1708.9469532040446,1573.742157924793,5840.946618049267,3693.215123633864,7421.660324217603,103.74687194615431,1271.0068639946078,209.57204631679932,2713.18542384833,1310.048035240225,1545.634744264288,1126.1821806104754,1381.4700184581916,5511.529708764827,1251.3317917008735,2361.462608642028,6242.391253718643,823.3342452749341,2093.306921363691,5176.688896937998,630.5248239988608,2035.6129974098499,2269.0664510030497,1522.484378470847,6841.963545742803,2050.0197726767533,1162.953880618127,10722.709096298058,2452.191062655679,1455.4861138871888,3024.03613308675,1817.897725601191,1190.2106819663015,1639.5961466288647,1429.0009784763986,937.1038538796263,1768.1324706142111,1985.1879438510598,1517.1269560062885,1495.1559174162203,3391.520479564428,1593.182195997894,3554.116707636185,2408.029639480154,2613.778824925731,1481.892876211098,1120.2130058597843,1729.1138090111642,1642.4242476690922,1821.9431474950782,1900.7831934527194,829.7442202070123,1617.5043210376639,785.8426407684623,2175.5851010114484,3149.321834699473,2843.003457742601,1581.3588668141758,2614.4801423924105,1378.8100809468187,3795.3755395369535,1290.0049121645998,2334.317866942624,1378.0117673380441,2194.656821708032,6302.924727082606,2068.4938162471167,1934.9553796726032,690.9621269776947,2886.659115965542,2268.831220034752,1596.7073361836856,1201.5439101664078,2148.161627906441,2199.0616882973277,748.8894243729428,2575.369514088104,1939.3643833191172,663.9699861230589,3673.245373250247,6110.8069712454835,3872.7667850648686,6266.325400397553,1936.4270276975933,1455.1409004474576,2019.0285372617648,2607.341811415521,6454.7586083666465,3789.796547950537,896.8075583717989,4931.341468001084,1544.3045442211076,2824.229262003019,1529.041944943503,5559.324077280231,2280.58211379708,5592.4371571352785,2552.1300043619303,512.95493304198,2619.7309725664195,1060.338055843213,896.2427042305832,6567.125234449587,1264.4009649158372,1582.2738086853656,2875.0837569415944,4941.361065153529,1583.160850286277,1454.4688700557379,6583.90507601537,1115.5430585969452,2490.0704367444987,1820.7505972456054,3540.274214743877,2249.7432987882894,2140.7047125928784,5853.680245778677,4935.569041250305,1748.573436748646,4906.426455184357,6612.619986875457,3133.587288513661,3487.5892734694594,6578.817889897394,2446.468332436336,596.3515495924387,896.6988496970184,866.7488739991983,746.3757551047701,6575.915279294471,2201.6221890824904,6380.050246477193,1036.3801456051435,1505.153850691801,2260.2958288012856,1053.9411369696145,849.575817013986,1751.6636426907125,1122.6029267587883,1297.98072458767,1731.4578636982706,1814.5325286952386,2142.708670702161,2085.9589425384643,5884.087692628131,6775.246696409805,1532.4704045285894,6258.363912379391,6420.852260401815,2141.685949352258,6362.313972790241,1969.107953651802,6427.9622307928685,6831.998378571999,6426.835234070853,6241.115248543355,671.7345762468905,6364.807760504697,1060.6760002234803,6510.090092808327,644.3091349298488,1793.4030498618688,1563.4372807747125,6309.127045439302,964.0381074810003,6032.839578596026,6400.57573235192,2733.4883391511057,976.8370766290184,7342.277632192987,2605.1247096973325,6378.566772065287,1126.6634542890856,6473.730794063551,6515.530837522559,2661.567649895359,1748.7915870267425,6164.8641169882885,6417.7407383660375,5649.268160559787,6548.673007744314,1014.9045669423947,5860.9987724023595,4794.125695012967,849.8006127426736,6116.161421700306,6376.211110677008,6308.407666318982,6515.058182824606,6547.563265825002,7402.267754707811,2952.952498030515,6041.305835171246,5866.363276995866,5891.819161610026,6372.167591788644,813.7769199165565,6131.20622417479,6104.5776534431825,6346.102115088119,7554.299102236653,6365.3464817321055,6958.376549201921,2555.1928277284114,5615.226803440798,6356.738627171958,1825.634847457056,7334.333664723254,4844.546218856012,6199.348676590096,1890.4642223101969,5870.761219519455,4678.120938345884,2779.8249678013594,1056.0882215035888,6173.308845720818,6052.291131246751,6343.544324046405,5986.712279878531,5638.985974229371,4605.404207210996,6646.16986233413,6147.8493375988255,6525.004146252873,6408.971485289842,6786.622251586121,6775.366671793773,3782.6000215316053,3797.414951483457,2435.6367564651,4710.735790491329,4950.870604442704,6397.990546753767,165.85437754142222,4678.705235624072,6540.7936250607145,3372.505260764235,4887.951502225296,3016.489442084474,2736.451547347006,6286.9907672052805,5926.391133642863,6414.656684827082,6277.895499732055,6254.952127917034,5683.2715072301025,6179.917631927257,2796.2525773721272,5528.787690136609,5751.779513568543,6013.777023585041,4962.594318014326,3860.8738511753145,6430.808832395902,1466.578309825525,5817.229473052358,5368.166110423578,5795.556420100315,6349.3951818530995,5814.536518407171,6281.4705169487415,4825.943593838722,6024.025733151655,1526.8455925014691,6246.680627246281,5529.300149953406,536.0610023669424,6618.438165545776,6160.952288271128,1278.9411345866038,1303.2388593559253,1032.2863903853263,1449.012600716351,3096.992566485932,6474.444845868398,5712.53424040406,5551.945528042495,3692.357052638831,5752.4857981895875,8070.401229669619,6140.094995250041,6610.199958260101,5887.643683885968,3176.4864681647528,6091.670765055232,3278.3282646601347,4665.93708610576,4712.538918212967,7019.4427462879785,1612.5198886680414,4704.188509072702,4916.539866676674,6286.453838293156,6014.466564495393,GA
13269,121.43390563312504,1095.9466842238983,1998.2291097575574,3165.4093058074604,1195.9602400679228,2852.7402036291164,3592.366402722688,3490.00978409608,2583.127111817304,424.6249984008992,538.3555649788817,1573.92301345413,1595.2212820158982,1091.470091263352,1274.3991058771578,1076.8040055593076,1295.2358523579314,1299.289540428004,823.0903217791192,1145.7559148633025,1003.6531311925979,2623.325357318097,3071.441512609149,955.6354114459384,844.0802234172052,1072.0529874999943,535.2260085009269,3570.8602094221687,1178.6950251782175,455.1573869360138,937.9599253343097,882.6930066058591,1299.685149869164,7271.2125405625,1098.0175639894987,3451.842467962332,637.8920527992894,3475.996661539375,623.4684039154791,1202.5701318846934,3418.820424540017,3119.5272943450927,1394.2963128733572,817.2412767482033,1007.2335051886563,952.4942836019948,711.3846479000293,723.0918019709035,836.4334363826329,2405.046570038946,1198.8622188944332,7154.932951957141,1459.3300330754614,766.382140981596,333.95769986740845,3157.5827580891087,2079.8266663463833,5596.469715700387,1251.9622185274754,1417.8666455532673,3090.071187065559,596.8402458500086,395.7287754009952,1269.6673046387734,837.0128442743032,3263.3915116620565,1523.7525936817249,3030.974833756165,3143.6061596682566,639.1682288589134,3253.221811935648,879.3399523666528,2501.422951180974,7178.480793086831,1153.609032299705,2080.1434221598292,7368.264820133227,1141.2671553457633,258.6637556087469,1457.4503451667686,509.51451865272315,1300.077714396085,290.36743749718994,511.22161392211785,1308.0552093740953,321.0639809457462,1373.0137807781944,538.0175268288278,362.67234757510903,1730.1339166763844,776.4372121729839,1258.2406595358764,361.8736812585724,2992.5112640341854,558.6098208428202,1609.2834947820375,1968.1510539043784,817.0189795392349,1324.5792527897795,1350.2092254408674,663.5257632515422,1331.071365131643,1010.5627796020681,3258.7314098554834,315.48327654266467,2725.4349937117263,596.4823396224235,1636.3028420049507,610.4396203246855,1687.4785574686034,1081.1933911521944,7086.837088739278,1228.7020915610512,329.00035923817484,329.39120813416616,356.8475783907098,3593.4435508264783,5529.604046824794,1159.0704843128854,1639.148693308366,982.3465036001576,284.77425874922073,289.50986679889587,1639.057187914947,3544.89056779669,547.2317203102723,619.2572585954767,962.5594500018607,4696.144934081245,2543.742456280584,921.9860760043024,3432.9928875624346,1919.7396483586515,2982.352073654392,2491.395146426253,1202.9513521932358,3290.084718384116,3324.716780770015,691.1352571742625,240.1341625858384,2607.7517567220957,1194.2348150831003,940.4309672751964,1635.9408290618796,483.37584570530953,1034.0800795993528,3645.8213667992964,1158.4786850850971,1133.501825601861,813.4337298215016,1352.9247617735382,1527.8986835244866,1379.1188008202887,1023.6958935996328,658.1020199725493,1368.3450670735115,1903.7697905371156,2071.302464836408,231.81334922046463,1475.1885868766528,897.6468059757416,430.93919469699995,2316.617096610073,2161.0380909148325,2110.8825540077346,515.4897627400424,1234.8673613341252,1359.9855700437276,3353.350211872132,565.4483920071982,2298.5734605398884,603.9166365604398,370.07546331715486,678.5346883095225,4441.64755614031,779.2596039640193,3525.243300469522,690.5381133668698,2553.242100313937,467.5088782991339,871.4650380177752,2198.427221929522,1340.271654103091,3448.985883011745,1451.7876292956464,974.1887002775672,2819.997368241677,2176.0245909222613,203.06174744719087,1137.2327784880372,2706.4858055413474,12711.154592651556,6235.431437805024,835.6047234150631,815.8405011631953,1082.406618431919,664.0970370165181,960.9737496035164,2253.729837252907,1444.574160984472,1249.3670035939529,1725.6832317778842,2232.2655669273613,1292.6809691666942,4705.884203592837,1220.817549914327,2706.6848794959133,1586.3755116321215,1437.2796363987009,1005.0944713974028,1636.0499573528234,1261.8494312090174,1000.5161615598987,2035.3508839662848,794.4950864256771,2820.983164454796,2026.6165039436248,722.1893012479204,1153.8176734709807,906.7856492949795,1474.98148278467,729.7877075363925,3208.2300619935686,2225.099510670193,664.3258880144679,1299.8324933538865,3389.1629922038646,1398.7666313534687,1118.809330625024,5661.0041710644155,2878.553742269199,2396.957274143196,982.5104731453154,2256.8941609525323,1564.514558749345,702.1202385283864,1446.174621138863,2590.121157471985,7203.5716668972045,5732.2691629801575,6207.3107332724485,5661.183103639333,6363.687154571154,1167.3271492161746,945.1037229083178,2377.5548456773113,1533.4629873696495,3438.913023909158,1335.806065826504,3637.8943869463756,2540.2413098232128,3192.0879007977805,1019.4080338816209,3437.667294623473,1559.8343301617622,5979.96022748985,893.4920134034477,1891.4407241343506,1226.491079035068,3172.843165272665,4557.109209451428,1536.868426620285,177.7528386454628,1556.6795905332046,718.9321603348511,3257.6644462868285,4513.847482156568,64.58349114417777,1046.0958126506405,1330.3085608520046,2866.753897093211,2728.314378971901,5969.789474477908,7174.101697426746,457.81359267464717,217.70808416767846,416.7028612403285,1528.388770188586,1657.4546842519724,5672.223997107271,3483.113178955501,7208.837430111855,299.7682455703265,1064.8307727355398,113.45017187165311,2516.976013902976,1397.2360934160613,1332.3720779840546,913.3735227803065,1233.4433335645474,5345.826043053515,1297.1669570715621,2150.444315215268,6072.543593517364,832.4947836348473,1911.4100088080831,5009.205976598238,423.00832430042067,1891.3782793258065,2467.14874279018,1448.0966113881586,6661.584659788071,1879.5578523016934,972.2955830715621,10535.514676366996,2259.5936712756784,1243.3343073659169,2829.363559693033,1608.0229767517078,981.078097552554,1521.1947125401834,1458.9374850182526,987.3548260487767,1664.0732205481054,1773.9267544885058,1547.4676984729956,1596.989500477361,3178.613612364083,1523.0515673799482,3340.3893976257955,2231.5196258628985,2408.607206894261,1322.522427264192,1164.2441949807735,1523.329909971655,1504.3877632619342,1671.6183247034887,1754.8768406953266,648.9788856778811,1511.4729005186825,634.3800532727755,2012.1108959153448,2940.2972459081543,2635.6022026407345,1484.3249502252102,2413.9875601268964,1473.6646216708482,3594.7624700620977,1192.7932376618194,2130.650203786214,1476.5863539050008,1995.0519830542307,6147.486408257929,1937.557288295144,1801.5997694988064,494.4661752560419,2673.895537110295,2467.876974885361,1392.8958361232892,1030.0537469390074,1937.4068411628687,2396.425836458673,798.7406628861712,2382.419077764436,1740.906718810748,685.5912045389942,3460.6247612715056,5957.752884444292,3667.0335140876296,6103.8066739123315,1767.7540138882764,1393.8119887010496,2088.472903135136,2396.091577355147,6294.262094527162,3593.741276636739,721.9806886093318,4761.78827730749,1611.6963277754032,2610.6103109870387,1626.9953032710528,5395.509736243035,2122.338997843752,5447.02456251638,2376.562537736725,657.6981009655608,2411.5886358783955,908.8929198807814,710.4463147181384,6388.471645258632,1100.5352576793216,1421.2398618641232,2677.514092012625,4774.535202186932,1413.2681590543793,1551.7597784935135,6422.442077800954,919.7988996995504,2277.2108584975354,1907.0057590965264,3327.178184030091,2037.3234247878174,2334.348241600253,5684.374805221762,4769.542809128308,1834.0667870854459,4735.938927448363,6451.2493349237875,2920.821285463342,3288.200549988465,6414.441798741787,2234.6897057155043,394.915033051005,691.6608351685402,878.8805789152567,546.8626325246216,6415.3049854443,2006.566984350228,6223.678648209705,1101.7481686555088,1568.1635346344367,2056.8754688706517,1070.0595755327142,636.1746131190296,1632.263250494786,914.3539911279463,1119.0699598565725,1810.2931516938145,1602.62708174694,1944.8679129444586,1875.2439048011663,5732.620200783348,6621.285905796523,1576.9284672650406,6112.750131121004,6254.866124382601,1994.2996832097933,6218.836215302132,1755.617227929683,6248.968333329864,6678.663447488347,6284.114151642962,6094.236933446005,460.6220852967828,6211.80311898105,847.074065010306,6369.705284557365,647.4543512099373,1596.1531086378327,1597.7348693224717,6146.5898880314135,989.2067789139754,5864.564482330852,6247.477311692634,2555.157865311529,1010.6681593037157,7129.98627872855,2391.698770748016,6214.077414219863,1141.5549007140046,6313.409850478848,6357.138881218849,2484.7611156964113,1538.9485838728835,6011.829793167928,6265.133630154985,5505.088585958711,6398.602457681113,802.5134467724757,5691.419232785031,4620.669056545911,942.6886954398407,5970.169400108272,6212.052984838753,6156.2814914524915,6367.781614233703,6384.1371260801025,7189.304548763815,2770.7593751881896,5888.209999668376,5696.795829052793,5750.516815008158,6215.691857638649,796.225530203895,5997.60622754716,5958.669730737646,6182.3659244110595,7374.281265217095,6201.137253393665,6786.966441425962,2375.747530914133,5483.104136180858,6195.050021619882,1626.9814840308966,7121.663731059665,4672.504293525208,6045.054771251812,1688.2979726509766,5725.245413695507,4501.240589028319,2571.153567120062,1055.3592921009958,6004.422867165788,5893.578486102308,6207.39811548121,5837.968824507812,5498.958751032319,4427.2138523112,6481.651159103167,5995.267928918653,6366.166033145412,6244.3024000049645,6606.490144309302,6595.1974994117345,3586.4828286124452,3602.376600162054,2223.5702003467845,4532.96882939287,4779.6214223725065,6233.3178319515755,58.45239223629482,4501.181314751859,6361.79760004196,3158.9870669490924,4716.532125123645,2802.7676157405463,2523.1783149973967,6127.709393979717,5752.738604833383,6245.57867593976,6119.33386380979,6095.729940331381,5536.578439828443,6010.780840138887,2582.5788432625627,5384.086831598737,5603.565406912459,5837.70205633785,4792.063407861735,3652.44731420288,6261.517445264173,1278.0975999776774,5673.084880358896,5217.801722634345,5645.435393919773,6179.903612597546,5662.6032094731945,6106.1258892472115,4655.9538857401985,5849.645480469135,1380.832310127923,6076.26170098083,5368.884347590938,322.3399940372213,6439.151037661715,5989.949245042442,1088.5683661154753,1108.2418191449538,1018.6363990591724,1249.9565066569514,2898.703887665701,6335.703040016701,5547.868398241645,5403.175324404318,3479.4256196504493,5588.517519482177,7897.756704184782,5977.667194075581,6461.161973738454,5731.940409008647,2963.179404130218,5922.259723052945,3065.440572429973,4488.6503947000565,4534.181364755175,6837.889551894562,1669.2877071045275,4528.196371585676,4747.0746859046285,6109.4495441728795,5838.984675315761,GA
13271,237.25200409876712,1202.3510511765444,2141.417115865881,3302.4154269845994,1327.8326278722454,2992.439852738984,3733.762533699832,3631.353744005407,2718.328202803993,410.31555308315325,417.6139520783235,1694.9513438960205,1567.6201938015204,1202.0637924372954,1251.3445636187896,1145.7833837143844,1269.1417625625338,1275.0144712476622,703.5843867884396,1122.8504663164672,985.8313745619996,2766.486837153197,3206.2736508698304,937.8821437943112,727.2323731909627,1178.0663778111925,439.57715072376413,3713.355524841514,1310.3038619488555,581.6856668168504,925.5260635318014,1015.6084125823185,1415.8169299878289,7406.665254031437,1205.5361646707684,3592.9764959168883,730.5005356328749,3617.413960261426,583.4300948806682,1342.9556933008096,3560.886421297013,3256.047883992807,1507.2344681945356,919.000857998647,1060.2117541653797,983.9082241875501,608.7231028258582,808.7822193479802,898.8296556563632,2262.9237978187216,1302.2075769516985,7289.467619468911,1437.3598205787762,643.2401549127899,197.22105162525813,3294.9606888312046,2217.9962150999913,5725.768168232386,1280.529665938233,1555.2750469722876,3227.1382136897864,740.0277894526595,292.61499997815224,1410.2936342228836,805.6565197877202,3405.9112281824764,1493.3100881267167,3173.893397132912,3280.3884416641213,741.3904478378137,3393.7370773842536,829.0051099470443,2633.452432268245,7311.850134121523,1240.6226200265394,2209.8939971839195,7504.7299017236055,1283.870220710689,401.717216060052,1448.2098669554746,384.8513905338825,1432.6587943566421,164.72341107084748,422.49520993733216,1328.7963821153348,338.10920650350965,1381.7733001781992,445.95241474639397,444.18225001970916,1708.3555779379913,918.0764596633943,1369.112690116445,435.266399657839,3129.0764045918113,541.0183257424208,1587.9914658977136,2111.147995311265,895.8079716934543,1467.7634910055765,1321.2730819016724,562.7918991759082,1308.2229831943941,1153.6308569483388,3399.291522326471,377.08516706750856,2866.123384989864,503.715750049808,1634.352016450507,697.7651920188314,1816.225912494653,1074.0561266893449,7219.753167870555,1354.3312331038435,468.34420768690234,281.5862752069857,393.14027279729515,3736.455482362544,5653.28913297377,1127.1555144633,1772.2702879031783,1125.0398405637272,322.8464433779305,406.0527211170239,1773.9531322350235,3688.0777843548854,674.2445194353046,536.6738947581696,1009.675060404771,4827.661620955536,2683.462875843008,826.1033665227376,3575.9150701545946,2044.41862285811,3122.7269239884054,2348.8277789401222,1180.6685041494395,3427.9574360980805,3466.548553383485,796.2397378418297,216.10266407280758,2750.127922921613,1180.0404495632902,1027.9960742212204,1775.0572184362234,352.9301756974711,1129.7926186812592,3786.1914752899297,1230.9877830962234,1255.9715446996338,803.2175679724718,1456.2326725204855,1617.0065810148894,1477.4522231006424,1145.4585297334274,659.6496260180422,1468.9707622100323,1883.1345867293805,2210.502778577264,185.50495195507725,1562.5719628541315,1026.5827506907249,522.5782520418184,2175.209150591323,2304.035650956609,2242.622835190672,607.5742345125818,1228.5466011591816,1444.7985222646994,3492.320693704793,508.1792464735309,2441.4129200836223,477.4641993197374,255.1413843495453,799.497847664195,4576.604971182114,883.0533282478958,3667.201678359988,728.7842603392768,2410.9084049573626,509.5017984710958,826.9617823959642,2339.769456634207,1323.625029098862,3589.4467968978556,1573.434178615095,1092.5405292258854,2958.8240032083754,2319.143050921325,328.9768469035952,1216.8873333071585,2849.092324371195,12853.326477413515,6364.942436138465,967.338994880459,878.4554006952263,1170.75552381592,590.6654430311038,981.6453465207643,2382.956408302981,1584.0350282718525,1258.2725813538925,1837.9022532612933,2374.8119717054683,1414.6148470877372,4839.309150865622,1295.910164568249,2847.5081265895915,1545.791467299505,1544.9227102369196,1078.4218945468276,1636.921345891627,1292.9610138234325,1138.3196886316568,2174.647657808791,912.6784739669818,2961.0612689328245,2149.486954081035,649.0531151397707,1266.5727514181099,1023.0849474384372,1559.1337047081727,859.0522411564177,3347.3092469607263,2368.286321347528,718.5376342652005,1307.4176918415735,3530.6931326509452,1515.9589587139615,1156.8093936759158,5791.148180665695,3021.372004774203,2255.494692479881,1124.3644710016279,2398.917445007704,1666.4437891386426,691.6505754805169,1576.1352599645309,2733.183934255796,7338.578515901907,5865.8943392855135,6327.976773850794,5775.47465291952,6487.797638762472,1284.4461002327314,1070.2803236707646,2509.8546592868424,1509.5584850740809,3580.709089654177,1477.9656464514746,3780.8897903844745,2678.5408093471083,3333.276865642525,982.2474349913153,3578.8320465164197,1700.4624825322269,6092.91904998962,1000.3003931404147,2025.354366694223,1351.3102831500498,3314.3060867930053,4690.434389256182,1662.2585293951254,247.39808298205196,1519.687845054301,658.6896953015769,3399.507889718568,4647.480825810612,200.41941680891503,1174.7220081937598,1468.5104772974985,3009.870775340792,2871.2290170883552,6102.1999204944,7308.786497354535,391.31621826064264,130.09871751662504,556.4714603777124,1663.8715397919148,1634.1699050231762,5803.577617356793,3625.9958109502827,7343.4845621196255,156.6751647682203,1207.940348644325,126.67411156668469,2658.269552907065,1371.0116310885926,1468.6756789527717,1048.6275301267005,1353.2991592887288,5475.819258447292,1299.2022464017316,2293.0975292799553,6204.416503097073,856.5473091813506,2047.6222634701346,5139.954200704122,550.0622052715723,2010.0893347047208,2324.927327165292,1527.0960429673785,6797.808378828173,2010.907807955832,1079.4817178033825,10639.338703566971,2399.7725261958317,1385.5251711186927,2970.2528118446257,1751.0202279389187,1109.744216769824,1625.690858607082,1472.061324815643,985.1834707540917,1760.7522327637255,1905.7144761344696,1560.5268434556451,1560.6720548902053,3319.918004298993,1599.669007320267,3478.937207722103,2365.645365608225,2551.691528742575,1448.2031757329542,1167.046683555873,1666.4372585058347,1619.468602252638,1793.2164669641006,1874.3199957543927,783.3533519684167,1609.0226093653393,754.1254238675696,2140.341509403252,3083.382340545718,2778.790914744249,1576.6807237051714,2556.3284631116544,1442.1511233227393,3737.189882649028,1284.5599167541895,2273.544833603021,1442.4148546982199,2137.15394968723,6272.837385946693,2049.3661877695786,1914.5615269602915,608.0472955688842,2815.3960282872026,2325.465718039659,1535.751602926051,1161.0621821291052,2080.163917099884,2254.347568306015,795.6063050753937,2522.729928993017,1882.6893423188847,700.101989382763,3602.2333029749525,6081.951015442812,3810.179096131432,6232.436107548017,1898.2319644081024,1464.8302735639677,2075.753352523801,2538.639101248416,6421.9842647847745,3735.0793489593925,853.8579069650663,4893.416610433251,1599.742142938984,2748.1316243711153,1593.5194775516836,5524.660067430399,2248.1559606890187,5567.44016934409,2510.3391598679677,531.9266097839934,2554.757000095133,1029.7658916792443,847.1513381314903,6524.007804099317,1228.0626536443824,1547.8466595985708,2819.1870204116685,4904.967286596359,1544.0241493938863,1518.6406778270252,6550.6176972871,1060.485222799895,2418.6323359256603,1882.25975913029,3468.215184713257,2179.201666256749,2193.1482998576566,5815.982688585349,4899.61860285976,1809.772375352934,4867.969027014587,6579.385153188859,3055.4959031719372,3430.353525969423,6543.934705304431,2367.346136848463,536.6608394262519,834.554015942792,901.335118244652,688.3125152831116,6543.0896794138835,2147.4561137577266,6349.4768038345155,1089.8211724156226,1559.1532225601711,2199.7293649150974,1090.9908034260613,773.4001603542482,1737.476946761055,1057.5421674532715,1253.5125056538352,1790.6678347287577,1744.9134349138162,2086.5253280225393,2006.0790394693838,5856.031751630721,6745.980416423971,1580.5849032325216,6233.345042734575,6385.064319877242,2114.6908527638125,6338.38300604387,1892.632357604544,6384.630636365386,6803.065082547717,6403.290683644095,6215.453109094728,603.5679810923276,6336.003262406929,987.3692605914332,6487.719251082657,673.5719806383931,1737.5836079094347,1608.2600491409858,6275.231368028282,1003.7802133730452,5995.738889783921,6371.725785262317,2690.1336768653005,1019.6151743928018,7263.427000561942,2528.356871323151,6343.605085169973,1163.6008340220465,6441.052967205331,6483.8938167832175,2619.089362246733,1681.9561804231905,6136.024049991129,6389.1487189571335,5624.899321473726,6521.408460682279,936.8969573892723,5823.146392276969,4753.952059053478,910.95154736015,6090.935130238658,6341.431894283169,6280.055069905456,6489.222363463754,6513.2005392945985,7324.311623782674,2907.3236042012427,6012.420830949565,5828.518201686095,5868.919262153309,6341.538221065219,837.21348285818,6112.115547893022,6079.392632197326,6311.552613272214,7510.3997699531865,6330.538215426948,6919.556558077693,2511.1291036446314,5596.777869766173,6323.3094665467515,1742.5170996980805,7255.943633753799,4805.193937226711,6169.853191903795,1830.9061311220414,5845.747047787047,4635.928183631177,2714.2824318071325,1087.1816623357745,6135.874473474839,6020.43978221045,6323.241559477978,5960.070234684642,5616.685185620864,4562.423252411871,6611.213164289477,6119.2435334557595,6493.128922330511,6373.913004757207,6742.615742612762,6731.336855832371,3727.8372598754163,3743.432937153597,2365.694964901639,4668.018266787415,4911.9835661897705,6362.929174813574,109.82958847132588,4636.1297131700785,6497.467097858647,3295.95371110153,4848.960593779344,2941.197622312765,2663.966007907084,6254.856436734929,5886.202022619577,6377.131853134326,6246.1462711705635,6222.846660280124,5657.638264559573,6142.341780248615,2722.1041767119377,5504.1409251019595,5725.38063933719,5972.170347316075,4924.118135599599,3795.5853125814733,6393.1641741638,1383.083455836667,5792.899593342992,5340.617220137016,5768.185343221847,6311.630878567888,5786.23138401825,6240.313696234148,4787.760075845198,5983.418497077184,1499.8904468965725,6208.380495353669,5496.480809904192,461.99549846848214,6574.938954611809,6122.311595632037,1195.4565384952552,1219.9137061212343,1058.5769060233456,1391.7736565806163,3040.574943853488,6452.882989359581,5677.416838268006,5525.2378569468065,3620.684993645024,5717.756113217913,8030.930444170568,6106.244262585431,6583.472729897462,5857.374812604287,3099.359662863037,6053.932552745541,3200.406366029398,4623.501649443059,4669.467897163831,6974.570896669705,1664.7493202214346,4662.523727115104,4878.663165688304,6244.311795687116,5973.210811701358,GA
13273,206.7707627390626,1174.79086125168,2027.3822410557236,3167.523158154632,1189.4205658665705,2861.5609970951978,3633.345555058472,3504.0375536467573,2581.7258252195675,500.69415951356,478.75300520466766,1643.9028703982685,1671.102088921934,1058.8268695252216,1351.3146421069846,1164.319183335898,1371.2641147652876,1375.8744922554215,759.2786823291808,1222.5263264088885,1081.621003375616,2649.9851545615443,3069.2216155868828,1033.5179016690013,778.2266208844769,1151.1103600438867,460.9291785856348,3607.031825230841,1171.738073365547,525.605996244609,1017.2355564275224,943.3317835765793,1272.6121096518527,7269.746586257701,1062.5029161676994,3465.090044607693,589.6061515740566,3490.314106781421,692.9051422547183,1248.853809593856,3435.9889919559278,3120.62178605096,1363.9555945414336,898.5701891128801,1095.4775435268302,1039.6648652084316,638.337844340496,808.834039299903,924.5165133893103,2369.496060070315,1278.7371153528081,7151.7681952573585,1536.775150815817,705.8799160470386,298.2176599540575,3160.513608717581,2084.9737786999303,5657.536113195152,1339.0684712584127,1470.2277318829929,3092.334432797277,629.0946409255185,431.6376282256117,1282.525921562128,910.4230817900703,3283.1143377694343,1598.6680673302187,3064.3053642468794,3145.2455697639284,721.0276628962408,3297.078852206401,945.9082901912559,2494.458770614815,7173.273491415647,1238.3469732721949,2069.7464488796218,7368.792301091959,1163.3528405142931,293.8161040858824,1538.2697700060205,453.78780347399766,1359.8246328509351,307.89479533519034,557.1368762001538,1394.3051256677252,403.4490838899785,1457.4959562245724,462.1667393269114,450.23090420082605,1807.8627132038653,794.5694996873028,1334.7424567136834,298.9767575876105,2993.7285532542464,634.9582002756405,1687.0595054851221,1992.47255094208,903.6820798597121,1353.5083801968785,1425.4196545380453,589.9858660661098,1408.1192506407742,1037.4066784729055,3270.048855817001,245.2396044421487,2769.0454065700555,520.1768617589444,1718.91006337494,696.2017617832962,1675.7474096441006,1162.0629676592494,7080.872611022855,1295.7047501714212,385.1347238924949,392.30397869491964,442.95437064786665,3625.5931467923333,5595.8264254127025,1233.0439742386325,1697.6166763817264,1020.0181038349804,203.9033096163649,369.1472229932805,1637.5015664546845,3572.400319762593,534.4963000719014,669.3472130814697,1050.719250996122,4754.936544675511,2590.0382305454564,844.7140583753735,3466.1350511032424,1986.505789701456,3026.7177255681922,2458.080410698049,1279.9939054700776,3294.109905901585,3364.151371290254,653.2438026098146,153.72912393063237,2645.005448728601,1273.509883279915,1025.3576520393276,1643.8124310232267,434.00913047330147,1116.801119776999,3689.9374427482135,1245.5805668276298,1203.2525849985864,892.9556369089049,1432.5812391074496,1478.1546092749975,1336.001475783906,1094.2683242432383,739.8718945010705,1448.9743856707228,1981.9360631159784,2119.1816456406336,291.7873277264323,1424.2533371051707,886.859299166013,381.2114827593979,2278.3306391968804,2185.2139143294085,2170.514579237341,466.4504848720753,1316.1447326650734,1444.9791361784366,3360.051176600968,627.6273984077261,2321.0725172517223,548.171082746277,311.08440349696485,751.1528125336298,4496.010936048396,740.2686366685407,3541.866121331256,778.0158390127302,2518.600316205617,554.8285293242177,940.3049207812752,2212.950758952818,1419.0791895826785,3459.933924908507,1521.5028805078393,1047.206956228436,2868.1702107905267,2201.9497930585603,193.20295485905478,1223.3735143470706,2742.3456786214942,12747.77157176949,6296.178124504307,897.8822130949077,903.9246008268357,1166.9417386497878,719.2936647099533,1046.8965450477144,2316.0064096777496,1492.6763737457572,1333.7677029467675,1800.8711986082003,2252.6246608486913,1272.146365897497,4762.310330183017,1307.5570057158102,2719.063692648419,1657.868161727916,1515.0207438754728,1092.2230943405223,1719.2392285667565,1349.1982522797482,1053.2492540385433,2043.4120893836653,769.835046359423,2866.2196929795464,2094.731571859716,777.7953761731671,1229.5698090162375,981.2642633354687,1421.942573865555,719.852624090289,3215.250163504369,2254.207100672197,752.552344695593,1384.0455420444464,3403.9551567394537,1471.5493454598234,1206.6107401194502,5721.16157486971,2912.823213830922,2358.7984565431066,1000.8435632900598,2296.092807492297,1524.3311372292242,781.1889063975882,1436.3769150309693,2614.8759519940186,7201.269658758231,5788.23794785968,6275.749221559348,5733.835117517665,6429.44034093312,1141.332325749709,1013.3039370812668,2436.304208506551,1610.412009161279,3478.4496191312223,1375.5408128827537,3661.3887468889093,2545.496278734985,3233.9204820249734,1091.3247775250886,3479.484183021645,1604.708572900655,6053.33011282569,857.2607374830088,1887.9150037131028,1209.6019200202654,3213.742771601731,4613.6992793036325,1520.5758431377744,108.31882575193158,1629.4264644409009,780.6871860592786,3297.0774480672044,4570.041242897656,94.6873420185426,1034.6399264675347,1336.1666897728412,2897.676488966162,2761.824869391024,6027.277398520285,7171.208509489877,514.8519955996975,156.46208975890474,430.94697581120863,1583.7413561745175,1734.6916066236645,5731.0225690106045,3505.492267157981,7205.8737976867,287.6444305975409,1098.0019002998833,35.492504688111,2558.804961385805,1473.3473954187955,1333.9173085297791,913.4561698451699,1304.8148438463136,5406.199837716621,1380.3227375546523,2171.583253878849,6130.668545751462,918.687082496332,1965.105920772624,5068.812771615752,411.04694269279366,1962.583853290352,2432.012111962369,1534.1014329129557,6713.607176720578,1939.8720794375454,936.4386904104173,10497.339480477644,2304.9284160538477,1262.7167016169874,2872.31699312958,1632.727073545924,969.7623438630015,1600.1728110711265,1544.200595638616,1069.204173625731,1745.7284236740775,1766.8237394797275,1632.7736519000553,1670.0077638527764,3192.575302149038,1609.3888081366429,3346.021757333454,2288.0191644945653,2440.325709476964,1389.2810499076202,1247.4074922254458,1555.5496074784937,1578.2679752000463,1741.0596858790614,1825.733976316569,709.0960133805265,1592.9856723031855,708.0826460836867,2075.590983041071,2965.225072968043,2663.6825750747576,1567.4106294509318,2451.5491539135346,1548.1823579629295,3631.3098497000597,1276.351992953121,2164.737159281003,1550.2232670453977,2034.1222195326893,6212.217635580949,2012.7650237130506,1876.3176022618668,464.9708553736863,2688.808819109829,2433.696141917183,1428.2403602899408,1092.3714510415289,1959.4891411965882,2360.682284559087,879.9384575768092,2427.3082236859523,1781.6283533699109,770.0089447290708,3475.720432485792,6023.48963226301,3697.063933445013,6165.479371705605,1829.1753031632506,1480.9473098936862,2168.841941997689,2416.358911336285,6356.801979441118,3634.9215076364258,784.7259154043433,4820.434837413319,1691.9768972045242,2614.0159891171397,1701.0072511527942,5456.763434835669,2187.9506165188027,5515.752815654353,2433.4250732417318,600.604253871183,2438.5918585102954,980.4753130666603,766.5847617659202,6441.6151033454735,1166.173247108481,1487.0007192023486,2717.876317310553,4834.54073259072,1474.9162182342118,1625.823808796741,6484.522177971789,966.1660007466874,2292.0004253402153,1983.9807037295127,3340.1065403265998,2054.217395479745,2295.350378688865,5742.8744376720615,4829.938155075352,1911.1309043913848,4794.112642261961,6513.3647347975375,2918.3410047188036,3326.248631156211,6475.182526183916,2228.8395258628448,442.4823148755671,729.2068564268127,964.9330725640897,593.3105966497869,6477.76786987237,2050.1063438569163,6288.00682067323,1181.4698113599345,1649.1307658819546,2091.3830820688127,1156.1410512165546,641.5451763540723,1710.8280915754153,944.8017309047196,1176.8370457747428,1888.6853388909992,1621.9820594418381,1985.8477560218162,1866.5757264453355,5799.031898803037,6686.517174402636,1660.6255495252053,6181.25268553813,6314.874469412425,2064.2687346582547,6288.06805813312,1758.309402152851,6301.93764186209,6744.133959783238,6353.593648788105,6162.287956022317,489.58241850357734,6277.502515999892,859.8760428824147,6439.9569654236875,733.5394350046072,1638.4041005073925,1682.6643792896311,6208.244270430355,1074.2587593120068,5923.539176665114,6313.131729301823,2610.220450480479,1094.7929154349868,7124.902826253886,2393.293644743917,6274.8095994420555,1227.847650749688,6376.023229952227,6420.583238455422,2540.794339648932,1563.8688740099967,6077.561991300378,6330.9786822481565,5574.23673071939,6465.401885448473,801.17607669511,5749.776920363333,4677.29967582617,1016.27556416379,6038.567653177188,6272.941459219063,6222.339227272452,6435.629707241143,6445.328569646214,7187.003733239871,2823.214071566041,5953.946339408056,5755.158311363282,5820.592649438856,6279.978380525848,884.0194317929174,6070.0862165437975,6027.100690501904,6243.458502934728,7426.383114937,6262.004234605425,6844.116376313911,2430.328715287348,5556.1372236591415,6257.078891235146,1599.2614237988544,7118.043390571595,4729.881326966251,6110.275295067395,1724.998947841693,5793.86963185094,4555.980670162179,2597.0385628092595,1142.650450582742,6063.055360089276,5956.990500218068,6279.051111203125,5905.390797024808,5569.5175927578275,4481.208408344406,6542.309982616991,6061.18291843688,6429.416181069452,6304.942803827601,6658.67855907681,6647.365313147632,3627.6090603046364,3644.486419740207,2241.5303679391227,4587.1754611645565,4837.381823674661,6293.959016178189,126.05647315464772,4555.543715303272,6414.739544441684,3161.017231857747,4774.224367647039,2808.252148436111,2535.511618959336,6190.820364558546,5808.918414030491,6304.056860002594,6182.758164222527,6158.873968697983,5604.825414589478,6069.2844664465565,2591.0043725212004,5453.082484198104,5671.239673272226,5892.497719652342,4850.195497968341,3678.109085253903,6319.883297113971,1240.3923321012458,5742.204932512685,5284.769125250495,5712.384785271427,6238.1860386923045,5728.8508966067,6161.2723925363525,4714.41295030906,5905.397517643766,1452.4569055420254,6134.09017594084,5431.687523958027,337.98522754445867,6491.897862544459,6047.493333524148,1052.4804250932264,1076.6447827019542,1106.5086744705684,1291.3880634003924,2938.1607170600964,6406.5016812101685,5608.681238502631,5470.693609145007,3493.132861107491,5649.647378299022,7954.031134318049,6039.411107558326,6528.338582447761,5796.659974643984,2963.6096877495183,5980.645124750767,3063.4724605175625,4543.157294578024,4588.035108976534,6889.1313643268,1751.3563134233789,4583.4400954176,4805.771224005775,6163.6388860435245,5894.1191770493615,GA
13275,311.9217805074595,1285.423606450264,2123.918092333484,3240.6658748766536,1258.171144460233,2941.199877310117,3736.5372832032563,3587.8047608776524,2652.013745017004,557.1953527977851,370.0813915495603,1756.7293894679003,1717.3338802272697,1099.0182816110034,1400.9010834817286,1262.8276129800224,1418.8112559308222,1424.6281715221185,647.8339391076901,1272.3565286603928,1134.8790427732902,2744.259033189329,3138.187326790327,1086.8785610721698,666.1666275765607,1261.6270091535991,348.1867905744112,3707.3296453085,1240.1720131768182,638.2687492720547,1073.8999940739002,1055.4147248088886,1318.2488011128873,7337.669623675766,1098.9273807563657,3548.207467551105,615.378536959816,3574.3367087476313,733.1355778504202,1356.0081493559442,3522.4374127482893,3192.815927081401,1405.0292593137342,1007.5803710854718,1186.9978001192446,1120.760475566065,525.5314078043625,912.5837756266047,1019.7069900692163,2272.0074661501408,1388.799892574448,7217.976453367216,1586.9116130295465,595.8031415809758,217.38493686610732,3234.446063532104,2162.1978022074663,5769.190079049345,1419.0679590973957,1579.6606353805496,3165.6821605563355,731.2846945835511,430.4341879934738,1368.319321749757,955.3473425717348,3371.723062846408,1643.0126362334802,3162.9610087022365,3217.9480802682124,829.5884001500442,3401.9453931564235,977.7285647533632,2559.221480884793,7237.346112005235,1343.6554817435228,2131.6106117661666,7438.7057498203085,1256.568762643006,401.3268496934757,1596.6186504222146,347.77426683390814,1471.5398705357165,293.44207998922593,563.9873412057569,1470.1771350276026,475.5200175760106,1526.6828083690066,349.72040978803733,549.8777705893542,1857.9462100353562,886.8183863547948,1446.4012960964487,315.44335507888275,3066.151330333101,689.1945291540724,1737.5410860240675,2085.6368639211064,1005.3052114522324,1450.8827681661057,1470.9874404382965,477.208470770669,1457.7852122305785,1134.3014655846014,3351.601485583029,252.8271371713144,2873.931991078921,407.90242000643644,1781.7434733305447,799.9952665714462,1737.1701889936826,1221.8531183169305,7144.169742479683,1408.4994112083425,497.2022244645256,431.19543469991305,524.0470067319113,3723.2519162732237,5708.454347553162,1276.8652796303245,1808.9086171844056,1123.3746207398297,188.1308314576865,478.9531669996867,1709.3763817828028,3666.8218460095,604.7756343781055,679.0517238714488,1139.4580518884661,4865.991784457691,2696.35332295387,732.9294632514709,3564.5132243684297,2099.25210773294,3131.923162482827,2362.168229578327,1330.1630366318266,3368.982777175848,3466.513707275089,692.1462097719341,66.38752795608376,2746.328961270966,1328.8746192157919,1130.419965769773,1724.3542045652875,333.14876946631017,1224.605908825836,3794.855691831872,1345.644043240868,1316.0754645802215,951.07256790322,1542.7921139032785,1491.485812156991,1359.9971580542056,1207.0420860923282,804.7927397119299,1558.5543426256238,2032.69825795705,2226.4247323728264,333.9236845900858,1435.9850432916421,953.5742013232837,413.41679558009537,2178.9723090670136,2278.0590583377802,2282.015248996069,495.3210301612324,1376.3748192476087,1549.848493237715,3437.3813784945532,656.9040870099117,2412.5319206376885,441.2852948198989,205.18417631970863,863.6325382174667,4605.564342020761,776.0016805801965,3627.806564264265,861.8515906372259,2421.665446405878,639.3483603777869,976.2676556017036,2298.1902702698967,1472.7806448855185,3541.0427850229803,1634.3350867118213,1159.6914614929315,2975.304403786232,2296.052438193278,283.57723294238474,1326.0943799553215,2842.765809871234,12847.25173643201,6407.73328761825,1010.262826687774,999.1418010163197,1272.5639328345862,735.6196564444749,1122.4390356993642,2428.096154874952,1600.3868588627288,1403.0055928550312,1912.975572092388,2342.511742587365,1325.5107983558225,4872.599646480964,1408.7222039215433,2801.9579906220006,1694.9624755488608,1626.219559873282,1192.296187144599,1783.7909422566706,1430.5270164970111,1163.1529399990798,2123.333427818825,822.9968367651513,2971.9201044048805,2207.55280911435,793.699344848857,1341.4557698795595,1093.4434842530432,1430.3243609901592,789.3816361976476,3292.974987132301,2350.502851322603,843.5868949382118,1452.5374530528438,3488.430118049132,1584.1193610410587,1291.2481503032955,5832.573683570456,3012.1561129450824,2259.4713962175892,1092.0116063630123,2398.74787596583,1551.5420111375736,839.2766175987033,1500.6701490266296,2707.781330222477,7268.354332375645,5898.313080810713,6388.559039844011,5846.5048310048205,6542.001434787084,1189.122461909738,1126.1456414075435,2547.528682595613,1659.1999538717675,3580.8403786710314,1479.3164908511883,3752.7756419402394,2622.195838625297,3337.697789971452,1131.8666020457656,3583.1887335354913,1710.849987418385,6165.9009355365015,894.9194669779451,1957.2339608384652,1267.4169007545795,3316.999010074438,4724.053890085575,1577.5688107701737,154.2400783961903,1669.1402319075653,806.3608244065767,3399.446639636869,4680.261176331071,207.42993990628108,1099.4081448643255,1415.8546330349866,2994.797291818542,2860.7380187795948,6137.868675030761,7237.6923696518115,539.4300867343801,62.14975252053888,525.1964679882676,1694.149416815519,1783.8071610617535,5842.041257271215,3596.085350913691,7272.276454820935,237.77250989460393,1198.6283688645094,79.04431360974014,2662.810288559995,1520.6969406075464,1409.729063170735,990.2979550392996,1417.5406283590505,5517.680235031988,1445.5697866120918,2262.159555621895,6241.463550126191,995.8253441849597,2074.8020338560545,5180.092889902177,485.8188152819992,2075.3520216766096,2334.777597258321,1637.0323191699695,6822.067164043171,2051.5791693242604,973.6427015319673,10520.59621881028,2410.8762053399755,1353.6447233158724,2976.818391186597,1726.680799637355,1035.1879918213974,1710.7824034388825,1615.9103073846431,1131.986560074191,1854.5276774120512,1832.8269918822439,1704.4742309984495,1710.1544894788722,3276.4707682274543,1711.5238580068622,3422.369357812316,2398.591986511267,2538.247517880691,1502.055745928445,1313.0988652174424,1654.6774696310308,1690.6573954791488,1853.899700595859,1938.522592492807,821.2516743616701,1701.899454598522,820.3473151907608,2187.9250105877272,3058.033581570801,2758.9626276892022,1674.8279928313063,2553.156498116076,1591.8399837463987,3731.837394150611,1383.2408033535269,2264.3916972052853,1592.026745628131,2136.870959295003,6324.629239628761,2124.8771712486623,1988.5453159085068,519.7110079397652,2773.883910860136,2337.159744074757,1529.4686573425292,1204.6836599395301,2051.0362665402913,2263.0609013501376,942.2065754641513,2532.981882283123,1885.4922434758575,841.9351689961649,3560.4129240611705,6136.052381135875,3793.2386484052254,6277.271117536446,1941.1492510247956,1580.7761550045216,2224.782670501806,2506.012501946018,6468.7901884060375,3738.2280634552494,897.2241895357885,4931.443394267374,1748.5528280701992,2688.910259291604,1743.1327826493389,5568.469830293206,2300.577771010627,5628.576872951289,2544.0867266080827,492.6077424789164,2533.2641819472205,1093.1464639903509,877.8341438583707,6550.564092492212,1278.884229526558,1599.6891304273968,2820.995947620914,4945.940982393662,1587.0041747819205,1668.2779584467419,6596.403840160235,1073.786243947809,2377.3668457948024,2031.9537795200783,3423.021135434215,2141.6013325255913,2195.4901771763784,5853.800932080296,4941.443721589492,1959.45339101842,4904.976877007921,6625.254031719887,2987.1872551094875,3427.7923967788997,6586.7318558659335,2295.156095001931,552.3164866546372,833.5119335556856,1041.3119641034011,702.016647057852,6589.736795162911,2155.2719090235337,6400.349594002435,1238.315399969641,1707.5898075888092,2191.3597145103736,1231.9328192228134,725.7397835542316,1821.6602465435008,1044.3006371271767,1288.1472380689909,1940.1671214376267,1712.0017871158286,2089.696153259395,1930.7106467975232,5911.679835224474,6799.001676826097,1726.8485230888882,6294.065770266382,6426.228648731382,2177.101138905361,6400.9049721104275,1833.9017104439608,6410.82147980702,6856.652959938702,6466.434342876547,6275.076962736929,591.3588982603948,6390.057780019899,947.7280943617262,6552.794921506971,811.3319283691045,1743.2046984753879,1752.9228961927854,6320.030664936147,1146.5402862388034,6034.604645816867,6425.680536510267,2720.248155874829,1163.9679606057334,7189.117959910987,2466.735067242642,6386.361463057621,1304.3001007464825,6488.027240538112,6532.759709560958,2651.1675876200643,1658.0977917588793,6190.123599372686,6443.55285357862,5687.0727884240305,6578.0866334593165,877.7661399361231,5860.658932083829,4787.664424574386,1060.6636305182851,6151.376205045812,6384.534261456018,6334.941550765608,6548.404488858962,6556.9951602524825,7254.09310848007,2932.219183367657,6066.509727455392,5866.04162908235,5933.432838172793,6392.313991359392,969.4749626164238,6182.778097754886,6139.910860060934,6355.104548086137,7534.842731033597,6373.591708391648,6954.565214040837,2540.2204569485752,5668.755430724633,6368.9531319753805,1642.559121635321,7183.788193536582,4840.49350361233,6222.764284851693,1826.6441175067505,5906.688990836321,4665.672844022804,2690.787002089321,1224.1056551009713,6174.011985667521,6069.1681005298315,6391.822776519712,6018.136149239204,5682.3466157977555,4590.620398415032,6653.836041194863,6173.768641341129,6541.553597294876,6416.46965091469,6767.213109213224,6755.891569399556,3730.88644370949,3748.3167380721216,2329.539214598065,4696.661679589988,4948.112963659975,6405.486340115719,204.89216093174701,4665.092280411121,6523.606158530409,3234.084480723516,4884.936753770865,2884.893869482122,2618.539830424937,6302.933294338532,5919.068256695174,6414.957767678209,6294.934435178264,6270.994233191649,5717.627682741286,6180.200945397531,2670.54404148797,5565.915075504898,5784.005667658523,6002.132063962653,4961.044016643217,3771.1296697192747,6430.748443892645,1272.5457793262328,5855.040133389196,5397.478694498694,5825.089480210168,6349.02749796752,5841.480570163006,6271.027352188875,4825.369319014445,6015.3887291080855,1565.1681218382055,6244.789488296839,5543.7508701316665,435.49059133631937,6600.678776945242,6158.102467155219,1088.2331662935185,1118.0195450505196,1191.9408180030825,1396.1706750447913,3040.673581602677,6519.323559268039,5720.271512315007,5583.449044710851,3576.6308544056374,5761.317600542804,8064.136503815155,6151.222720452982,6641.059397272965,5909.075037309264,3035.293857036615,6091.527671001112,3132.695429990349,4652.762027361443,4697.383727328494,6997.238192299445,1812.5903295581168,4693.317937966463,4916.795560850872,6273.024381524987,6003.8820117765445,GA
13277,256.6882276991593,1232.4829624967886,2119.6107160853862,3260.061640185851,1280.812907862975,2954.874750474998,3722.599697338823,3597.5691646709947,2673.7237177078077,481.41192148584236,398.67565794594117,1713.7071619883484,1642.4753078486992,1140.6783598218433,1325.6332663094365,1196.0483218003533,1343.742638703279,1349.4418567475295,683.1784871543475,1197.0370237455247,1059.2874014326371,2742.6817542624217,3160.999804955922,1011.2708902847354,704.211297478936,1208.4462341991166,398.81445476328514,3697.794699380248,1263.0514863321669,595.0631089123245,998.1574794704303,1021.5630738489833,1356.8743993623445,7361.4599410928695,1142.7309111623135,3558.6065859142445,663.7242037227154,3583.8496406319678,658.5322757763411,1335.6069274130639,3529.5080834592295,3213.0023691491792,1446.4549202331632,951.867984252296,1116.6452581723402,1047.152648399926,573.6033352519454,850.4941514211366,951.3121046040696,2278.1557058102344,1334.4656367190973,7243.115266881833,1511.631662972389,626.7305098748321,205.357011639614,3253.1735331978816,2178.0069883176666,5735.784880261086,1345.0552935351773,1554.0333661935151,3184.9012339401056,719.9974755496579,365.073496247332,1376.0657861288526,880.3758613432228,3376.531571248939,1568.3681007978507,3155.7620311262044,3237.7120007717035,773.6126494435181,3385.2264897302057,904.7731518123834,2585.245517266315,7264.1302071159935,1282.424618889309,2159.72095873102,7460.89423492554,1256.4234066673982,382.6010330778315,1520.8708896566761,370.58385402532855,1438.854202528681,231.9315678997745,496.6168852844442,1395.419330493032,401.23374672985824,1451.1770494478528,402.7959419186608,485.90652408135696,1782.7112326045894,887.8679528522713,1396.158323802443,365.7471096742186,3086.1400052961,613.4466866140012,1662.2544378068353,2085.425898138942,941.1456824962931,1445.6447961930646,1396.1501864443906,526.1300771975226,1382.5225079709485,1129.7905147003798,3363.500035421361,305.8323181760316,2857.2469879310083,461.3145874397657,1705.9613945888807,738.2739447290949,1765.5011094089248,1146.0679306790532,7171.53888009808,1368.6062471521832,465.5084813664628,356.1491971271006,451.5726353520951,3717.350714586449,5669.5156682371135,1202.1777716910806,1777.6329105192788,1109.848594271548,248.6186764854669,427.3482899552109,1729.6655551417534,3665.0171725995287,625.577429361005,611.1874512828147,1068.0642850341976,4834.903915441239,2677.090884133785,786.6419655236328,3557.6608164635004,2059.6500341604187,3114.637892778231,2366.215984392235,1254.8293507133753,3386.911641527765,3453.913734291307,733.7695155545622,141.74043860991446,2735.386584844457,1253.2096407578356,1069.2132584663254,1737.1381981058726,346.7094570847362,1166.6240176573226,3778.005938713024,1279.8287504926254,1273.3446700795348,875.2917264996048,1488.6140104009512,1547.2694970672546,1410.6340940351029,1163.471777662961,729.1895962398904,1503.0952866371736,1957.42291817133,2205.443957933961,258.3101740799679,1492.4379971700805,977.5755357630308,457.1850227075068,2187.7415244471513,2278.2019404384337,2249.748223201372,541.4644864244301,1300.5896505861826,1487.9530834002508,3453.160246385108,583.9604917813275,2414.2473933490746,465.1410029006244,230.25309589908645,818.1086670588093,4578.938924977102,819.6269363009418,3635.396592628905,789.229664705715,2427.0493268387245,567.4387990910241,902.5595893881531,2306.4918127774317,1397.22068279174,3553.363437743688,1591.607525769107,1113.5414627255514,2954.382733013886,2294.715748351583,286.58410227422814,1262.3826439266718,2833.1322649007348,12838.618167482122,6374.68863812458,974.8376089050013,930.7947357993578,1211.7634588392034,665.9436355311636,1047.7701871843456,2393.1865609495762,1578.6899469371244,1327.5233740238793,1864.0809344209754,2345.97048870514,1359.2245536030534,4843.926311261029,1343.6594859377233,2812.565688218885,1621.4275669259016,1574.3867137295426,1126.6623572847827,1708.0382950062824,1356.793808967534,1136.6699440221005,2136.7148474014057,856.2937229489021,2953.7615696344105,2166.5192213774376,724.2703729229428,1292.1505994922275,1045.7475043650056,1488.2231122225683,811.0638507063554,3308.396803904904,2346.4707259869338,773.5360021038396,1376.9933935918234,3497.4949995217144,1538.0631174776315,1218.4201939398586,5800.12362196399,3004.040557542951,2268.181238097324,1094.1923198197658,2385.8296623655565,1600.6930147154435,763.4906844482606,1526.8107917178393,2707.825043119852,7292.807209648084,5870.180688276992,6347.162083898876,5800.265185841964,6503.586542365108,1226.3088182538595,1085.0207541175332,2516.2050695293383,1584.057354087174,3568.185946770757,1464.8893939052628,3754.520795886215,2638.498325900037,3322.8411002047587,1057.5532115993108,3568.427547022918,1692.1990001635654,6118.800566416261,937.7258078492813,1979.630978907341,1298.084164857184,3302.9970201216393,4695.201596433022,1608.9693681200174,183.20820391920742,1595.163397062875,734.4720329309403,3386.842282406825,4651.805694469903,177.85108296034093,1124.9831073971443,1429.3822344187336,2989.648903392585,2853.215368588874,6108.198774282773,7262.616339041047,467.1141883069945,78.79761187646947,524.2492901692189,1665.8056458014532,1708.6528196616478,5811.004262120004,3598.7254079271297,7297.264661354089,196.7984819667241,1189.122606190262,63.9848879257946,2647.664787029831,1445.6732545951486,1426.6607992755526,1006.2095330163723,1373.0707942502706,5484.98975841346,1369.8574175483127,2264.8671321641423,6211.143201997065,921.5066718980603,2048.253490998209,5148.182958515488,502.8209681355437,2030.9580138121137,2340.57394129271,1573.2282480280155,6797.971062614041,2018.571260393065,1016.8373293902907,10572.732684132909,2392.36436566986,1356.0442103840785,2960.7857499988463,1725.5878596026562,1060.2252398662117,1657.3637182161692,1540.6068227167405,1056.228177771439,1797.4778039360306,1857.7799558834686,1629.1559038855319,1636.1209800002316,3286.107681090625,1646.996424364182,3439.0172227317353,2369.456456361456,2532.0930100212922,1462.4211120275036,1237.4175827809966,1647.0637120732022,1643.3377924268855,1811.4502115646374,1894.527802436756,787.5526816283133,1645.1424381201994,773.7502107790939,2151.746917212672,3058.1717177629153,2756.159467691516,1615.8419432913956,2541.817474683576,1517.2719383464828,3721.969001903772,1323.8220351909802,2255.921554201534,1517.7137122967536,2123.8600653646868,6287.326167800443,2075.9036978244694,1940.1797757383015,551.1085524210315,2782.349914645665,2342.026614942113,1518.939211442468,1169.3633353423268,2052.677231837757,2269.390696593591,866.4565593889156,2514.949211723765,1870.7590372513944,766.9473872972059,3569.2613374690154,6097.65070085048,3789.2548973109615,6243.244742351554,1907.006085894384,1514.5979611986988,2149.160478986908,2509.718306305599,6433.848010748149,3724.1045110020864,861.2552059325752,4900.50915228514,1672.8735380947683,2706.78514605107,1668.8120724989112,5534.859570686666,2262.2017742230905,5586.856143893199,2514.635339003563,518.6319657044713,2531.221767733641,1048.5556359110874,847.7631297257965,6525.327804463877,1240.3471283886295,1561.0872966681445,2807.2742149055634,4913.604014964709,1552.5215925006748,1593.8927094026487,6561.954954848962,1052.7102058858627,2385.541439157198,1956.950494262084,3433.616034624458,2147.723847038954,2204.9822807594887,5823.073569154974,4908.701365373811,1884.4036901443626,4874.526035736278,6590.7684208024375,3010.0835326340593,3416.447630927877,6553.6998732222155,2319.956896888729,527.5658524276973,818.7959233263663,966.8274859711363,679.3339050347,6554.880026272474,2138.240900703255,6363.484698214017,1162.5851121949165,1631.8442612239971,2182.4505561526985,1157.2490337326908,734.9595588503591,1768.707039389321,1036.4529875259807,1257.2073457177064,1864.8209648969666,1715.3532148888587,2074.929910105473,1957.0982575964688,5872.535262530177,6761.161167965401,1651.1537449574146,6252.59692696821,6393.959400909634,2134.0603077675987,6358.611775471944,1851.0969713020722,6385.749533358958,6818.551480572406,6423.859341249323,6234.1149419331105,580.9502371069348,6351.700069605354,953.4119920769452,6509.336443062366,737.3288194763193,1726.9443229046326,1677.4702488378546,6286.02507234354,1071.4196293739387,6003.39490214156,6387.372506973778,2692.6128987576863,1088.5341019009527,7215.792415196296,2485.827407083514,6353.331288427697,1229.6895602517845,6453.00715707041,6496.850671768247,2622.5613113127442,1656.6901417691734,6151.727563599098,6405.036113856154,5644.878599342324,6538.519226093949,893.8299519030406,5830.078454596925,4758.7766167454465,985.8114733247,6110.024880250478,6351.339543683253,6296.190191952189,6507.669778382307,6523.486881116252,7278.541986740763,2907.1817291890825,6028.10762662464,5835.456495684115,5890.182463123984,6355.494004782536,897.1797267903501,6136.733288001679,6098.5228157739075,6321.693721252482,7510.715956159158,6340.4192273593735,6925.285036731584,2513.0027127217913,5622.069828615552,6334.55198616516,1682.8061468762135,7209.286673556395,4810.851667010878,6184.927462268055,1815.4000797024269,5865.084287195246,4638.6773449892435,2689.840938600072,1150.5096447612088,6143.163624685976,6033.282808766764,6346.7440987841455,5977.875359497556,5638.546161863962,4564.361045853065,6620.892631515455,6135.17219096868,6505.853336875085,6383.537090125218,6742.947538722947,6731.645738076513,3716.8108225120923,3733.331937562256,2335.0056615810518,4670.202587891974,4918.088210680092,6372.552554320355,137.90815814250018,4638.47429956324,6498.569815832754,3253.5433756329744,4854.976887750792,2901.2610151599465,2629.015587947951,6267.376428291317,5890.72264206315,6384.280771644033,6259.04145155333,6235.401161858335,5676.446518509903,6149.486248942823,2684.300730565039,5523.893657644398,5743.463616632709,5975.194933285188,4930.63984122784,3770.991740648269,6400.188469274391,1318.8779990373646,5812.876676737284,5357.717875265244,5785.35143232271,6318.5498551348755,5802.51553189676,6243.753733173087,4794.62019230349,5987.484249262818,1520.3907785962972,6214.775012360781,5508.500964802899,430.96984779276033,6575.8432517463625,6128.375968870537,1132.3978246845395,1159.0121741417308,1119.4134785161277,1380.1096271386782,3027.883281362815,6475.235326427281,5687.130539284611,5543.079765298879,3586.6590947999143,5727.84536654923,8035.808480606114,6117.116805462698,6601.073808405051,5871.7772208937085,3055.892951566199,6060.9307280266285,3155.3018141916687,4625.9983726557375,4671.276511617227,6973.932066477722,1736.804258620152,4665.820373629495,4885.808937372879,6246.717684780697,5976.602607503661,GA
13279,257.85034103745954,1200.883183963147,2178.492362841165,3351.788101809248,1380.462508946027,3039.09025935416,3762.813839633708,3675.568357334434,2769.0800777360064,366.33511188383966,422.6889951062208,1702.2707531871656,1513.956357070149,1261.0750554107574,1199.1426094568315,1125.1033189691666,1216.2096300162516,1222.4872520941433,705.8302618264212,1070.9480007020693,935.5628660752047,2804.5625861480635,3257.2966134357343,887.7981515901155,731.45199621265,1176.4462534674865,462.00083444664284,3745.5221347182674,1363.0658051411353,597.8885570987641,876.895594626305,1034.739592032098,1473.8446118913982,7457.298929283485,1265.0265807496758,3637.5597750214815,791.2123436612367,3661.494988346906,529.7404009182105,1371.0127309032398,3603.6134688641882,3305.820919010696,1565.9390135416547,916.090119223084,1033.0615856509294,948.858902110876,624.1453877612049,798.072579313007,876.5728465084865,2233.215195813652,1298.5754460929609,7340.749412367631,1385.1141573484852,642.8419243100336,191.57929864982466,3344.011278003971,2266.308294077708,5738.3629514895265,1243.3205866046935,1578.5176860657907,3276.45820083579,778.5262376179713,231.37568507343457,1455.7984649867612,752.7487489706932,3447.406230561121,1439.1221718934553,3208.0015259628844,3329.9483342329586,740.0999191704683,3420.9829184685273,772.0771403984717,2686.1580503376176,7363.884814347402,1228.2177836347698,2263.7095062551866,7554.579626589429,1325.4415295360968,442.7284079981073,1399.0897432669074,387.0048822678366,1450.4844605759963,106.40262000829432,361.6284216809323,1288.800032296622,308.07403373179415,1337.8594924909669,470.25924015970816,437.25629134104616,1655.8398495101394,962.0847110633451,1369.9562061280249,496.45718429251383,3178.81148316667,493.68863520418404,1535.7135555090426,2150.8030221593176,881.0430267548462,1505.6809979126526,1267.628046942046,580.0152458938601,1255.9697304109254,1193.178823888761,3444.783016579758,438.3152877557361,2893.8418236432635,526.5284110297795,1586.9084592745426,688.9749514880529,1870.4396438976685,1026.344041091839,7272.060958156181,1365.933879847327,498.017151974082,231.0339515125006,368.3192288542652,3771.066559719399,5660.870873237805,1073.1970266593394,1790.2071122026182,1159.01097175551,383.48986467659586,418.70441622382964,1824.8621465719352,3725.375458623021,728.6129429788248,476.0523794215909,980.4236742990404,4842.618560821798,2709.45459585275,843.6648195881088,3609.984959836874,2054.216916775354,3149.7664860734712,2317.500114873797,1128.7869193330694,3476.557728603179,3496.7272062769084,855.7986042491592,271.6917235096289,2782.0596319781084,1130.1605251513029,1016.7826069908771,1822.4045743680772,349.5868058630258,1122.4207953310627,3813.080265946493,1211.5816095839168,1265.2828158715995,755.7868380906862,1452.1635724907974,1678.1309805248711,1538.0433563121398,1154.5550731871874,616.829945249092,1463.2957055489899,1830.7246497519072,2235.837804054007,142.45217258975416,1623.7411699545794,1080.4877597397988,583.1064759905655,2147.5437177286085,2343.650037542313,2258.7104885643366,668.1991515182461,1180.6378402053876,1430.6560112374593,3539.8093345155053,451.3286654701915,2481.8161905909133,475.92784830472567,271.0033128822543,809.6244412997669,4595.4308387452365,942.8540437290446,3710.1749624245203,698.1182170004569,2380.4426772950683,483.58169628974036,771.1407249133331,2384.050803045295,1272.8335839925535,3635.0775850820396,1581.4253454312588,1099.3194330928573,2983.262799879388,2357.835398012878,382.60266941916535,1200.9068032634275,2881.8271825561133,12883.84645285913,6377.6563038445665,985.47441966449,856.4374034247473,1159.2986930430425,530.8682362283909,942.8512050009833,2396.487955293944,1610.2437841297565,1214.6970513724805,1838.733467931344,2416.3154783495847,1471.1637164225256,4856.3155398624185,1277.4804656174765,2892.620930269794,1489.5613989714234,1543.301348835613,1060.0289115937053,1590.2586584642056,1256.6088743436333,1162.743493613142,2221.7873753407107,969.9669712456848,2987.5948652392717,2157.7094506518397,589.1546026769022,1268.9333805028386,1028.7115309568658,1620.359681705395,912.7126209417216,3394.679019770841,2405.2306538991033,694.3663513452757,1263.3178241883838,3574.56476400397,1520.75921776134,1123.4080220003227,5804.5608131118515,3054.985005103597,2227.655082475188,1167.8752522121774,2429.879119002565,1726.7440792208972,644.8932520395052,1629.762316310088,2772.292231915622,7389.533666597019,5882.976273453956,6333.007101500686,5775.8565629242,6495.6112964618505,1342.203138954388,1082.299791477597,2526.350676887229,1456.7764228066767,3610.773859914379,1509.8054071144788,3820.3527965843105,2726.728023644701,3361.9311616055243,927.4933571104747,3607.384746417632,1728.6150422720252,6092.3150970915995,1059.78701280009,2076.920564154409,1406.9234086623578,3343.591589379383,4707.355514762614,1717.7575604193376,308.1435026277315,1464.1545590229168,600.5696703858864,3429.729659018797,4664.754666686624,248.7460629688653,1228.8254209114746,1516.7835094296304,3045.460389445521,2905.369179497926,6117.911223309603,7359.965947724569,333.66773807634115,174.3501885033375,603.1807502892187,1684.5734752929127,1581.3876359832386,5818.213009062827,3666.0806183923823,7394.690120301747,126.5605814549242,1244.1337049439414,187.8197757529029,2687.3289641007536,1317.8916084983211,1518.5511183190486,1099.1863097348078,1360.3874660235367,5489.129383632285,1253.4799734935746,2334.25396181958,6219.542158434248,819.626375503647,2068.867469465493,5154.0712809462575,604.1997761949502,2015.2567711242448,2294.8748648816104,1509.8830840547882,6817.934732201475,2026.785434224933,1138.9602518216495,10699.727664581322,2426.6843699006217,1428.2049779240067,2998.350484178375,1790.7625753025375,1163.8034763257006,1621.9706540871362,1429.3010707256603,939.1910659313094,1752.2388178435285,1958.4879111320001,1517.5830932523227,1505.2309433351145,3364.214752672384,1581.154194922831,3526.874064138735,2384.206661110462,2587.0536740059297,1459.656775134006,1121.8907723278933,1702.3034969290215,1622.5924017267835,1800.8343781298731,1880.1930338158186,804.9261303607291,1601.2805742888675,763.7124305359314,2153.1356108461,3122.2696072543513,2816.084624156385,1566.14894053346,2588.195697677349,1387.7977583153495,3769.112484058268,1274.4861408933275,2307.7219433670307,1387.5166314830094,2168.437476981801,6281.743822186291,2049.6524951547212,1915.7869272397052,665.9476605881315,2859.3573637211407,2294.7502723328507,1570.0595890691645,1177.8998509210587,2120.968954296592,2224.782532342547,750.2756788464703,2549.835469125387,1913.2370704650464,661.1443802612741,3645.9495599540473,6089.896622679936,3846.010929549052,6244.32034679399,1913.358551227321,1444.0288672868546,2025.0655191238916,2580.1194024852925,6432.994602440961,3763.995681518315,872.6030547554808,4908.477742763054,1549.7066938515286,2797.049303235772,1538.6079763384562,5537.142586015108,2258.731466465353,5572.397446819722,2528.4272834887447,530.2750753395799,2592.7456821529045,1038.618079019007,871.0281964261118,6543.284538597581,1241.5719661794071,1559.906966728713,2849.0981473830457,4918.807857982328,1559.857757410521,1463.8735882627263,6562.0333947054005,1089.5381373327157,2462.765406443708,1828.9336584746177,3512.964633541325,2222.453871285041,2165.9845721199385,5830.8804692618505,4913.106727399541,1756.6025845008148,4883.455751799782,6590.759998861172,3106.621343330951,3461.4414667725327,6556.608699322171,2419.685807206397,569.6597472835742,869.8638665047004,863.5792979535796,719.9121878127983,6554.142312763674,2175.848697383424,6358.763476144093,1040.7665575093145,1509.92621632003,2233.719861171466,1051.8093503009495,822.4497243141385,1733.99262252494,1095.5589960525149,1273.6435179349985,1738.569193818878,1787.2662672135166,2116.6565580953115,2059.352212191229,5863.352758974416,6754.256726333733,1534.7984252668293,6238.333657023442,6398.452173800212,2121.009552478582,6342.540633297364,1941.9681447846926,6404.079913111527,6811.083888603193,6407.15434031409,6220.9352326026565,644.480656957734,6343.913817805113,1033.3832306107226,6490.689768305394,638.9681510422173,1767.3777696495658,1564.4605841068949,6287.121378312504,962.8608033093037,6010.1637443986865,6379.672261593195,2709.507471890407,976.8348759961048,7315.4171558703365,2578.004694856703,6356.337896555906,1124.5291937509296,6451.987848093506,6494.013703940046,2637.743801147241,1721.6573477446784,6143.958387719858,6396.895499884043,5629.376495898187,6528.130747393112,987.97987053034,5838.167940271071,4770.815046794209,857.5731046232255,6096.079972026425,6354.020397839599,6287.614270026525,6494.843335240484,6525.462900704661,7375.266514309748,2928.575235625185,6020.387599344597,5843.534008003809,5872.279664836544,6350.868372628801,806.6555699475348,6112.593034498337,6084.505559016561,6323.9591122931615,7530.32537792977,6343.1495003125965,6935.368967274159,2531.0731210604445,5596.759433245524,6334.832886798586,1800.7613139212222,7307.3960405478665,4821.397128963279,6178.297185983278,1863.9848743529074,5850.723868811444,4654.421818868093,2752.797932431671,1051.800159709901,6150.567653118164,6030.719085314762,6324.639275796118,5966.301279079848,5619.5832687226675,4581.556218021681,6623.946352682894,6126.99585672665,6503.435420736359,6386.722881667346,6762.620007656848,6751.360015654832,3756.7925745219336,3771.719473989067,2408.364987365859,4686.9390944312845,4927.8156132257955,6375.741158448971,138.74823415557847,4654.934362555188,6516.913730702729,3345.3597145269714,4864.874585992129,2989.255004943745,2709.141175426323,6265.361749675291,5903.098841782779,6391.901033157913,6256.349783965649,6233.328778372543,5663.086216449629,6157.147929038038,2768.969386896303,5508.828134809265,5731.419237839424,5990.213089416136,4939.621127728476,3833.877176819295,6408.029207729125,1442.9745439113285,5797.350810110566,5347.534366497878,5774.97486032557,6326.590144935486,5793.743891163302,6257.996604313324,4803.025684716157,6000.6538522503015,1506.0715179830427,6223.766338893529,5507.5089934710795,508.8274094056614,6594.5272826474875,6137.968653585534,1255.031679715623,1278.74713826581,1026.3129453599222,1422.776244445782,3070.943324998868,6455.237797704451,5690.260993445089,5531.5098859966065,3665.0508063219313,5730.294341676165,8047.278614766838,6118.095891664012,6589.781662727077,5866.414642701969,3149.398756286676,6068.866840923948,3251.337211241422,4642.1921479282255,4688.676528088926,6995.2856481155795,1616.5625284050295,4680.589686896202,4893.685468911015,6262.792311139787,5990.969682386918,GA
13281,154.58629122588837,866.0552386634232,1925.4829394788471,3166.4202467444316,1247.088934009828,2835.2743676239784,3472.8730244778394,3453.5128569538433,2598.244359007781,255.673683323548,755.3529792899927,1371.509023539398,1379.510739284098,1217.8159906222347,1057.4921202403536,813.4902250394455,1081.6154760259465,1083.4249501653765,1039.9902927884548,931.0480035414548,786.2164935167567,2552.806460726604,3085.9459834546674,739.5017061488414,1064.9529677491837,841.6153588043012,778.5861752442705,3466.2872809612372,1231.5635641617885,299.2383444796596,716.0355721073716,729.020348079154,1405.7360642577453,7272.776843232289,1231.75054775484,3417.875625292689,820.0284862683998,3438.6795662636855,461.1105101908277,1088.602131523103,3373.081245095961,3123.83801856282,1507.379451299258,581.2920412418006,741.8673664727338,693.3915904567571,949.2311872512472,468.4702343307154,571.2985287187375,2532.2121658021233,963.9896801840148,7161.769716673352,1238.6438022419984,977.5153332870424,526.1671221476754,3156.1762832176587,2079.8778140179943,5411.497262895889,992.5223898837872,1278.2764270610949,3091.024708656112,569.0869641873746,407.0618419367878,1261.0805402540225,643.841029325171,3210.565819879721,1312.230544583722,2937.4341424752697,3146.154848566587,405.4310538455149,3126.002687866285,713.3580515683296,2533.733724026161,7191.4259099782,900.5157669446775,2126.426272094111,7363.699428683009,1108.3703246572127,314.9977792818291,1223.5676346826644,720.7241903830562,1137.2263333979452,387.55771610689817,461.7373993255958,1052.34773520952,138.01970284700712,1124.661221495777,783.9698210123233,103.6199298867114,1506.6732467606091,775.2874015731479,1035.456666201792,589.0083510181884,2997.141908555325,368.13135646384,1386.3116742209834,1910.8540836286566,557.6035687926234,1264.3006087674926,1139.1890156054644,903.0935214586896,1113.051465770889,967.9584313641451,3231.495493942864,556.551591101312,2601.3921457045976,842.2194315173647,1394.5956026825954,357.20566886942953,1742.7632498301734,850.1276985391106,7102.18914777466,1041.2617261652376,279.4820432541528,262.5081872765403,123.2442512520216,3501.1732185297315,5329.039652197706,955.478010872819,1475.5628491830814,905.6312809218933,540.942280219645,134.87226246419405,1665.3132818374847,3467.0450057505946,654.1515872108732,538.1575097760693,697.98562165067,4519.217981141378,2412.252585223839,1166.0403324430795,3338.2708275473096,1725.654871279089,2854.6689264405622,2611.7573162438234,986.3708053915378,3284.731272457111,3210.9663295070604,846.7080071333845,504.3518625650766,2504.3629295694345,968.63614942531,687.6540869752478,1634.067174886136,684.3438756655875,789.5490055197009,3516.4490282409192,896.5590274180593,937.6989601985887,593.2646647150873,1117.7282347005596,1691.5601311071414,1527.1107680384823,827.1278881380649,431.75839905011713,1129.5015505908555,1677.9018509614057,1938.189528598942,235.60149961570932,1642.6649587065601,972.5893298100192,629.9239194107073,2451.9627255852483,2102.0550968591087,1939.1860105530332,706.5633516863983,1000.6093241223473,1105.310996068328,3339.6335135810637,442.29905500081077,2243.4659051760464,810.6320123699443,595.6109512953002,486.7326749481946,4278.7428037030795,932.9896778068584,3480.7158003521185,430.7917713218799,2676.963755975143,211.88319595293515,696.4492038231139,2168.774064133236,1115.191465246557,3422.001609902929,1251.5066272661606,769.2643048256787,2681.097445891029,2111.459249174152,380.06023593071717,878.8862485557188,2606.845190165977,12592.721778475163,6050.819452813401,677.9020702989542,550.7073391753077,830.4064979778052,558.3400608934109,708.044319447133,2072.502004494401,1318.8378932164355,1001.8589599340756,1504.1204234725406,2184.3768608636346,1380.7857620423777,4536.201244575395,960.1191609854793,2679.372929497321,1387.1014800500955,1208.472631201541,743.2868440167281,1392.0590676293652,1001.2704700983313,870.9083523892439,2027.1184941726194,911.7809481935398,2691.3284580525133,1827.3696801985025,609.5649598665449,935.069827244508,697.6986911172631,1648.0445902058746,812.6730198022244,3194.241861490642,2150.1484285207653,399.3216668538958,1052.8980082173466,3350.7804972233216,1188.113215773968,856.1752744762299,5478.725176165031,2782.8867356531073,2531.438500393945,968.0314257778516,2149.9329792969493,1701.8386422468743,488.00588033381854,1500.2762331052074,2525.718860259209,7207.745190397275,5562.626405962625,5999.529594415348,5441.054145560046,6163.879394554849,1273.7124686059626,759.8906400420585,2207.126758935844,1314.1364825022044,3324.416366214386,1240.2067115466255,3571.981112213821,2535.696527073033,3071.4154485167405,826.9677031981837,3316.109022359936,1442.7647556670895,5757.485023160971,1035.6385978062394,1919.699995322416,1306.1064201879449,3055.1542073564333,4387.158877522109,1607.8569539129226,429.1376067852974,1353.017986679085,581.9498854199308,3144.246966050311,4345.187006584983,287.8432368840772,1116.3479363661743,1341.164446961931,2781.5347028792407,2635.8652371310973,5795.284378960526,7180.094640861442,375.6602430697346,460.2260914457249,475.2929954125003,1376.8224718526972,1436.2375711568784,5494.05818926772,3421.2139839964498,7214.993090262191,456.80671641729066,999.3872476643396,376.85265411954765,2399.7855590897047,1182.2459428524974,1356.0090243077448,956.9138728714946,1029.9431522313453,5163.229501162758,1054.6826900444387,2100.9667791757042,5896.006845344703,579.0642407557433,1760.821798248101,4829.353970576774,545.5046692905536,1682.5054404244056,2592.769952950985,1189.6753933252025,6502.883633670477,1707.355492819063,1110.6869881953128,10644.179075463857,2133.094097347004,1215.4614941505079,2706.839541279621,1554.88367911129,1053.5808759570843,1287.4632054322792,1207.0731482983872,753.1224097807224,1420.3456580628992,1814.3765995282479,1295.220538775622,1391.9729301237326,3143.745692010884,1263.3956532377388,3329.9565762055336,2069.2515789552103,2323.939276676427,1134.4240148353854,922.5386723997836,1448.0014591595827,1288.863708824133,1470.2436924354954,1548.0281142621009,513.0067270653632,1268.7755313469572,440.55583317615236,1828.3790046717347,2873.1692907474603,2560.6036923430065,1236.130103096,2310.9615199945692,1264.0858974386854,3488.947215519168,944.0010338574235,2040.9818478293896,1270.3201856257565,1890.968955923064,5950.921822439201,1714.9178526922306,1581.254613313197,646.3120707855045,2639.093188867377,2590.815648421909,1310.2828903451993,864.5108862170198,1887.4460872216791,2524.185228385002,570.9227030356834,2256.4392066467417,1634.6202989893961,443.82422142115985,3421.009427934205,5758.302454867356,3581.0069934922217,5916.514294188692,1592.8424795541541,1131.564073174252,1853.8943208068667,2347.012731708892,6104.189239954477,3473.6214249755585,569.2516714146295,4585.211395924612,1379.1256057228265,2611.1081458333715,1418.0489736359134,5210.179479434694,1930.873400583686,5238.9241601057565,2212.240588117948,865.0291097077679,2341.5746814590743,711.4492127040289,584.7558702295132,6226.66857468657,920.7557723901207,1235.2805086452036,2563.951106817992,4593.773336257439,1241.8215763273665,1343.2137727961608,6233.650110501885,816.3827563579765,2245.9789349494044,1685.5057442054986,3294.735040751641,2002.1545015538159,2471.549273788286,5507.103404224082,4587.592459570537,1612.568709923983,4560.849659358341,6262.327671399102,2936.947687231971,3178.893077135635,6229.692641806676,2265.983858513552,354.39355877381524,635.2548286194153,625.8297531511922,476.95889032065287,6225.365618635624,1888.0506910115735,6028.2697997033565,875.3425583121926,1333.1340846430105,1966.62638514041,815.8434457185559,685.3730661891692,1399.4386268852286,865.0266322878476,967.472154410412,1583.9762545272613,1566.2520735562214,1835.2212797670559,1918.8812404286527,5531.30996732596,6422.864069057872,1331.1059098884855,5904.839968406756,6072.465797982064,1789.0291081079238,6008.660421162835,1767.313574338839,6087.838737787936,6479.483514018805,6073.152310357234,5887.700157282387,466.4621276413263,6012.269249741147,857.123986438075,6156.37230072581,396.77178551673654,1487.0850454797005,1346.909808617018,5959.315145959913,740.2566473261293,5685.66356959982,6048.052326931071,2395.6675145823565,765.8601931134621,7142.627801530501,2399.364790748521,6029.528134138885,886.1029106817098,6123.0996518565835,6164.288947893644,2322.5210980704746,1486.4431549838635,5812.350376177744,6065.1212130337535,5295.668674459728,6195.622465708319,856.6815276420108,5514.571093728113,4450.491929827654,745.3265680831752,5762.672875219283,6027.033595718796,5955.708934912497,6161.669476566516,6198.055008188086,7193.494651887296,2618.543325952752,5688.816599455522,5519.927327129508,5538.109196699695,6020.414913395971,534.1182117570484,5777.796015025682,5751.082678523043,5996.756469769343,7214.668160292793,6016.1924358238975,6612.708410442568,2218.7885086263695,5261.9352286800895,6006.602425958547,1728.8745185252694,7129.91780933856,4499.954546896138,5847.09433513578,1595.736992238032,5517.244548835205,4337.07188898372,2503.394749152309,795.3897574009892,5826.41788591078,5701.2120081211515,5989.953071474315,5633.518354833282,5285.26807322557,4265.470111023939,6297.092002105217,5795.24942266069,6173.894108478342,6060.003417166004,6447.3447244540685,6436.125657616888,3466.5539657502086,3479.3524441913396,2183.1434230337804,4370.384894043177,4605.735807657112,6049.026225119045,245.8267024433869,4338.17401347125,6200.630866300077,3160.282343744933,4542.948553408984,2795.6944018061076,2497.334187569793,5936.051753700472,5582.432326594224,6067.807363704918,5926.7370735494715,5903.999404136605,5329.866091024071,5833.159557377725,2568.1380765988933,5175.225466311213,5398.535360381969,5671.4980874816065,4617.020414887447,3579.855212123914,6084.0703849918245,1413.4383746663018,5463.622720723816,5015.253269350967,5442.56798975919,6002.786142374811,5461.847997950839,5938.565014676676,4480.1072015553855,5680.528381654758,1174.5277954792034,5900.618092291535,5178.866295639584,403.27341582633363,6278.492712774867,5815.253392270761,1224.0617801194335,1231.3384117499854,755.7244105332621,1150.9700167745295,2786.7728221617012,6120.748634584701,5363.716667077485,5198.785363733041,3443.946209194543,5403.360484302617,7725.225083044809,5790.272723860403,6257.005739661799,5535.7563650876355,2970.3393829924607,5745.0853916833885,3079.223207212959,4325.220741995665,4372.679807638896,6681.364077071366,1429.5659600689735,4362.432852396286,4570.3656389422085,5944.780902028141,5671.751830857204,GA
13283,220.42819489790506,1163.2253131484695,2143.5319662036472,3322.7771894839248,1354.4157698814824,3008.3537731684937,3725.644614182517,3643.45543675031,2741.142630766105,345.9267165977675,458.80687903937314,1663.7732949325214,1503.4355062323993,1243.4005254401245,1186.8486670338166,1092.2080732689951,1204.791828211042,1210.57742186853,742.7921117895806,1058.3146317661356,921.1296739287986,2769.8893637110023,3229.523509357633,873.172123567265,768.0557364286867,1138.8063986499908,493.06420852200995,3709.0397656315063,1337.1472051810192,559.4196995512202,860.7955401013313,996.3872990563136,1454.2416625279996,7429.049303168632,1248.405592858824,3605.6379714967384,778.7796323129272,3629.3154500536302,519.4604336245345,1333.8173865731815,3570.7830215867943,3277.098963702172,1547.5142071083294,878.5866305216925,1002.7480793599864,922.5669793355513,657.8427940724464,762.0623092063046,844.1665428943655,2270.477989582209,1261.2710188314916,7313.010608788839,1372.8601217890482,680.2118460310687,228.87304195764526,3314.777074412557,2236.697122773316,5699.719153740655,1218.4008166902242,1540.52826893182,3247.416301723697,744.5768607979775,243.04581867843467,1424.6841795476535,741.3687270671251,3414.032820626474,1429.294781421129,3172.0489962084007,3301.071568422149,702.2997420084681,3383.4913978359905,766.5810514333017,2659.8660767211513,7336.768257958112,1192.7819785054382,2238.533935366059,7525.744764068367,1292.416411001236,410.54058234173334,1383.475829381901,423.6507718692456,1412.0009280046056,132.45522940166978,367.69166498830003,1265.7069135289535,278.35246810708674,1317.6518059411555,500.59960771556666,400.12447912182165,1643.8922597602432,930.4342730545087,1332.0135349916313,487.882360616558,3150.072724489773,476.31507410631934,1523.4901438893755,2116.7868620459935,846.1421884022313,1471.133001041913,1257.103309611755,613.0945485917442,1243.7322261839356,1159.355960527645,3413.357173924524,431.98942741849004,2856.451116280744,557.5493662361935,1569.706315325128,652.4634994006008,1845.7529606114167,1009.371544994379,7245.181949898642,1327.289422599707,461.70629669455434,217.16078975411568,336.358938192875,3735.232016903732,5622.403773575545,1063.1060617069293,1751.7154597200094,1123.2938332014985,381.714717293273,380.1232777670476,1797.2096030959412,3690.379760989304,704.8567344304503,480.4303851601944,951.0686645510583,4803.985677303542,2671.78215507005,876.8442647007194,3574.0040630047715,2015.6177294556546,3112.248184557196,2354.427329983273,1116.1250345831224,3447.008746053055,3459.797423130019,839.6777591167821,280.40272630968445,2745.5619908663502,1115.3154202722894,980.9849010520276,1792.2646177390095,387.0891365733695,1085.7812713457286,3775.5186050186057,1178.2614583250459,1226.6815420952698,738.5364275257425,1414.9555358716552,1667.6815767312255,1524.5881988824258,1115.9562800202445,595.6322076846765,1426.3813410276246,1818.645594537775,2198.087823019564,120.86778988788592,1613.7988820523472,1055.8394146669607,570.3124568881095,2185.171572031155,2309.5938608926213,2220.1204125053773,655.5951056988149,1163.854730126498,1395.7347140275424,3509.541107474253,445.9937953552424,2448.0599775740125,513.3399801271678,303.7369006171521,770.9860735043958,4556.952775304315,927.2425372153258,3677.4537192969615,669.3197165749689,2417.546572235205,452.3247227316638,763.8086074424804,2352.0826804613394,1258.947747722449,3603.716161599858,1542.8883863877018,1060.8200707937287,2945.3556597247084,2323.4267827322515,359.2941839608043,1166.4749328689588,2845.5245147622504,12846.867491887017,6339.01186789292,947.052138233363,823.9303924059777,1123.6027021373202,532.0702981414928,918.8820486224513,2357.842702549801,1572.6816930716925,1194.2120472398506,1800.8307823791904,2383.0305744646257,1449.351328497133,4817.742613857766,1243.8458237847087,2861.0330952139257,1482.70777958374,1505.7098293272988,1026.3215588550627,1572.3569292551606,1231.1656790696074,1124.9726456505896,2191.441051687224,949.521660350868,2949.9982084023395,2119.176126518394,590.5786809877943,1230.8077293596905,990.2766820576047,1611.4081326855953,887.9751330135495,3364.347480191991,2370.2017445497877,662.6025580245131,1243.2513449776127,3542.285682176333,1482.4270788618853,1096.2340210006298,5765.913474698925,3018.9042427406835,2265.249791744436,1135.8363971834667,2393.1747243909626,1712.173369201862,627.0110903051471,1604.5552317134038,2738.0001949946372,7361.534549305274,5844.40306316604,6294.734125867771,5738.098091295593,6457.133414561511,1322.2172114552352,1043.6524636582958,2487.772582189245,1445.1582045628606,3573.816105308899,1473.4188450056865,3786.1324073289393,2696.9737644755687,3324.696880717171,918.520699456642,3570.1236064769173,1691.3848861481217,6054.6973324696755,1043.2934416441963,2049.7407789453127,1383.9544202288653,3306.4817728742723,4668.779718808133,1694.535155675263,297.5598403140383,1456.2263104387446,597.4887583869507,3392.8114183855,4626.193877941465,222.4747514613739,1204.2776427530373,1487.3249431598913,3009.949636322533,2869.44199389733,6079.292398138544,7332.144795408689,330.12937044745036,192.9790587775428,573.5550838227782,1646.2977434347933,1569.7630789156512,5779.573871174717,3632.1103951877935,7366.888967887318,165.0904949144299,1209.0723340176608,181.38079571462532,2650.201543367549,1306.6976522353634,1490.2069309305705,1071.5725109931925,1321.8881647972287,5450.482075613562,1234.7485160991396,2300.829138249458,6180.910414650357,794.4142865532906,2030.62369545827,5115.427078968681,580.4690618368641,1976.9178949774184,2332.066893294464,1475.897922859646,6779.534629714951,1988.1913477120968,1122.389190705827,10684.97582903,2389.174876665651,1395.6506997866773,2961.0245718272813,1756.8397876048532,1139.251712973331,1584.722087409622,1408.2101989710989,920.6659108162615,1715.9440556155262,1932.3814033559188,1496.638255397719,1497.1609124404229,3332.162960771176,1547.6051098164746,3496.888710225885,2345.7372395555776,2551.5047411673404,1421.0144847827567,1102.6720970111037,1667.0179927819186,1584.4187538825051,1762.3236405174198,1841.7953008167706,766.8724484367673,1564.800961839071,725.0806319449173,2114.488277483564,3087.8694102311156,2781.1386818042165,1530.3005343749012,2551.694313719556,1378.1980752494028,3732.5700763179134,1238.4788992133722,2271.849658111878,1378.6724235262222,2131.828805550605,6243.206362393648,2011.8314969672208,1877.8404303786133,646.8947469227551,2827.1755577889003,2331.808603826463,1534.3263930098185,1139.3769581543772,2087.4238653976704,2262.073178890072,731.1561833512022,2512.352651670097,1876.4843663315687,637.1765348547889,3613.589494002176,6051.409515436615,3810.5368138765275,6205.6860349770695,1874.7431931714555,1411.2524812101556,2011.0553913093077,2546.806620297856,6394.379279574547,3726.8000279091534,834.2468651500865,4869.846662141984,1535.0172362195187,2767.7740557227394,1529.7674946674704,5498.499691960933,2220.112509638551,5534.126558206674,2489.926358088101,567.7563576050401,2558.058917536784,1000.0215701978357,833.2563616612982,6504.825627121673,1202.9341617262514,1521.26066823961,2812.1376075393896,4880.1618958546505,1521.2720190678144,1454.836736164414,6523.4085152625985,1052.6149183147334,2430.711804761313,1817.9671373182064,3481.1369937830846,2189.9961510017847,2203.6903783315447,5792.245214440097,4874.459512784284,1745.4445203522082,4844.8337836018845,6552.136061989621,3078.9429838357014,3424.713915721319,6517.964679125071,2393.1046751726885,534.124657527501,834.7077093958386,838.9104475381005,683.7989279894791,6515.5260809402735,2138.6226201949016,6320.208674916394,1025.0862877732106,1494.4184878166848,2197.802116310252,1028.1241808534403,793.987057331581,1696.714733010098,1061.1958837063637,1235.3483643552404,1726.1294658950815,1754.4613372065473,2079.7912934116384,2033.6883257835614,5824.902936436815,6715.753192794135,1516.136740710756,6200.063860348759,6359.804854537887,2082.5879202809365,6304.348453853378,1913.1149572754398,6365.633081949836,6772.595036582073,6368.991482041042,6182.622940234336,611.7185375799595,6305.42967661455,1002.7759877760212,6452.620777204323,612.2653606726533,1730.4762489691393,1544.1792712058611,6248.487015239422,940.3552203011524,5971.521881713942,6341.186151067238,2671.086673686761,955.7035898800177,7288.26390984695,2549.2663557510955,6317.69330235905,1100.785624632237,6413.374559164506,6455.425979888877,2599.27538244482,1687.7323719194267,6105.472135212306,6358.42127367476,5591.149575411066,6489.724198847893,960.8694800865463,5799.5347775602695,4732.23670163743,846.7645730891326,6057.795719127752,6315.377025430516,6249.151113899052,6456.520900934257,6486.823250836839,7347.2675319177115,2890.3060382447584,5981.899007427036,5804.900737469865,5834.1649728874145,6312.311637345446,777.8678509862946,6074.8245156379835,6046.224017285124,6285.3175806025765,7491.907521811711,6304.505913857424,6896.751446297934,2492.699387463424,5559.0541408209765,6296.205421424854,1781.4170736864512,7279.795993113034,4782.795178115064,6139.782759191096,1827.860517161515,5812.45294146258,4615.92341653425,2718.2872514727037,1025.7332170491106,6111.9289942534915,5992.124841664246,6286.753192841949,5927.9281741419545,5581.516262851577,4543.097876637091,6585.301881765875,6088.52029465083,6464.841259626018,6348.077739110545,6724.21101136918,6712.952470456778,3719.604712720048,3734.403977044925,2375.6065339958113,4648.466400823525,4889.202374889437,6337.095996737735,105.86310261207414,4616.45461162631,6478.4662494299,3316.372754035962,4826.263802418144,2959.389904836322,2677.604834462839,6226.760653983612,5864.51823130029,6353.263230740057,6217.758617396885,6194.728349491882,5624.7737375671895,6118.510892449732,2738.3861959300434,5470.581065628483,5693.059649685148,5951.683914469347,4900.999423827582,3799.22236017471,6369.39282672864,1427.280558211799,5759.1273881536645,5309.10882762276,5736.56025224067,6287.955358800667,5755.281648827541,6219.448745135484,4764.398913207076,5962.086681812697,1467.6359190883834,6185.139784077749,5468.89160552885,479.5437661096033,6556.0891814431725,6099.348450439681,1238.6189137102692,1260.7033977471629,998.4970331937976,1386.2036805578618,3034.0707797808873,6417.237659400641,5651.615329413199,5493.131448543532,3633.015459369777,5691.651050225589,8008.674638985045,6079.461992711075,6551.405553777486,5827.869596946252,3120.884115779121,6030.231917632971,3223.4920018586517,4603.705496390108,4650.222475682163,6956.931227015943,1600.0498901536864,4642.067332546784,4855.0536870639335,6224.285841719373,5952.426303423695,GA
13285,87.15561542115509,1025.8185740595313,1908.769484197828,3083.4528621717827,1119.8690536806516,2768.209462033402,3502.322546775875,3403.643011775517,2502.9525152389638,446.8347925209044,623.2441080374037,1493.902363582111,1607.9942834481687,1034.2570078808135,1285.9759221280594,1031.0860674387147,1308.5787860914156,1311.4717303759735,906.396599141852,1158.1578821840385,1014.1791975274228,2534.157880502672,2991.4764241231983,966.6410934636284,926.2863906107507,1002.2660300203858,611.1542960269719,3480.769630155513,1102.8838709083363,375.3060545471872,945.8610388024124,796.6892838343631,1237.1142098180153,7190.295324745822,1043.2909362211558,3365.7177225266387,600.038691392783,3389.545577271089,653.5314622558068,1112.8255662716742,3331.5776253875433,3038.027122553761,1334.0692952156076,751.6684147735244,972.5234194403192,932.3625206676691,788.4687171053242,669.5490379224058,797.3054101503369,2495.159168378739,1130.321457152529,7074.806086075371,1469.1853410061346,851.2054757054981,423.6650773942063,3075.2805361815144,1996.997968565901,5511.148331524608,1231.1098593577585,1329.243526132215,3008.0705162785853,507.59483227451767,465.5224117869522,1184.526870068034,857.9092732476811,3175.5270573253365,1538.6131562010135,2941.0259422411063,3061.860687656631,575.0665594130801,3163.3682936026084,911.166775919668,2424.0863431708262,7099.33171319828,1095.7161894437722,2004.992910225694,7286.462995685201,1053.4728282580563,170.68993148744116,1459.32498341932,595.774302894714,1213.8587116429485,372.3889224896386,570.9881363260147,1291.8300702028673,331.5787487444313,1363.9969304587942,612.5010362839274,322.76876993295286,1738.733613531591,690.3528077982418,1184.8135788245575,350.3201762136692,2910.9932847727705,577.1464003172655,1618.0385239368122,1879.494693021987,767.068505334974,1235.297444841304,1365.000533588334,740.1698254296733,1342.169944399121,921.8134025772548,3173.253026469867,317.05146705751537,2635.5449613425835,670.5117524697043,1632.786009254142,557.5198047611104,1613.527148813941,1084.2888348259703,7008.070444393184,1146.4209737175945,240.38004526683991,376.15769374891136,351.2961349038982,3503.5674081323527,5447.061078148738,1176.9670594972426,1552.4880773575815,892.2883550182705,306.30544267565364,223.0539084198701,1559.602003129415,3455.531712668394,479.1960948220466,673.5581511912775,932.1097980566083,4609.827234055853,2454.132065783864,994.914946927346,3343.0466816807843,1837.4051545527977,2892.5392426392605,2581.4644886848096,1214.5330889404647,3207.2965990237376,3234.618631046953,641.8409547820041,300.21859626966227,2517.6464793830837,1200.8260797146875,883.4550469208333,1552.3083935942857,571.363682748594,971.1434743690428,3556.001122388823,1109.948265894696,1053.2423541476762,821.6645159670654,1283.9599982269092,1485.639454846442,1330.4310133879185,944.1035842133784,662.0161444766525,1301.0124753540088,1911.087307027286,1981.8868217538093,287.48555445746484,1434.389220540752,825.1482545789972,400.0017769927809,2406.6891628402686,2072.3711790773127,2024.765303321913,481.05181365153334,1236.2266120637435,1302.642398406759,3269.493935756064,606.8687839969948,2210.2226585985527,690.3482675804827,454.705396326034,600.816628722167,4353.798892805534,729.9929528160327,3438.1339322016884,669.9364401209457,2643.344207632969,451.29121557615287,899.8745035206176,2112.1773526229745,1347.4338348159658,3363.598711336892,1371.5425745342525,896.8692541356081,2730.677630730631,2087.0341099848833,151.65111383108572,1084.1903270549033,2616.4142649399605,12621.041995884858,6149.97696750419,750.3634615141835,776.8278733080248,1024.0136811728346,712.5128107324443,947.6642960800807,2168.844090174257,1355.1180445481855,1241.0227383097306,1650.6425322199316,2144.4120340934887,1225.2516505651993,4618.694932986455,1170.282334856866,2620.970577431113,1607.3242171507086,1365.4449401869776,957.0505018133774,1630.7570223108912,1239.3108957485285,911.851644274118,1951.390823173513,732.5606681063774,2731.2566662401878,1945.2174723964893,769.5195950923279,1079.4881268240351,831.0237938908069,1436.5604035758042,657.7952636040096,3124.2827052405796,2135.618704851831,633.5279161849661,1291.9934317241002,3302.58418293562,1321.2181560603324,1092.8672792748641,5575.277988389994,2788.5507770953864,2487.0349654982924,895.9447854051402,2166.7848317670832,1512.4853816992133,712.5431027568701,1371.4438438721404,2501.28138168659,7123.04030482962,5644.951280428721,6126.2583937718055,5583.54686812217,6280.867553413904,1104.3588628896694,863.5972054517018,2291.103936908436,1544.1821643082208,3348.8178818355896,1245.6935283748332,3549.194056343443,2457.166716870313,3102.082661040275,1041.728630720057,3347.66515221254,1469.991775099426,5903.001846467786,840.6362819806919,1812.7273905868453,1156.7273512379734,3082.790564210533,4469.971715772549,1466.0072048914317,194.60530318220447,1575.4996340988687,758.8676422413357,3167.565416424233,4426.57438101447,58.21992681576066,973.3841357420952,1247.8185411310374,2777.015102026506,2638.362651033629,5883.003877579269,7093.846328263891,507.55071996552687,300.1885473427288,334.5232776711253,1440.615006338591,1667.2700568059156,5585.932651708969,3394.643610370203,7128.612127363461,389.11372426044267,975.0883083742258,184.18733288566608,2426.9564274051363,1410.0741921624203,1251.8176520513348,834.5446554123631,1154.5740821398026,5260.18766204776,1292.8491914628473,2062.4261446268983,5985.997775489725,818.6755597736313,1823.216871570936,4923.229871702291,357.088863047401,1812.402818381588,2557.25818705897,1394.128694743946,6573.154402944414,1793.7050051598787,918.5622705253077,10478.16291482306,2169.852148454686,1156.1651410713905,2739.424422942228,1519.3889358323318,908.5317618115454,1451.1202034514574,1446.7079433822378,988.261716544432,1598.5130860403924,1697.2149973459493,1534.8642766854557,1615.2217394693707,3092.3121782889393,1470.3422962980878,3256.947618362617,2144.224756751461,2318.8158440738957,1240.0971869278642,1160.379756450943,1433.5786834046226,1427.940575308902,1591.1790580531335,1675.5958351613876,562.5457151281388,1445.6982573106202,557.8175037801138,1927.8239167465588,2851.3896015421587,2546.221779459212,1421.8490310533225,2323.879456772797,1489.4262556729204,3504.6631788130517,1131.6622294237457,2040.6852346951807,1493.9968830489788,1904.9399927660595,6064.060419278206,1862.5294481306246,1726.035125398613,441.029763190029,2587.40287097174,2557.970958783735,1302.9065825186065,944.937159090186,1849.2276551360706,2486.5389781066433,802.7819815602621,2292.636032317517,1650.8194345548682,680.6146755774465,3373.9487106473216,5874.917233579166,3577.3554971344684,6018.778945187317,1682.3912194988238,1345.1074972076362,2090.3032269098035,2308.225350283028,6209.662160828059,3503.706998445761,636.8983050482758,4675.414905645602,1614.573770701907,2528.273275592185,1643.326848420414,5310.27064864869,2039.289968411483,5366.171446491678,2289.407276688599,743.7418960337178,2322.389636173974,830.1844039971699,622.5573016139981,6300.324094342596,1017.3274971390857,1338.1892845716213,2587.4344426530656,4688.722441200873,1327.9443542378701,1568.1747799851826,6337.616530564848,829.9947949660452,2190.8554262372672,1916.902305926744,3241.1708435036626,1950.4282477684305,2424.393531032962,5597.965798488118,4683.899769750274,1843.9008898466575,4649.381171453724,6366.441533425426,2841.030672287929,3198.087335296863,6328.987814580276,2156.920593205042,304.9116704252246,601.6862551555788,865.4354895655498,456.89941839517286,6330.66849944999,1916.641418393656,6140.025823881043,1107.6630139886931,1569.3745399142997,1966.8878610581726,1055.4806584570092,556.0761068778324,1561.5519900087234,825.0426273769194,1031.9986810257074,1817.2655564291715,1515.2349209953259,1854.7946768126542,1799.296479966203,5650.199675860573,6538.157515526067,1570.1268767747913,6031.742457783202,6169.087049727863,1914.300496483297,6138.362889317828,1674.0569507133532,6160.772131524564,6595.677849694893,6203.827835183653,6012.910260659453,372.5010985858621,6128.948652224355,762.7065583779653,6290.018804171438,635.843451065956,1506.1208653094284,1586.5146205079075,6061.5542069776,979.4853946431481,5778.347623606392,6164.596139538591,2467.42816878243,1004.2994432961103,7050.780700510201,2310.234880930317,6128.616030920785,1125.6567090024337,6228.847243265769,6273.006911342299,2397.3341737244878,1450.29555593603,5928.992215720095,6182.368624143293,5424.54498118487,6316.439463727657,724.9234367061496,5604.955180709532,4533.547360324198,962.4765621947203,5889.085645636521,6126.662220694198,6073.645774655156,6286.317748178181,6298.888320870492,7108.773761134178,2682.321026426066,5805.373007246084,5610.333745500374,5670.685931027505,6132.015649540624,771.8999324557551,5919.813542361158,5877.609124769957,6097.067929166254,7285.8808647806945,6115.736534466754,6700.073413038166,2287.8576374572604,5405.8231317398795,6110.195566772121,1564.1304378286814,7041.754343869314,4585.6480033097605,5961.911454897524,1598.2236910262955,5644.320529790726,4413.505514363804,2482.1180004821617,1033.929613619444,5918.072437748801,5809.421459264527,6128.872050948185,5756.2085428694345,5419.511231558859,4339.258295121698,6396.16156811974,5912.541771263982,6281.931813495465,6158.8003879785865,6518.099914261283,6506.801986360935,3496.445833796657,3512.394906487538,2136.326358947806,4445.0772024389835,4692.908942987058,6147.815970768621,134.29509426218894,4413.334107258297,6273.596097407708,3077.068317288516,4629.79260141064,2719.516241488458,2437.525370352584,6043.398505921255,5665.49116428723,6159.17231620571,6035.187301703963,6011.435705918577,5455.3819709645095,5924.379973270425,2498.2669178615265,5303.42868030405,5521.972562639482,5750.015526175487,4705.491294594599,3563.3637774439867,6175.067723234988,1224.6089821001633,5592.5223685876,5135.730489936749,5563.359273086264,6093.4201613121195,5580.0782768390845,6018.552141627949,4569.504045555009,5762.259112747242,1302.2003192204245,5989.604039144791,5284.400362694699,241.41766111315695,6350.899812567314,5903.184605722797,1034.402467594364,1050.0599360601148,992.3042117356224,1159.870640307866,2808.603248919119,6256.4578300005,5462.430382814961,5321.4735975510075,3393.156708173814,5503.225189685921,7810.576846602625,5892.671169132292,6379.246389223266,5648.500798206935,2882.020817255027,5835.811106272034,2985.3576935627234,4400.845351006042,4446.189026200488,6749.276891297054,1667.2697107511212,4440.616563137549,4660.720657281658,6021.588506019305,5751.402082144327,GA
13287,225.62599011706533,1201.3933858347134,2096.349508778844,3244.143139526415,1266.7815921767194,2936.9831555462724,3696.703071876172,3578.292323729721,2658.758624336619,460.27658393670265,428.60995505979014,1683.0967686083332,1625.1107094093704,1134.8882908894107,1307.2983219906102,1166.4121257839802,1325.9440701949484,1331.3320372075054,713.5141587361568,1178.5813929403218,1039.8661746811845,2720.066393255845,3146.3655315819287,991.7898055589343,734.779542516901,1177.3557993088189,429.87710475030167,3672.9607838220813,1249.126881311924,564.65962419366,977.8189664411383,992.2014623920854,1349.4627043542084,7346.894973683099,1137.9709275763926,3539.5409610225984,662.1534281809312,3564.492640970053,642.1881197683529,1308.633273575014,3509.3770675331048,3197.3799021047053,1440.28060949172,920.8015955502707,1088.290925739504,1020.9689734839617,604.6874050897558,819.8942984221541,922.1480210082707,2302.728548191203,1303.3809894238495,7229.073908291167,1493.2207547330715,656.6302910367613,229.28840893945682,3237.0134080928706,2161.0197270509257,5706.165049395399,1319.2900466504088,1525.9324527103506,3168.92898756044,695.7481947715431,360.8238261805722,1356.7058693390095,863.0041429017871,3355.715140540649,1551.475922144117,3131.570045434174,3221.9310402674337,742.545526953973,3358.7221963004304,890.9744891937737,2571.957405403671,7250.73239200158,1251.7569207799402,2147.378172635847,7445.719838576009,1234.6979783446072,357.4784776250035,1500.374220589711,399.8753265139828,1409.55743221987,232.5621145899942,489.8212485861019,1370.6235890837875,375.853772329046,1427.9871750584234,433.78280316177694,455.503466229571,1764.3859006035102,866.877970408436,1365.1165874841836,366.93704630573507,3070.4636162556267,593.2538233653811,1643.7977837315707,2063.3293671328242,910.8872619096691,1422.3532548046137,1378.8866713854495,557.220743526722,1364.188998230341,1106.9001006818385,3344.9524482169745,309.1672050107077,2830.793801690243,492.3083686406519,1684.4058439089583,707.6087944736685,1753.3998592846326,1125.0395896667237,7158.377168317665,1338.3465468233328,437.0611561353185,339.39189421055426,424.3914751239565,3693.449194780613,5639.211708794216,1185.297194651465,1748.5014041446866,1084.5867784942732,256.9702070753025,396.3505081409185,1714.461277594946,3642.2346304929274,612.0187122136099,603.5649516323132,1040.247226762625,4805.638725209561,2650.0953012647005,817.6759250896195,3533.522425964265,2029.3593965999796,3088.02927922541,2390.2375763763557,1236.3133065768827,3370.4464641604723,3428.350213417969,728.6802782988641,163.244542549528,2710.293567003208,1233.3587836074491,1038.5272326124389,1719.2598184355468,374.66902673360715,1135.6631401631473,3751.4477913522533,1249.9536953567003,1242.8004585827046,854.4735081805254,1457.5287662427083,1548.6109632677842,1409.1448093344231,1132.863704890671,706.4763950979026,1472.0348688086965,1938.9599328074291,2178.1448905085017,239.890795290226,1494.2109899161767,964.4170079264144,454.34557403397764,2212.9731737915367,2256.1627666000536,2220.410702315324,539.2763656485511,1279.5334645010482,1457.3802489087107,3435.9265716399577,570.590441771916,2392.6415556796305,494.339451443401,260.4008175986049,787.3926377623022,4550.412177809016,815.2850758789991,3615.4185664485462,762.1974369488686,2451.403754437493,539.8822644802101,887.623242158901,2286.94446173908,1377.8559986816376,3534.9350341772088,1561.032458010727,1082.7296715881957,2927.0168013152147,2272.247102305648,269.2307854130754,1232.0749615431116,2808.353138014168,12813.732621918689,6345.110548866187,945.2555196676041,901.611484006553,1181.042188769827,656.3945210462522,1022.8532144412497,2363.4563804429667,1551.3636533241552,1304.267638603729,1833.077217404738,2324.9012279556696,1349.626925005463,4815.044309100883,1313.6194362212607,2793.6684373404296,1606.4574071570364,1543.305397371943,1096.7317116708355,1686.0608093820706,1330.7343643194165,1108.5410428745035,2118.8978814266047,847.1586278339278,2926.9763313458593,2136.071947507864,714.871965337245,1261.1467546707395,1014.8412096952593,1490.8822792223284,797.3128754551697,3291.0567638141133,2323.237560064937,745.0042163339342,1353.9401276649644,3478.00246627973,1507.2252075679874,1191.5626898609316,5770.6384678967515,2979.6276632557174,2293.3843631586114,1073.302645227252,2360.304207825853,1598.289587957924,742.5484592949233,1513.9605862589472,2685.678423125162,7278.498874170248,5841.366532538565,6316.608374551755,5769.355961384626,6473.331623682513,1218.3603230825215,1054.6711874993978,2486.992395388236,1566.0155352227066,3542.601064832031,1439.2246590052246,3732.748850882382,2621.574318438467,3296.760598065352,1041.4729501210845,3542.351218845585,1665.4935356181988,6087.844901687883,932.7627408085684,1965.11355642314,1287.2443231049967,3277.1153410748852,4666.2938644966935,1598.2169283839785,179.09438464135468,1579.4940183710755,722.278925906951,3361.2828997102088,4622.964615548711,152.19970239659006,1112.2482939442868,1411.9229791533166,2966.016879143045,2828.9729236555268,6079.130432831518,7248.490961360486,454.93474697421857,109.88539759657532,503.55377989656097,1637.184640236457,1690.5589289746977,5781.7284436084765,3577.232065426681,7283.162722168619,210.69704418865882,1164.8308453397553,58.290995648235246,2621.581957546276,1427.9620537731116,1410.4020720126728,989.9855183373083,1342.362376302908,5455.4749528805605,1347.5905528728779,2243.5891389246012,6181.971099692075,896.1128674947142,2019.8937382284369,5118.787850339235,488.3944379529032,2000.2176920216352,2365.047304056012,1542.955489302366,6769.8495928337925,1989.1432194829101,1011.9398341028008,10571.10843607946,2365.5622281935102,1335.0165279187108,2934.4687578488733,1703.3464116106427,1047.3570449988797,1626.2735299187918,1516.8468418873965,1034.392537567314,1766.484106310266,1844.293435826194,1605.4277667245374,1620.3467660307226,3266.8248438055243,1616.8631822624584,3422.0902534810234,2340.6096410497016,2508.254337090285,1432.1786288371216,1214.977583167484,1623.0472892715625,1612.4169738169062,1780.8857164246579,1863.8248103698181,758.335280945084,1614.1317645686468,742.9591945468993,2121.8632827510264,3036.003934179273,2733.1984125941667,1584.9686042040146,2516.652219484637,1500.5455472378428,3697.050277976036,1292.9729583390774,2231.5242602383128,1501.4741790549085,2098.3568336770454,6257.199393973716,2044.8929600261636,1909.1972893102306,542.1373996988806,2762.7609201821515,2366.263530573505,1494.2148566464155,1139.733875565982,2031.1333008370568,2294.010546086686,844.5812324066011,2488.235933237084,1844.9000743425775,742.5895662779321,3549.6914249639867,6067.400965646487,3765.861288808097,6213.532569462324,1877.4231419491448,1484.8264495758892,2129.418960382125,2488.690868853745,6404.0117121607755,3698.1647049117823,831.6424847837661,4871.266049229258,1652.8694446499185,2690.406877130617,1652.525082051726,5505.214251166417,2232.0386333229103,5556.278928977747,2485.723866011099,548.0353858389776,2508.508631108623,1017.8744278875737,819.1275467100113,6497.003304905955,1210.2694165399178,1530.953982634407,2781.504064129228,4884.150663443693,1522.93503084319,1577.5018984442909,6532.182181486477,1025.7304124115344,2365.935110263935,1939.2027638623852,3414.62854950723,2127.5238680756147,2230.3829521529374,5793.8448454888685,4879.18936234899,1866.5522909402705,4845.358240399116,6560.9904345587465,2995.5046567379327,3391.1889742061626,6524.121289545464,2306.255150055389,500.4213853452549,793.5117637223358,941.6505076265303,652.3619000829425,6525.053514224022,2111.8021231998227,6333.40891666326,1142.3100294054582,1611.3551334917174,2157.954600878008,1132.3491112231104,716.8953761625929,1737.6163252531103,1012.7214579571686,1228.2363138428086,1846.1556962326347,1694.4358372535153,2049.020186626698,1944.1363948165838,5842.207344256091,6730.968111387459,1628.7512101684774,6222.037355643946,6364.491920378862,2103.4267237221993,6327.979178403822,1834.7124491929926,6357.457255235689,6788.32857319085,6393.2027036364725,6203.602260681536,557.2581812915064,6321.452812445858,933.7846489247528,6478.608862911914,711.5632455690068,1700.7666351650848,1654.1010473658034,6256.3151837750975,1047.2860705893233,5974.089852910302,6357.130418483315,2663.996318697084,1065.1557988103878,7202.353271646752,2469.93565226239,6323.755516873504,1204.6787274979422,6423.160498244636,6466.890258282467,2593.783204838727,1634.3842553483935,6121.477935147772,6374.770895171141,5614.259393052604,6508.141405798761,877.8320793844694,5800.872221245594,4729.861460459645,968.6623486830102,6079.4770307356275,6321.740670550028,6265.900433629541,6477.176599443455,6493.8421968240955,7264.23269548529,2879.0168278722267,5997.85851795676,5806.249454167401,5859.4746151156605,6325.423672812563,869.9183597013453,6105.833749066455,6067.971697483934,6292.065074258344,7482.576620335551,6310.823612487519,6896.26636059167,2484.473596849362,5591.13706990706,6304.788250781096,1675.9331135920895,7195.386507190955,4781.813121227236,6154.740166579054,1790.3991564758926,5834.515292886383,4610.084414499258,2667.41284177262,1124.3149133373624,6113.911266833808,6003.330520797863,6315.902721010162,5947.432265528559,5607.797742429078,4535.8991562906185,6591.325704312779,6104.900726515232,6475.919021877457,6353.974713218379,6714.795786986697,6703.497829500017,3690.88257320151,3707.1938796199615,2314.555089569457,4641.702384030177,4888.986313338845,6342.990147208458,107.67473701561056,4609.947128541206,6470.281865837629,3237.6487865944896,4825.886680783495,2884.3118083871404,2610.107535525472,6237.4628906646985,5861.872714956696,6355.051014375303,6229.0856244236975,6205.48339142714,5645.917748414755,6120.254243736111,2666.4837024071226,5493.290375336776,5712.994994203554,5946.581250997862,4901.478089716107,3748.6722877914112,6370.976457552535,1315.2059232012255,5782.258871285257,5327.330863897874,5754.9625647828725,6289.351752642251,5772.207413115672,6215.077457211688,4765.407900205315,5958.705996253746,1489.646699755905,6185.650594770755,5478.636316567368,409.6425192429205,6547.590277347115,6099.298325344626,1127.8262902935187,1152.8859156805145,1092.3274210412578,1354.0927849107345,3002.310866540288,6444.46111460118,5657.548477708637,5512.629831353693,3567.469281964188,5698.216315394452,8006.929202033887,6087.395460339979,6570.653097643874,5841.655423247334,3040.446114013089,6031.71820146893,3140.590349961757,4597.446104625548,4642.838430021262,6945.9548994832485,1715.6527833498274,4637.140312940077,4856.558123601915,6218.208357645294,5947.930231340971,GA
13289,142.67007290140145,1107.8813373601272,2059.5999644963194,3238.351589692488,1271.893906361412,2923.403090382687,3645.136155977917,3558.3981675698083,2657.244087870698,363.9371952537904,512.7999793057319,1599.2476445133263,1533.9055643341026,1169.6815420149076,1214.3294964788513,1061.5523722002374,1234.1105663966964,1238.8166277169314,798.8789402742043,1085.5304004610243,944.9969089560823,2685.7302210583107,3145.696256376225,896.8830652544522,822.1955104764572,1083.6475719901894,528.5287532401261,3627.0369956697377,1254.7277299832606,486.70170797307946,881.1855109431642,921.6892448841727,1377.9755536430546,7344.919076367131,1176.0561961833596,3520.575249459578,713.6169907369272,3544.2617029184253,555.9331238247112,1253.506572837467,3485.8112552796306,3192.798571338383,1472.5950044479682,825.1329959648375,982.1393472504359,915.5009716504975,700.4327736444922,718.5036379501993,816.5769456210063,2350.8944412720252,1208.315044264948,7229.138725582644,1399.892140724406,738.8348336529073,292.26339218668545,3230.2621820378868,2152.0668628286717,5630.530590385861,1214.130634001826,1463.1566890281615,3162.9793696491197,659.9350918807769,317.52381609256884,1339.6888190260588,773.1107931449608,3329.201758448813,1461.3841165478184,3089.2121103089235,3216.7029004415026,647.2202311188587,3303.934493624828,809.8142851556447,2576.9829923302327,7253.243679725222,1150.5999150967498,2156.514910512359,7441.352133982714,1207.4688236151649,325.4809260297511,1402.8807393913003,480.41289566576864,1338.4322913123865,217.1877343867477,433.4726549398637,1266.4649749752607,271.87726395840804,1325.9597316649665,533.7084904509177,353.439803830092,1671.0245543349622,845.3877719281438,1274.069266737935,431.65570856496385,3065.7677008257638,498.1041603005481,1550.2480207465408,2032.2150333951665,807.777938245064,1386.8739993491913,1288.1646875821173,653.8330842446837,1271.1559659538318,1074.6742268775135,3328.3116958217456,380.9561408526613,2776.5942767233137,592.0083637988338,1584.9084478128314,606.7564830033994,1764.1930778519259,1026.8697932158343,7161.8003829941745,1258.8349460544314,379.63440765937526,256.84994759927105,318.4198978640238,3652.233853929484,5557.595942289438,1095.733332849949,1678.1258876040124,1040.1694037877517,341.01066091150125,310.40377407563784,1713.5326032956873,3606.481549868146,624.8657946064044,542.4126304699248,934.0218015813136,4732.863320923616,2592.8885035514395,916.2609126109472,3491.204622655876,1948.7996298914727,3032.788697463195,2435.6426553256947,1143.050024420334,3362.376018257716,3378.706251258871,768.7839701749562,267.10425645683233,2663.5990697955413,1137.3445323985686,937.5795012117579,1707.4778166212866,448.5847921171759,1037.3973646842057,3696.1846415547016,1145.6059602835462,1160.2964360951642,757.1213485251901,1362.4141137616978,1603.7504015569114,1456.3186421431012,1049.7708848346222,605.8859969008423,1375.6941990925989,1845.210211729056,2119.530330700077,157.1436602149145,1550.7108050829238,974.6007753233523,505.8578477320828,2264.502124723748,2225.0444353458247,2148.009398272032,590.8148369700564,1181.1640205722158,1355.5904859611928,3424.690595212254,493.02276867156036,2363.368518980456,573.1580635908292,348.6247059950392,703.8235756641806,4482.881214938148,856.8330748194412,3592.462148179765,656.209801367569,2498.3568863541564,433.7157901210077,803.5648990574927,2267.0200679441673,1282.6682919974176,3518.6756387574214,1477.7323844250268,996.8613877858037,2867.4225757266554,2239.082628346103,281.33839598133113,1129.0790581275369,2763.2211873157703,12765.825810790031,6269.729752958105,873.084997165682,796.0636283051025,1080.288106576619,588.7630101200756,918.6617473109596,2287.80720865591,1493.4862314294446,1202.1946087712606,1742.7836455299664,2298.166090487005,1370.6373572643515,4745.0286826526535,1209.7048343775798,2775.978037613941,1520.7362036875284,1450.3795706635583,992.5399711484783,1585.8489419135458,1225.3200262471885,1046.6947360420284,2106.5872587535064,872.773379458367,2870.8141957262983,2053.795457626562,647.0583059254067,1171.2917015375426,927.4770608945547,1549.8877526948665,806.789280670833,3279.4823567724093,2286.330441648413,638.9171360676377,1252.1502238863636,3457.238712325688,1420.365080438441,1085.6217752652983,5696.0501831039355,2936.25209363928,2344.68615236828,1050.773462482146,2311.619400194759,1642.1689175940505,645.223033757616,1522.6214737855537,2653.5860864319598,7277.527816271252,5771.651412085631,6232.305576700715,5680.281259021039,6392.112422026233,1245.6007517343567,974.7953632876421,2415.3623393672096,1473.402230214348,3492.787502282076,1391.294084838992,3701.680438382899,2612.283529157662,3244.3721614976544,954.0963776738477,3489.86736305058,1611.1283058409426,5997.892975889505,971.4167038671762,1966.324049013238,1304.1015328919611,3225.82833531264,4596.127209525476,1614.3180767625342,242.4354150169264,1492.1598695112164,646.453295223169,3311.6950829991283,4553.2732197530795,142.71523111500983,1123.0423156905292,1402.7878423833288,2926.5612587750647,2786.5719993830517,6007.596084990825,7248.229497474009,382.82062762470025,210.02149808362157,489.145078620189,1570.6710863399992,1597.7345465518247,5708.7221145705735,3547.524221941429,7282.983819868773,242.1548244250856,1125.226021911077,145.04458197895278,2569.611880747229,1336.1969682866154,1406.1817235231174,988.0523624561557,1257.6016219214066,5380.699439408395,1247.056119995636,2216.0089280341413,6109.674628597642,791.4337148021955,1954.6844553844726,5044.982747175978,500.7986071490952,1914.4480614160361,2412.663407339808,1439.7817300750205,6704.5833085163185,1916.225525258112,1050.277344014872,10613.560690708537,2309.720346588073,1310.6223258669904,2880.970241707625,1672.217379535104,1058.0478463965053,1531.7077122538615,1413.9710252162347,934.8492659104263,1668.4802808398022,1849.6999034432165,1502.5716853049262,1532.724624099995,3247.102980297234,1513.2037662708776,3412.115559086649,2271.750577180557,2468.160789211236,1352.6992013554818,1114.2396178937593,1583.3907556607626,1524.0324371351765,1697.5128029658508,1778.6471983754952,690.2378055867372,1516.4866211540045,658.4294233620262,2045.0585862905705,3003.5238568873992,2697.196152586077,1485.420182124062,2469.741801614668,1410.880290802813,3650.676722188092,1193.271499657148,2188.909770986744,1412.9138830493125,2050.089998483069,6177.201519650735,1954.323588587564,1819.3670095961504,572.6479437677879,2742.1208846431896,2412.729868972529,1451.2132389165713,1066.5017521784866,2002.6444626837567,2342.4158765449884,745.2314460929413,2432.802831811437,1795.048836102573,639.318717707953,3528.5496915317326,5986.269295613434,3727.106725234521,6137.096925698796,1803.3669050117887,1380.2262025260168,2033.0481397318624,2461.9518310800304,6326.534511421743,3646.3616397955107,759.7436383116808,4798.642769617389,1556.2159673402816,2683.254189182819,1563.6949122079618,5429.402906050736,2152.605495656834,5471.774550331199,2416.303423826741,627.6132504586378,2473.9089596416297,934.0678391630014,755.129955276585,6430.4707039180785,1132.8090168270246,1452.421649482755,2731.1317087209773,4809.938426004375,1449.2825341717694,1488.5116632229187,6455.21821254338,971.6462499531714,2345.6510415073603,1846.946638031043,3396.0741245909594,2104.9624717486367,2282.74675775767,5721.184795353165,4804.523751942472,1774.120469441439,4773.293654806266,6483.980676121803,2995.173057338744,3343.185230305827,6448.717048723703,2310.045093276071,450.8050640482122,750.9506356411433,837.1920930123073,601.2900942711298,6447.645647301259,2058.3209001919417,6253.865982515426,1045.5638867797798,1513.8078569205472,2114.924952248747,1028.1362098935606,710.0651916207415,1643.3937157669932,976.804282737083,1160.0172962707131,1752.0429771662712,1669.4750916041446,1998.5919789846812,1951.3195470066164,5760.333460211482,6650.31323909862,1527.8669511783044,6137.675869601519,6289.9676458673575,2018.999079791136,6242.757695504542,1828.80465463164,6291.152584897325,6707.387561913136,6307.684946102712,6119.766103783702,526.6957412873606,6240.320903169817,917.9043444248192,6392.186947404665,606.5864234012136,1649.3785966348682,1551.7370221705578,6179.893324297714,944.0856273683052,5900.840850869068,6276.044733900958,2596.533450763117,963.034468100984,7204.718352753239,2464.9787440545692,6248.39530477298,1100.3155440779008,6345.594629780167,6388.351416033043,2525.2409884931585,1603.1100183084595,6040.342065724054,6293.46127603601,5529.257919022212,6425.70450278085,877.7249410617744,5728.376364169146,4659.629867533961,878.9633679453862,5995.260004596731,6246.198846379997,6184.362373097977,6393.530991116084,6417.918403747956,7263.260979534411,2814.448416840385,5916.73968254073,5733.746940213058,5773.3560567948025,6245.930442432241,763.8177097752049,6016.902314656726,5983.7187916224975,6216.290810451003,7417.108270559377,6235.30870793381,6824.986810602168,2417.722935665769,5501.65422866713,6227.9222720713415,1705.2732082418177,7195.9987690719645,4710.69560821575,6074.192109888399,1745.2902822327262,5750.079596873168,4542.095769520957,2634.012732623371,1018.820175660962,6041.035242207062,5924.909851229157,6227.8907453905385,5864.368356772246,5521.166249152197,4468.803726784535,6516.005677553514,6023.555746960805,6397.604310180005,6278.716135206135,6649.34429216005,6638.072302526577,3639.1456817964095,3654.298250046433,2290.61663262511,4574.328469399485,4817.3929455370235,6267.732558953146,21.11772764829936,4542.4001024715335,6403.989599434624,3231.9572126070366,4754.389358087713,2874.6596801537703,2592.553171880253,6159.35036198005,5791.907072231949,6282.311810715802,6150.6104115658945,6127.3380230032935,5561.95357530734,6047.5273418798815,2653.4688860998904,5408.488615987008,5629.681606956304,5878.216411341407,4829.447556242086,3715.0527197079637,6298.365479426665,1355.9800267635587,5697.258910952838,5244.913752197542,5672.481437383818,6216.852382985292,5690.536812308939,6146.2524786938575,4693.031385117324,5889.221265445819,1404.2157918277364,6113.6993304931775,5401.026555906227,395.38851951266366,6481.513125593802,6027.694697177699,1166.5593477698385,1186.4960684297416,986.2829334021853,1304.4308589849236,2952.858591802805,6357.413807462085,5582.219173402445,5429.535889981129,3547.9551412070173,5622.509534868181,7936.509400056595,6010.899549606072,6487.769745173537,5761.7455079948995,3036.6825320022663,5959.14559318308,3139.6258100689483,4529.733707112818,4575.87685830338,6881.574588273125,1616.848029125663,4568.555211159232,4783.880327915196,6150.501616512147,5879.169119480454,GA
13291,139.03402674621992,864.0623566704458,1906.9027954211488,3144.304231547485,1222.9240834166005,2813.916085926887,3458.3072794306267,3433.228089673913,2575.4845803130065,280.03998112355134,755.8517035479347,1365.3031382276615,1402.3154412898346,1193.2494446835726,1080.374839874378,822.374817385512,1104.690513759415,1106.3596910639862,1041.1883269016796,954.1553990089926,809.2787407545338,2534.3376328096456,3063.2893159153577,762.6952655775999,1065.6086546998788,839.6985955160147,774.9470391708916,3450.4936615913884,1207.3594860043154,282.637153339596,738.8694347765753,715.4949120379034,1381.0598401159266,7250.948580890556,1207.26320010959,3397.449845136693,797.1731431793014,3418.4366917235966,485.75312905219266,1072.2414923188028,3353.2950206611504,3101.5807570689485,1482.7080535677842,580.0574402877461,754.6186209502366,710.5704133682966,946.927320421934,472.6013456841209,582.2705871718335,2544.702556210015,963.2019804063189,7139.71224215115,1261.1648898549438,979.4030121054428,528.3681312044233,3134.15971253376,2057.561250562289,5403.948257196941,1009.3200131484504,1264.4693527737254,3068.899394740051,546.1941579331591,423.26946298518965,1238.6795581275196,668.1209513225164,3191.1611332497278,1335.319128203723,2920.67756771572,3123.9724912870656,402.94347733131934,3112.037293559512,738.0171606643214,2510.3909184038016,7169.120560375393,904.5925012171823,2102.6234783526197,7342.147152528377,1086.868998257882,290.66918652318316,1244.9255939043394,721.867468164815,1125.6403035018468,396.6167548910155,482.4255104957223,1070.2471514202284,161.67059384260068,1144.0950917585856,779.8297355906102,108.53218652643312,1528.871546483591,752.0130855364432,1032.2926657436208,569.6767683454756,2974.8519139706264,392.744750470907,1408.5937419983893,1891.3042907187564,564.0040761500037,1244.437159992744,1162.3845206069236,900.4010388244949,1135.8270064444243,946.726021624512,3210.689543128318,538.8048378989558,2586.999897915301,838.2268660925191,1414.9278317322046,360.4846874444793,1718.6741066360169,872.0427345592453,7079.7852471209435,1032.5386892651052,255.48837524445298,281.47980873989195,147.54735191265615,3484.4458506578258,5323.547555938013,979.1510837740477,1464.4547320865572,886.2115392022969,525.5614204299984,112.94585108246216,1641.9330946411173,3449.2849762409887,629.6276806739895,560.8021647865669,712.1178047780753,4510.600463246484,2398.459879703495,1162.7783692281998,3321.694055383621,1718.5132603066568,2840.6755297818786,2624.873418583902,1009.3210587256447,3262.9034252920005,3195.862171897261,822.8802652148648,494.4850161092431,2488.22735356022,990.9377116818207,691.4286558158797,1611.646154446431,686.6064056330544,790.9165579828732,3502.759688446969,904.4989162280436,929.9601405921933,616.3955918673378,1117.166799136522,1667.5211424492652,1502.7705949913006,819.2663490047647,454.7919912499556,1129.7789701156687,1699.8465085101216,1924.326101076213,247.44306940586696,1618.7402170783496,947.996065395222,608.3861969331068,2463.679415299405,2082.696511438442,1929.3285648081744,684.3620524471506,1022.0681432936988,1110.054775811225,3318.189828261892,466.1323285667307,2223.933312915909,812.6769307655308,594.2369419002632,476.8282001556269,4268.500349499979,909.0287431957864,3460.879083801254,448.2132096357441,2689.810502329381,231.8484117332706,721.0400355408137,2147.8249451627526,1137.43663069609,3401.2143410954704,1244.86759249204,762.5401366547211,2668.0880925082124,2092.44718725466,359.0696619072856,884.9834654574391,2590.453804718311,12578.77519839646,6043.275385511176,664.6233590822183,561.6838931429759,834.0588209936519,581.9607994378904,726.9356619159565,2063.8598393272755,1303.802515873846,1021.5228527250624,1501.1414855443888,2164.4045718696343,1356.1726751623355,4526.744518413559,967.3807533085301,2658.457584294716,1410.7725725234866,1206.6496949111092,751.1186074973657,1412.0666139673087,1017.6287777202142,855.4438184089238,2005.1257800110052,887.2122022382013,2677.46443321415,1821.0109799064985,633.4959054350452,931.0241203057616,691.4582266737323,1624.2852253574115,788.0037045686397,3172.78773816055,2131.8217331576043,413.25388414998565,1072.6226931749213,3330.5807412406093,1183.0114829167771,871.6507434264598,5470.848151643365,2766.247204519095,2543.266082195583,945.5428143468176,2133.936831864051,1677.3141639607315,511.6872579692659,1476.1457162505865,2506.8503876259438,7185.801944453381,5553.2677145497355,5995.127574434187,5438.565310619117,6158.341373012758,1249.0371247393464,750.2511866240362,2197.24901722795,1336.7216170691936,3309.398826938185,1222.6419657430306,3553.4494887569044,2513.6946052931644,3056.8634212086768,851.1346051518982,3301.688974795421,1427.1165678151956,5755.414545644454,1011.3547999377652,1896.3438966060685,1281.5514640516976,3040.3435347016634,4377.714557595105,1583.4642539664374,413.5541677181741,1376.5041146083054,606.383047584355,3129.1000167059624,4335.591320982154,272.2072004281213,1091.8432570525338,1318.111627217085,2764.132673317416,2618.9426868353517,5786.503423775217,7158.073273817408,397.3813015194467,455.45442015237006,450.6173962485091,1364.3242978771952,1458.6353347779327,5485.684422028483,3402.4017059525677,7192.966382260395,461.7537788540703,979.4577755623886,367.1958499288643,2384.7327309734437,1205.1829301897603,1332.5640532404168,932.7301066396964,1023.5081448093657,5155.363863910487,1075.089982487242,2081.0508918090386,5887.472182421358,598.0444669091167,1748.547581080522,4821.120966478351,521.4002800992862,1677.5084715921262,2605.419860364874,1195.9144224436318,6492.401146233485,1697.417818966937,1086.304755528029,10619.582178069166,2118.733376023584,1193.8464896791493,2692.348224948655,1534.872031178935,1029.0332069249248,1286.715735475576,1225.7847686159082,774.8238451729708,1421.9853493011206,1790.6492440728164,1313.8091728695642,1415.3803310656515,3123.3196471693627,1270.2081156729014,3308.3610666360905,2058.3924944962573,2306.348129080663,1125.9287106922245,943.1578288839644,1429.2570061531012,1284.6704943580862,1463.9655689246756,1542.6325957537329,496.6480573696781,1270.0790322498867,430.63011577383065,1819.9273447208166,2854.5714335921093,2542.43267677268,1238.8798657397874,2294.725142325487,1287.3039872249558,3473.256406103266,946.7397413354267,2023.6225847684632,1293.7099700590527,1874.6107026901334,5944.92379683685,1712.2474137848515,1578.1047982854334,622.6992086814457,2618.552087686181,2603.7005346260075,1291.8843100580127,852.7044139809935,1867.4587500993428,2536.619617792053,593.5152765162545,2242.0880852252235,1618.2622886585516,465.2229331729812,3400.8889520748385,5752.687115964275,3563.839994755156,5909.29730848618,1583.1444251449475,1139.7459810728626,1874.9487712627915,2327.1671487395192,6097.3418762287365,3459.1095043697437,554.9233523538663,4576.559856895262,1400.547086565635,2588.9132954863485,1441.2434969930925,5202.657801248001,1923.487685003403,5234.51666998612,2201.6733677312204,867.1555165974487,2323.001236681142,703.4022438322871,567.8902415656536,6216.49724337348,910.8062499792458,1226.6297441245572,2548.6541391328383,4585.625709048238,1231.368163924708,1366.456720837494,6226.646800218548,798.5984967014296,2225.136542911965,1707.8014067021795,3274.2083323958477,1981.4203133801168,2483.101469206387,5498.624220254106,4579.589546502848,1634.8858306779407,4552.019845271662,6255.342935435841,2914.209576775505,3163.417716672325,6222.1783540426,2242.6213559720827,330.79142013310155,613.8853823736947,644.8155727179828,455.5202984466133,6218.50934402554,1872.8662298339807,6022.120944126261,897.6548776085733,1354.3140045822474,1949.2707057105915,834.3075986451565,660.8789032598602,1398.5717984171336,843.9414928897783,954.3693486700887,1605.911035638948,1545.344279740528,1819.2708567448035,1895.0996979753768,5525.9384100825855,6417.150834894872,1350.8579593380448,5900.451068828572,6064.6499883406605,1783.5365125815133,6004.618983137777,1744.447346319752,6077.584340440793,6473.878328438235,6069.234703022154,5883.106761980096,442.2509462332586,6006.6831199680555,833.6379377111539,6152.826457619134,416.83962027731513,1470.8232173280985,1365.7678058686736,5952.099061468697,759.9189988883894,5677.393663949625,6042.453483204891,2384.645038604368,786.1901969796123,7120.332568481848,2376.8391654272154,6021.974716014544,904.1904453565373,6116.284324390063,6157.808475029648,2311.769274875829,1466.3426235705053,5806.742902716949,6059.6052026373445,5291.464031754766,6190.533454384798,832.256607144623,5506.0423490323365,4441.0811685591225,769.3930572263945,5758.213049934834,6019.53860207975,5950.263855524881,6157.031255861606,6190.705331825207,7171.550084084098,2606.8322446976936,5683.188328313631,5511.401448675197,5534.380041630988,6014.247779790561,550.2330231393556,5775.274677445559,5746.63552081044,5989.333103372314,7204.330303276501,6008.687344589982,6603.958438114964,2207.4247614583396,5259.610343879556,5999.539143938145,1704.2143648109666,7107.80015761138,4490.821848926204,5841.27956503794,1578.3077705240194,5512.842804578585,4326.9752520056545,2484.7319914813665,812.1400035683348,5818.052015513573,5694.6346862626415,5987.053875789163,5628.603014251114,5281.721859249868,4255.0998273879995,6289.55872530005,5789.7157942576805,6167.33818744903,6052.421084348493,6436.9053458935705,6425.677660098741,3452.024278681336,3465.0928720417223,2162.7592973861133,4360.1193634724095,4596.77032003861,6041.4421809310925,240.07878360962712,4327.950461147602,6190.389087952423,3138.153639170191,4533.9407265120035,2773.857336375463,2476.298953729953,5929.398682012155,5573.150566506684,6059.432041767399,5920.206674237654,5897.353567459032,5325.25919409241,5824.748525137838,2546.579495972003,5170.927285515187,5393.686937816452,5661.763625281897,4608.191531604877,3561.7610018412465,6075.6577295291545,1388.9321570537925,5459.436762529896,5010.0162076649185,5437.410911708814,5994.328326373997,5456.393040151216,5929.003225547969,4471.357193033445,5671.120288003132,1168.7176113169635,5891.978625314648,5171.93958459503,378.88131343529403,6268.202244022028,5806.496279339612,1199.5996571875044,1206.7407280413336,771.114416737462,1133.533738828906,2771.410898811231,6117.456302017924,5356.061248258476,5193.828442809375,3423.605242702235,5395.8338854926915,7716.344609150461,5783.0592592289795,6252.089241324386,5529.676325079862,2947.944829985305,5736.6143071778015,3056.592344862267,4315.041625212265,4362.297259917282,6670.665353249829,1450.146778730366,4352.515370514372,4561.728095197633,5934.899502137216,5662.131734697444,GA
13293,84.87828823108359,1059.9515038332222,1977.0743914386746,3154.130793525088,1189.3464576349595,2838.916404182419,3566.710406575917,3474.0496162657823,2573.411958903131,402.5820584391448,571.3656022445651,1539.7976527332328,1571.5010157321053,1096.0514082117302,1250.16731331026,1040.7926241211012,1271.5701394847435,1275.2597102338225,856.6542978032719,1121.706296733016,978.91575769691,2602.8626248313767,3061.910702790537,931.0029572929553,878.0791240340058,1036.024231654771,571.0053416332503,3546.8462264764917,1172.2798466236115,421.6317123554219,912.3714729551649,851.5519142720157,1301.529376901353,7260.884449914051,1103.8422976876386,3436.185599869186,650.6835726289399,3459.929200849054,604.9560374251287,1175.8621599878045,3401.6883752362837,3108.663211878428,1397.4372038411389,780.8994292764928,972.4039025216304,920.0362030699116,746.8580041410668,686.5693967378663,800.9832523337755,2429.8009286180554,1162.688867027053,7145.2903575614355,1434.6533507625616,799.2382680828363,362.2156738495516,3145.983565708961,2067.7235722233813,5564.447288574022,1219.5200340428232,1388.9801586820165,3078.7515407303804,576.5473025062523,396.97119810436203,1255.2008707269088,815.4890481743532,3245.3345220172378,1500.6738346406205,3008.034889952795,3132.5204286149383,602.7835518679707,3226.64676670391,861.8985537325748,2493.983491806357,7169.657020582194,1117.0329056445496,2074.2984376702475,7357.140206906352,1123.425619302133,241.06312596764968,1430.4512564570355,541.7162330845082,1268.9193363520535,301.65955068682536,506.39089509598574,1276.5730527211122,294.55512867454553,1343.1777539464583,574.00819435595,326.6663213056529,1705.1691306805512,760.9273894951828,1222.66490765838,383.02073666863373,2981.63016130167,535.7731567045422,1584.3280744140839,1948.7801162088874,780.6614634809257,1303.950037212892,1327.0346706281039,699.1059197023967,1306.7199233755202,991.1281667126312,3243.8493703409868,340.28936393721335,2699.0243202202873,632.5012412391362,1607.9222376374146,573.9146563494031,1682.4428331690656,1054.3372500491766,7078.325034293729,1195.4557929627874,301.272501544465,317.0616593920675,326.29364376534795,3570.829805043465,5496.197787681508,1136.8109252991578,1608.2472275814146,958.9452741494756,314.6381451092313,253.76071879959645,1629.9099057840094,3523.9360289421484,545.4408492134565,611.6285576023528,928.3203309355227,4664.801208527572,2516.4762419890712,958.0389700391372,3410.0529422075606,1886.3937133253125,2955.6469391643213,2515.3849789002757,1178.6810509470026,3278.0253639771067,3299.6174476712604,699.1347609884427,276.3842417000325,2583.5290444780812,1168.4526726888118,903.8585853782223,1623.0508362790326,514.1321156385433,997.5750139254013,3619.1141537658727,1122.2696511331603,1099.5479801965557,787.8062034669298,1316.773388572009,1539.6234511362595,1387.940805174591,989.5690283316377,630.9878762067242,1332.0531976117136,1878.4673816767215,2043.6273976783568,223.45477292134512,1487.5139888688839,893.4140890954102,445.75326182261915,2342.2883145926808,2141.6364093334105,2079.51807255542,529.3080144927909,1207.6246640511301,1323.4189524963024,3340.231623308636,551.5144156916808,2279.73958668374,635.8881428761528,403.4894954697824,644.072903735012,4411.627943590754,787.3962251443705,3508.297310300355,657.7466763295538,2577.6587602747304,435.125050126109,852.6996401171085,2182.633885912887,1314.7344861611402,3434.207819665871,1417.7539352716344,939.461494517542,2792.070203165195,2155.9736743382973,207.2280180559777,1100.7747392564477,2682.725390786043,12686.516540535826,6203.4805452513365,803.9996515827902,780.3927638067543,1045.8272156953751,653.5856585895854,929.930839295999,2221.5749101581023,1417.078032181492,1219.6377904531246,1690.3253428551886,2214.2534993575523,1291.7447869985892,4675.232423092716,1184.4905444586375,2691.532114440881,1565.357138474205,1401.4449958088992,968.8930220024832,1607.2159839698754,1229.0896544672216,971.8207369024518,2022.1288294660944,796.4071116090457,2794.0157676307026,1992.900697645892,711.2421463244342,1118.414733551557,871.7331189722539,1488.2962200973166,725.7879162442938,3195.018095808373,2203.8719014380968,629.8140793890457,1270.248260682512,3372.9317800862805,1363.986786353947,1085.3782511390473,5629.235128024176,2855.313332262973,2422.566296408569,966.384787092132,2232.0898913230208,1571.834974417266,676.9893825627834,1440.5681102703354,2570.362862588056,7193.581091459025,5701.71082260707,6173.3346903217725,5626.238784992813,6330.384224789294,1168.904501300043,911.6572486951387,2346.407284440773,1509.0798593301733,3413.7636197774846,1311.2632621103744,3618.382491192248,2527.902995880629,3166.1968173288737,998.5646578224904,3411.748699640343,1533.362782156507,5944.858057770518,900.0766053292956,1882.9037923232072,1224.1152151780884,3147.2690849874757,4526.416096015813,1533.8647786897586,204.9401043153691,1534.9224151886622,704.6311123067155,3232.581976099883,4483.274220729124,72.88529700440516,1041.7785709599484,1318.5145151718395,2844.6988604595867,2705.3726247825352,5938.776822292756,7164.349198652683,447.50307198431017,252.51199280349468,405.06065496396445,1498.4926742002701,1632.8364812205905,5640.841758366215,3464.0347622233803,7199.1108211255405,321.63924332889843,1042.9503586921587,149.98528778398062,2491.2066797887687,1373.4592391278584,1322.2931031245994,904.6476182621714,1199.0424543699476,5314.005930657077,1268.45506342441,2132.174079032849,6041.342933653372,801.2299650472987,1881.9063032537192,4977.615468928904,422.1307196519433,1856.9045718134823,2491.750490990907,1411.6219534489705,6632.184182008519,1848.038830034521,978.5228280941626,10540.595822291903,2232.7092337708696,1226.38510398504,2803.153896261545,1588.7206186405554,976.8475906623074,1485.1397930995668,1428.3861846527027,959.8236144332508,1627.6490426777066,1766.9227718996174,1516.8598633817578,1575.0484581595388,3162.739460875427,1486.6343548961186,3327.690065201987,2201.0732032751057,2386.382766346257,1289.3110324958575,1135.578997491678,1501.3295235391056,1469.338482945122,1637.6128117268893,1720.5046822025574,618.3425884192562,1475.0679173431104,599.6717878697756,1979.6526805418493,2920.388691915561,2614.621319335898,1447.7847765083966,2389.7057716807863,1450.859263544185,3570.615743431794,1156.2321974852314,2107.673846523886,1454.3258628401836,1970.3783831537987,6114.454606960824,1902.17849000215,1766.334538605457,500.12175515167655,2657.7858932517347,2492.161608509128,1369.868516953221,998.2690820821467,1918.8828245697275,2421.246036186958,771.8812555008933,2355.653075785297,1715.7678327643755,656.1843322110686,3444.265595472324,5924.462481181818,3645.159732389267,6071.601785694013,1735.9358397371293,1357.6193114360624,2061.6342729977755,2378.0537229819347,6261.814505710923,3568.017513332956,690.3689135410672,4730.483640047992,1585.0312785289166,2598.9755879578447,1604.4326865329904,5363.441190697785,2089.2748977452998,5412.991638024713,2345.9805841882912,689.892300524881,2391.062177393236,874.5552853565582,681.0229244768387,6358.73833181184,1067.7288013993532,1388.2744794019275,2652.208288298881,4742.840225990459,1381.489516693234,1529.1985022095623,6390.117203775373,893.3873973016396,2261.283569651716,1882.4809742463249,3311.6666583755355,2020.7015613289288,2360.244423372505,5653.078197003278,4737.737423125534,1809.5047339173632,4704.772542252561,6418.914105737421,2911.4344638780713,3263.579820747987,6382.487992918225,2226.908177772257,369.9599549932275,668.9688734274785,847.7406001474047,521.3906812204283,6382.875567199318,1980.3587360414278,6190.75171654375,1075.7098448667723,1541.0214384887304,2033.777364576908,1038.8136728438326,626.3625960543768,1596.2700454352002,893.7466703344486,1088.6331668746363,1784.8652058306027,1585.3363979383632,1919.5540694088056,1868.810242543504,5699.160825262469,6588.113447369178,1547.7005099735406,6078.7600321826185,6223.122172435373,1960.1170679307932,6184.667713013831,1744.6807482071908,6219.292778708564,6645.427702594246,6249.885381965354,6060.358089169583,442.51577731992455,6178.517114739925,833.4443626938714,6335.293009657761,616.433104314846,1570.5596173119254,1567.4577465674151,6114.3889662431675,958.9965174171716,5833.125662381323,6214.2022360730625,2525.096685484147,981.2755095849473,7121.11582492025,2380.8598753753877,6182.131135247918,1110.066887442921,6280.94178691762,6324.44498343609,2454.413835502798,1519.617132346267,5978.539421403846,6231.808910857902,5470.9526099385685,6365.031196561535,794.7024107465552,5660.163345018198,4589.960802605272,920.8981087884584,5936.207328158098,6180.063088327096,6122.9041397249475,6333.948203992173,6352.0584982813025,7179.314431359987,2741.475606388808,5854.9211983000805,5665.538380512363,5716.155255723514,6182.776147835837,762.8736314446988,5962.6950100172535,5924.699848442705,6150.319901878014,7344.834168907291,6169.153641800072,6756.028275785425,2345.8640851141786,5448.079896712529,6162.744697284569,1628.7562679323498,7112.2058291772755,4641.573555519606,6011.896799967401,1664.591414087737,5691.232521032544,4471.103718950296,2550.987311735127,1022.7152366100684,5973.077981156874,5860.904149672377,6172.667221074522,5804.251302737548,5464.48837467643,4397.307051804089,6449.718570114461,5961.930648922499,6333.524217676544,6212.381016207314,6577.04069439074,6565.754734698305,3560.778062213287,3576.3403477258953,2206.4624956693306,4502.991667327996,4748.573579009613,6201.396517070376,63.6809027043597,4471.158675592024,6332.1264596587525,3147.743133576539,4685.507018122109,2790.256753545589,2508.1002455683515,6095.110668196423,5722.1170817747325,6214.271071751947,6086.650788422487,6063.123036833768,5502.661781761712,5979.472826854528,2568.988910697421,5349.990110722569,5569.789493182612,5807.489521401483,4760.906680054697,3632.1441451462324,6230.2417138921755,1284.6145201084,5638.952559695146,5184.2123810969515,5611.840936481894,6148.6542926395705,5629.187431502121,6075.799090009551,4624.708178866677,5819.1472781702905,1346.3344269631775,6045.146760767323,5336.389188355334,311.61931717768823,6409.536677431981,5958.919603439444,1094.6618659733597,1112.3377748071002,985.0904140428052,1224.8904662798614,2873.6643270423438,6301.1644759124865,5515.918379973506,5369.442699554345,3463.589005619017,5556.477615071781,7867.046099009159,5945.445914975502,6427.494471021648,5698.921139972583,2952.618506135644,5890.988476667131,3055.810386911365,4458.5846937606875,4504.311369212769,6808.72323044568,1641.3079708857902,4497.906387219222,4715.756229397046,6079.409505368152,5808.670721193144,GA
13295,146.46395142987575,836.1336035732429,1801.1342129395814,3026.8070846896417,1102.298241732433,2698.538603519954,3367.373542867657,3321.092774531803,2456.485972794765,400.4286804293335,796.6964168955899,1313.809717788522,1501.9084631016556,1079.790928447173,1181.0218928925456,848.479974371112,1206.6196414866242,1207.3124203979562,1082.427334438814,1056.6184238287456,911.8272299885408,2428.6722691195105,2944.4954901270744,866.2828403352257,1104.2236528590597,812.4292486151738,796.3632789870775,3354.670561725234,1086.7693645564243,198.26927602048758,840.1630887492846,634.4204723732638,1263.9330138758012,7134.070453468305,1095.13453954432,3284.865803005657,703.0265867094122,3306.4388467820036,604.79927380512,976.4787691117258,3242.8126162471904,2983.72867364787,1366.2626038946694,560.7854052025968,801.0012731475908,780.2039132842325,972.762055766263,482.920468147191,622.59871330013,2630.036585307785,940.0833191355299,7022.246667316684,1359.0363599274824,1024.1835869824242,580.6370228986152,3016.9213487708253,1939.6448508622952,5342.2083138719645,1074.623061999247,1179.0001403756785,2951.382975165764,427.38509759379593,527.4471895348677,1120.7078255359986,780.2331771177825,3082.0023603433333,1436.9937040617615,2821.294871017682,3006.3072943862453,384.25478292434167,3023.6944506375557,854.8843403460593,2390.3005647318405,7051.047743457395,905.8783254771167,1982.0125319412216,7226.008310256094,971.581206318894,186.30169357964525,1335.3729789362205,766.0356500142184,1050.5190241459377,478.5622914516491,597.9538912028902,1141.2416702116855,282.3180114589692,1223.4086836181725,798.7640137107,168.5015326983753,1624.1997496215233,632.1847142793672,997.106650450767,505.62480400965757,2856.925720137041,509.1717210368298,1504.6424908398724,1782.0425442602927,582.4364977564295,1134.5542964756462,1265.0680319788328,924.8441511978258,1235.636513075366,832.4488275735339,3096.9313759825664,486.4806821158261,2497.2023219323028,857.123646211527,1498.7643091571908,372.30342229020033,1598.0063233778988,967.0278622024423,6961.4821846019495,971.0546493809703,134.8221973118958,394.38373593733365,263.0940753210232,3384.9922192892213,5271.059430128209,1085.6583855803074,1390.255989676689,778.6190825632252,488.9259960128709,34.55965237080562,1521.8118325465646,3345.9537924113874,517.8276714828384,680.1359781774763,766.040956683699,4444.434982142516,2311.277528733588,1182.3892809627255,3222.8658242116594,1661.5676750995465,2752.360379952282,2712.6033255144384,1110.5793442077882,3146.159800451925,3102.8650579078285,719.4103971434398,490.6957819012405,2391.46989251988,1087.9595573704705,694.2177308922055,1493.5324250834012,736.1598893365667,780.3007623032837,3415.3790368468044,924.9701877958424,873.8568014991206,720.1624763639252,1093.897155622355,1560.533075861933,1392.4711647730899,763.6635664383681,558.9979201776941,1110.4930998041789,1793.2983278588251,1837.3282199499804,343.1923432865302,1512.9530893922934,828.9025573997068,526.9699135442434,2546.008316821048,1974.0177195742087,1859.6775123240232,596.6303352461057,1113.732879184762,1112.8384999639522,3202.5150826038866,586.7948207651482,2114.5865890131004,859.6825164963448,629.3843556464379,417.88022967027024,4195.349994650973,803.8764874599143,3350.211850887564,523.1502321281424,2776.4467212214795,325.623498907835,836.5586675440576,2033.800563986212,1233.7323168574471,3287.492761265511,1191.8903617277085,713.0692802647079,2583.975020102701,1984.99982248698,288.96826975247836,896.4810104669997,2492.6352567216063,12488.992551416399,5981.386142210492,585.2986315129785,602.4917869914201,834.0761618554466,702.5056761388735,805.511621542811,1999.4159261954364,1212.9641977302206,1102.6236779073793,1464.308082965045,2053.566851864444,1237.2374843035961,4456.903995958456,983.8547562427948,2544.436775290409,1516.7284827472665,1176.716963642933,772.9258027551064,1493.9754136447978,1080.5223151535884,764.4801939492003,1888.0655614744958,774.0079838311739,2589.782839257241,1767.4214787399624,754.1757827616507,892.486964517828,645.3927903954664,1520.1049311452607,670.4673531656478,3057.0954107962984,2026.8589432923263,472.47083846650366,1153.8671885483184,3218.7346638208965,1137.582915767775,930.8685156021884,5407.637258945956,2667.3795629523465,2625.974442529524,827.4648882109758,2037.97312237492,1564.3397414272358,619.6630461792072,1355.4969661079535,2399.749828446661,7068.626168197493,5483.548810896203,5947.403246080689,5399.862317223155,6105.401925494201,1132.2935067450956,687.0173461282711,2127.1066903548167,1434.9031873954095,3216.7039097233555,1121.5613621024233,3447.287829982859,2396.5449988064065,2966.1527204394283,961.888981062222,3211.4062823780932,1333.4420467733855,5718.562449586922,902.2568046593914,1776.2496286113985,1162.0763285727726,2948.593526150034,4307.981612934904,1463.221090323735,379.945713639699,1481.0566586011819,726.5881585304999,3035.959090284671,4265.215653117101,249.1180277697176,972.0661997533513,1198.6017643707974,2662.3462018030177,2519.0477914583303,5719.239946479464,7040.6985437951635,515.301060853881,478.87431738591715,334.7260661905644,1284.2681981401108,1555.3837301551694,5420.28167512331,3295.270258169899,7075.577546117486,526.820991366225,869.7235048364093,370.5773038625194,2292.379114949685,1305.9779501217351,1212.3613931379898,812.1199822883217,972.8134817755547,5092.296105749282,1160.2896340614775,1970.435330329529,5821.260511122697,678.3940122410061,1668.5997450592347,4756.538677721061,416.42522291611084,1630.5985612212023,2691.3388751951748,1205.5750839171467,6417.646666379008,1627.8589939002206,975.816209529306,10500.339761296329,2029.4431235273046,1078.1314134626878,2602.0786883149035,1424.2064293832618,909.5316773375816,1261.5196970789546,1300.7029685572693,868.938422936517,1407.729961117836,1670.0983942922242,1387.7521247931195,1519.2975608966092,3010.770937007366,1282.316304217297,3192.255683568397,1984.1215597556768,2204.051729159815,1064.9371860152078,1030.104549642974,1323.2831032067625,1243.002230191038,1411.7603989757142,1494.2709123199954,405.3614416821337,1254.9280899696334,373.3040791751096,1756.7854280281158,2748.3343247726198,2437.857256167427,1230.9879974866199,2197.689180307383,1389.9712376233679,3377.8301598255525,941.0030314289443,1922.3881605176373,1397.6292143586404,1777.4311879670279,5889.964693821795,1676.1912967307471,1540.1902191099164,522.5258139807386,2505.718074714249,2690.541932891756,1187.4076608259652,778.2754451331233,1756.688366596591,2621.738863842113,694.026960582694,2152.7226307563933,1521.3784479892392,560.0754017663996,3289.292170485917,5699.509403713666,3462.695901857212,5848.892884773442,1514.9315023893396,1159.5185428616733,1962.502920031013,2216.7070984362645,6038.535364929949,3368.392973109296,472.2915585446029,4510.220912190358,1491.0763115658606,2471.2532163046385,1543.5584460550683,5141.099451903022,1864.976133805724,5187.005365136882,2128.490797922964,913.9598814399386,2217.0385614396314,648.4270745887467,473.12530250575406,6143.125685882393,844.5044966972217,1164.4110214642653,2455.204713422807,4521.503063525386,1160.897297782178,1469.207920766405,6167.1132486379065,697.9517897140943,2111.4285714242133,1803.5718542339905,3161.318099774754,1868.1235398826514,2564.756993430253,5432.75536813531,4516.108969755845,1730.8783979700193,4484.907577293524,6195.885116799928,2795.2429483789892,3068.9534731961066,6160.377552012512,2122.506990595773,210.5988507668151,499.8034069265549,724.6729941690097,341.91457787803057,6159.632938527066,1780.4412704587764,5966.4623914407775,995.0288784246986,1443.4279700023071,1848.1058531174506,909.7395942046036,541.1067674144126,1372.2606891062956,730.3146852869377,873.3222651074428,1699.4103363061497,1431.6604735606134,1723.7870883077933,1774.5047755900114,5473.9330770126235,6363.353744756177,1431.4051033206695,5852.814008486648,6001.554486752155,1734.0412167713448,5958.545850586746,1625.2767024932668,6003.8861706470725,6420.555168629103,6023.712455327457,5834.539063876416,321.6715682129208,5953.566532975003,713.422139802824,6108.993682719418,505.53206877710915,1374.5489415001994,1441.0993653665118,5891.68760935573,842.4486002013091,5612.396018529566,5989.26972760428,2309.267307687502,872.2787399070024,7002.284501812542,2258.382344405471,5960.049356967849,977.1105827853193,6057.615986426079,6100.62669544788,2237.648629771952,1355.417195767562,5753.5853003132825,6006.791595724853,5244.864239850203,6139.62156360246,712.1454682776496,5439.95422398709,4371.471127872561,879.4275237141921,5710.293194778376,5957.87255814268,5897.801258516937,6108.181976086156,6129.641402256068,7054.371159904462,2528.276432283141,5629.972304877256,5445.324444442338,5489.8882291143655,5958.509133663218,616.6260457786072,5736.308684718145,5698.777144839874,5927.992048509967,7130.064532070327,5946.979280728915,6536.646149856703,2130.7619852141347,5221.737140472311,5939.795227147123,1586.0777341643866,6990.184670771604,4422.406401457575,5787.175360156387,1477.2140285681073,5465.265081838687,4254.432651249998,2378.3802619076555,878.560238766804,5752.597131906831,5637.142538651675,5946.263815127275,5578.6413725118555,5238.1604266607565,4181.403784141743,6227.65798416859,5736.897300698,6109.816238196805,5990.36022992939,6362.345114981467,6351.082859274506,3361.238572415801,3375.397003198686,2050.545262178568,4286.836497583547,4529.04811062525,5979.3764607996145,273.98109315436227,4254.859961727767,6116.721456173351,3020.624302867225,4466.055561087914,2657.1273418114924,2361.939542589828,5871.503456508898,5503.760410749673,5993.877055526355,5862.862952138579,5839.499215394115,5276.803416637099,5759.093904647931,2430.6541912445755,5123.939907497513,5344.104679166383,5590.392572608089,4541.063390883283,3457.177866083798,6009.935320339417,1276.3835781451241,5412.866493346598,4958.7941940239925,5386.407989365058,5928.427346083517,5404.030940037175,5858.315068503105,4404.624377989442,5601.157891748035,1120.028473615676,5825.307428984279,5113.040986831213,271.2774769684958,6194.310651873605,5739.331967782147,1087.8606830820327,1092.6540167510284,830.8086103228503,1033.1657314430597,2677.575556590515,6074.8052457133745,5293.8636244056,5143.818089222246,3311.289940137578,5334.195691905957,7648.256182761185,5722.7037094670995,6201.945784904601,5474.466043921335,2829.764511505169,5670.718623073284,2937.8563971803987,4242.147395190552,4288.509981856068,6594.958712823042,1535.408844584506,4280.7379348804325,4495.455963652202,5862.832254287103,5591.254332271567,GA
13297,66.42937848452128,981.3589154023953,1976.9930998350385,3186.264609809223,1239.0972359627365,2863.2599292727605,3546.5773050243347,3490.736166607326,2610.902568151647,300.4969533424723,638.4490793688935,1477.2117990288227,1463.6585256444541,1173.8549461875032,1141.859516117613,937.7962994248056,1163.969062008502,1167.1883178108033,924.2317200266423,1013.72701255697,870.2064427829836,2604.366544072593,3099.4606854048247,822.4765159970289,948.1532152669521,957.0678885326176,655.8989806473611,3533.597684377901,1222.6623778083947,373.9096057164292,802.7229637146747,811.3232356803802,1372.4289218661245,7294.271890531305,1184.2863160216662,3453.9269346661986,746.3327385806455,3476.2615518764146,507.7080927914225,1155.619265761647,3414.403888967714,3142.1168876358693,1471.0667157673404,698.0682749319228,863.832235797795,807.5767968992543,827.9540165109532,591.3853240031348,694.8740751937347,2451.061542585029,1081.2803859262292,7180.79914005202,1325.7087086710612,863.2035310568514,413.3204269565682,3177.125993721621,2098.636723195892,5512.51219210412,1107.0570553785876,1357.4559907495354,3110.82232866638,589.595226362712,356.72242609805625,1281.0340555291575,711.7020092513412,3254.9298605366344,1393.7038046369773,2999.550543781496,3165.269738615094,520.3887438318261,3202.7576406900907,765.3236450477063,2538.269945528466,7207.629877158528,1023.4533707263647,2123.697685941132,7388.039867779165,1138.6002783216768,280.5645422278073,1319.1638379090534,605.1147960065883,1225.9565678671647,299.360578116962,444.3129469304728,1163.6583239622419,185.95097150528252,1230.2835700996745,660.8558724633492,226.505004349718,1595.7995094410458,787.3508565669214,1148.440313736932,491.1873957716955,3015.1444620846714,430.96732512565546,1475.0067398407682,1955.4026288305176,681.7095918987711,1308.0054747291786,1220.046357041603,781.3681447358804,1198.2292939275396,1001.5662002932582,3264.3369573173104,451.5318686401343,2676.3532281526323,719.2287990704881,1495.6269835916805,479.4367733822264,1734.8528511638333,943.297761845619,7117.249837710991,1140.0819772735688,295.474355230953,241.813899011243,213.36650109006843,3563.178506377224,5435.908019603023,1031.293490949164,1565.5817842235244,954.4091594348213,427.64985577513715,193.87154240095848,1670.8054035705054,3522.715493928967,613.4372749108852,539.8148299773072,818.2496606455342,4616.918378131985,2490.185824351784,1043.7157860845807,3401.2287036974376,1828.5720612827527,2931.4118904068573,2533.4404740945465,1070.3758105547047,3307.6166516910826,3282.045043596043,786.0167467536286,381.1172566174839,2570.315947414886,1058.409601832067,810.3449167998183,1652.5308041809371,571.2182630727083,909.8700786026512,3594.361129841356,1020.9463127644324,1039.6405726387497,678.2551091659706,1235.3354347776578,1630.8376881970025,1473.7939849127633,928.9307771175697,520.0515274839154,1248.3554106071858,1768.6895435367694,2016.1696207039136,170.0720091066701,1579.9100770914945,951.353915545352,546.0144904639222,2367.458997053968,2147.7601242974647,2033.3505717154546,627.4019548121105,1096.1940321698482,1228.7112377754072,3366.404148626904,464.9303650883464,2287.683414563255,696.8210242355292,475.67421014493766,583.7943404204924,4370.805024183214,873.9634709075365,3521.5785719326836,545.5545554538038,2597.356037717603,322.5788388127688,753.6323626254183,2201.3393924225893,1204.8809948125383,3454.890906577989,1356.1409951002404,874.3094504296073,2762.4297711812237,2159.684692472258,297.9344774579005,1002.9307016108013,2671.285373303825,12668.194307504265,6151.804351124478,761.5408822010672,674.2948246398639,953.013101634702,573.8880822965585,816.9305915133477,2170.680275870005,1392.1032574204721,1106.7788675586985,1617.2887127830395,2225.2399015205333,1355.9676552735175,4631.048877410255,1084.4602678940707,2711.661176567199,1461.3146195320558,1323.9391022499512,867.6706225226496,1494.6809595070918,1116.876342725045,943.5306861049556,2049.584323457921,869.9466827784345,2768.764895063385,1932.4250509486599,629.8608671954253,1046.2838662532122,804.1347224540688,1582.471053754753,785.8865635595491,3221.007299389249,2203.0780305714925,520.5296608458734,1157.431219927882,3388.7722952104027,1296.7237271532085,973.901945608246,5578.716806713746,2845.7820108023548,2447.3664872955073,988.5984422922993,2216.958342605501,1654.2646790209878,568.2369667734736,1492.096680640202,2574.5205238869958,7228.018521565036,5657.7023515349965,6109.110287619679,5554.89267394838,6270.585021687174,1239.6412052198873,856.4596121207436,2301.072747644018,1400.4491832698761,3395.89371007326,1299.7613993666332,3622.457213825505,2557.366925089003,3145.349034731749,895.4677412637643,3390.592096427128,1512.641232539791,5872.1468078109965,982.9614711329554,1924.9779784598688,1284.9729000835887,3127.801825918353,4482.069937657552,1592.0753526885055,317.6564391938253,1429.7910238105326,615.5359300334268,3215.133898356264,4439.572666562728,180.25417589438487,1098.5035700046878,1352.5219857906038,2839.8550549670613,2697.198126101162,5892.315886489011,7199.519422125904,372.19946451575476,336.59911398261954,451.4940807453803,1461.4869936342398,1523.881915430192,5592.460192644606,3469.797850142058,7234.351796792499,352.02490651929764,1043.782838852744,253.72873904043186,2471.585279476836,1265.6476559748264,1361.484654784666,950.2815677542147,1135.344024215232,5263.282850128205,1156.0139182341125,2142.390763378422,5993.8491100552865,688.2545612311324,1845.9311849494227,4928.272361351013,494.8193624187367,1791.1173806095846,2512.307122756348,1313.7882693317306,6593.789531735136,1801.4011019583884,1060.306447562401,10615.074304121285,2208.542174349455,1244.0585879584946,2781.254995920199,1596.5558030290217,1034.2000518812697,1404.741682007074,1315.3785871078744,848.2498065423462,1540.9517256369888,1813.6636534668087,1403.8496363340107,1469.6229611838785,3179.9673895375245,1387.6680212140618,3355.21428335766,2159.697682298759,2381.4519837837165,1233.810212045882,1023.1827008676833,1499.3151637019685,1399.520989749969,1575.692263657765,1655.713831615219,584.1231731989548,1388.9798220022446,537.9156235846199,1927.291090321854,2923.5909290898303,2614.1613082161953,1357.9431174130161,2376.5086553284423,1344.2906318700893,3556.807453612213,1065.8014642310713,2100.2378114402327,1348.5195163423864,1956.2779541022896,6056.400677392688,1828.655155594854,1694.05114596185,584.6067568674517,2674.7317838958693,2511.4326625682857,1364.318167710077,953.1203881995931,1928.6297436482919,2442.787319598489,661.0291268832818,2331.8335205053345,1700.307630041191,543.5289079167825,3459.614304567383,5864.8227843821705,3640.342593760393,6018.500738463199,1687.8132798716028,1255.9428817550995,1950.3794173966387,2388.6864420163824,6207.257966631762,3547.5925863957264,649.2709437005751,4682.791751569898,1473.9967518456494,2630.5586149131627,1498.1094639721814,5311.293895199769,2032.9843881468946,5348.523167958761,2303.6937291950885,751.3351938359656,2392.617296854166,813.0125775528119,652.3011693608321,6318.763130745147,1015.8486896877272,1334.0540380401815,2634.3766667393397,4692.989555029022,1334.5542312000034,1422.9195701840722,6336.2532774757055,876.5800397644435,2279.403722057086,1773.5592228309217,3329.9942914727867,2036.8923213469889,2386.3339787802106,5605.159911767526,4687.268644111462,1700.5599091919503,4657.8397267785085,6364.984033715096,2949.552197211191,3248.040968324832,6330.7574889164425,2270.567580648731,372.0687586928361,670.9118925318527,734.7488072809572,515.0710812149806,6328.401367095398,1959.649589335253,6133.329389361416,965.4516067405644,1429.5939501747935,2025.9973638528575,925.8421059290108,672.2550200165972,1516.5038466705219,900.7341804031078,1050.5406183283646,1674.9769546960247,1600.3350910168667,1902.8520614102586,1916.939820021815,5638.4826159768345,6529.091642124614,1434.9960640580152,6014.455843289015,6172.606044865188,1896.3718378348453,6119.096196075382,1779.9043746439174,6179.638041578292,6585.997077661282,6183.873676033812,5996.820662404697,467.36102578166617,6118.854609246112,865.0565593430953,6267.936872205334,503.4247806343074,1553.576225411088,1454.4733210556024,6061.301560075243,846.0372888214156,5784.386779771098,6154.602266112271,2485.3141506933207,868.5546491907833,7158.959929098024,2415.186711080877,6130.485693237119,997.1497952085252,6226.260713650882,6268.411076859929,2413.229732478826,1527.5816921504056,5918.888864113465,6171.889484028686,5405.748526447181,6303.492340589815,843.9459162233098,5612.464153372674,4545.5114244751285,816.4313933956591,5872.123291761314,6128.17055188685,6062.668791503275,6270.669324493612,6299.6237393158535,7213.756562636537,2705.38145195684,5795.3061367732835,5617.829358087712,5649.280903011004,6125.4242644384885,651.3105060739783,5891.559747265258,5860.564178535255,6098.114088847055,7306.059677445202,6117.299179924978,6709.781723109014,2307.2085061952052,5376.108056549818,6109.041591215134,1698.6581500638192,7148.282370107392,4595.927390512737,5953.076453395733,1655.2449914005097,5626.845145700647,4429.6602458011685,2553.662614607265,910.4011834618359,5924.818651128522,5805.0846798227585,6102.92827566797,5741.852020206861,5396.860848288352,4357.060881016415,6398.094341992314,5901.984147881612,6277.800744998646,6160.869979244972,6538.41837423279,6527.167808358312,3540.4396066408044,3554.560125608428,2220.6299290872053,4462.347530727951,4702.264052547766,6149.88823710644,121.56262948586155,4430.296566917124,6292.466593733959,3179.989609041512,4639.341104424514,2818.868389697519,2528.707318376849,6039.693288178921,5677.774090994072,6166.1590377788525,6030.730335983058,6007.663614615434,5438.977655856978,5931.412483209276,2594.4007719229458,5285.088804892267,5507.047405216632,5765.235051315627,4714.006947939663,3633.29040250854,6182.298932370958,1365.9663454425545,5573.739654080742,5122.801658564585,5550.298410803512,6100.872868680965,5568.806554462151,6032.892303079746,4577.3733883346995,5775.420560208355,1281.400993115257,5998.11321050971,5281.763470764533,365.10742695121104,6370.1400347416775,5912.363131781357,1175.705565984736,1189.015351551657,873.7794128707122,1211.6016785048496,2856.7208882547925,6232.875364870767,5464.407744989897,5307.035689781134,3480.7022449385436,5504.444691962917,7821.785956788108,5892.277938731812,6365.309996494358,5641.033034364167,2987.142786546368,5843.148716275463,3093.066746886549,4417.508795806258,4464.207801964048,6771.429963823678,1529.255212830861,4455.667801797598,4667.99396546281,6037.962601071451,5765.896860286491,GA
13299,343.78093816820257,1309.0792254182809,2232.5484028546284,3373.0817468350056,1392.7095206636036,3068.846127987206,3832.1065414638033,3711.8293442852623,2786.1226222890273,482.7490658911034,310.6499282385458,1802.310431785002,1614.7659209141996,1242.5748496271415,1303.3315431963906,1243.8683311307734,1318.9868812180596,1326.033124279379,596.4147193658353,1175.9186675514054,1043.4438486342458,2856.0972066745153,3273.1131598130078,996.0630982959593,620.3978388680492,1284.7602319300345,342.14068192800653,3809.0191018282094,1374.8685147471137,688.1012677856264,987.1097550931802,1120.666750514874,1461.0370336458545,7473.393582442292,1242.9072651370006,3672.843040188382,759.7170514337814,3698.1167862037187,633.6629328425847,1442.9834010567886,3643.7797134112693,3325.8338094772917,1548.6010216262314,1025.3413940999717,1152.9301107330575,1068.0454649538958,506.19115094857216,912.4442014292717,995.6639551725535,2166.6333000749555,1408.4857387506702,7354.595803943986,1488.9333744153296,535.8390745727191,93.52422023403268,3366.3404398710545,2291.649069778521,5832.226485257544,1361.6971373379242,1658.113239665299,3297.9574522175103,831.9908558276909,304.3701781436208,1490.3426391172693,856.8582103214343,3490.7069488686548,1538.8639872621939,3267.794920273549,3350.6459197679665,847.9995192006018,3493.5053302077404,866.2970539504316,2696.23269207885,7375.003205373135,1343.7035439832048,2269.829921671628,7573.3112179428235,1370.2826399442947,493.62155590699683,1507.8421923190187,277.4813508000645,1537.949356229354,166.35010883883487,439.35871307247686,1405.8659778268116,427.93803207207657,1452.2325630483585,350.3350598691156,548.88024483559,1758.8320258044225,1001.9596692448252,1476.2314157947358,459.7712588047041,3199.012487388448,606.7101196860781,1639.2848952767965,2199.1328899133314,997.5342989964416,1558.5504431820084,1368.8501039221221,461.35445795455126,1359.9682729967208,1242.9938223946303,3477.646053678711,397.189225685226,2965.658212929161,406.6703649153464,1697.6040923734806,802.1308329401352,1875.4509859436114,1137.3537861573975,7282.178527558928,1461.2500807349402,569.4678987628931,343.54754100600985,487.5602210171203,3829.697764944145,5760.565105084149,1174.1457339773765,1877.407425789966,1220.5297778927172,331.63759192458537,513.2832243438934,1842.3309874851627,3778.325912687036,737.5532035753359,554.0893944480948,1100.3470562634345,4933.503406263826,2784.244641645837,725.1041720780298,3669.752961053429,2151.527108924261,3222.693367805822,2254.0101576489483,1233.6769895327334,3500.247821516589,3564.019874689065,835.5053318855701,198.2441357602986,2846.2516754235,1238.2143033759985,1131.5552008932375,1851.1388461865224,245.92050035639875,1234.9188648896245,3886.152292963949,1329.991351138595,1363.208903153112,867.6885380484292,1562.43061815038,1634.4787611225292,1504.2270069715269,1252.7303428921655,732.9987211672243,1574.7276097742294,1933.7592695557776,2311.8441626397907,261.42694635606165,1578.7314815637626,1088.893258175907,556.9656525964083,2077.2064621532654,2391.9402545064645,2348.298341985102,639.4043259526435,1291.1888696675426,1547.0514163962757,3566.872364322136,548.5170082931197,2528.1789123148583,370.077123095094,151.99709633288668,906.7442853158708,4681.040663260298,919.8498418032002,3749.676626647554,818.0194801156015,2315.240211953701,603.159022393685,868.624780353189,2420.7726111268607,1379.295920220165,3667.4802517081225,1680.7563096043054,1199.9457853446206,3060.5320966841637,2408.2186579500963,400.7462083841503,1318.0580449917375,2944.439450636134,12949.737939915207,6471.359414905655,1072.7879339211893,975.4635128544713,1274.258825730028,614.6002548984436,1060.7394210161667,2489.3356511414845,1685.1125277693975,1329.4423358756235,1945.0577056916586,2460.078201182405,1466.4288319400607,4944.457328012068,1395.5844639665484,2926.7819807874703,1583.857418409095,1651.6757360585882,1178.0584907598395,1701.8327759139536,1375.28987492224,1240.829034986094,2250.681145396864,963.4679333406418,3061.413973787797,2256.7628807234328,671.5237401682327,1373.8426965222916,1130.498430316978,1572.4065908232735,922.9909701056073,3422.1569536407815,2459.43290478967,813.7816312137119,1377.5961267243426,3611.7712914224544,1623.3692271375571,1242.904532037295,5897.4007104445145,3115.815121735102,2157.5965198583494,1208.3207775395426,2496.024954589987,1695.875621453653,757.822764332221,1637.5873225113903,2821.5131769596533,7404.5233149981905,5970.973586207613,6435.386744537356,5882.6561503697985,6595.04597368891,1331.3884150875947,1177.1985734280415,2615.358613005747,1559.4790963032262,3678.253694102829,1574.8998278929148,3868.393858461031,2752.091925103339,3432.004828898357,1027.0425831884936,3677.593235035693,1800.1398910475702,6199.976285729809,1038.6577539715215,2091.758388869157,1406.8446760980632,3412.540786639897,4795.620923751949,1717.4627801946567,289.5916931447664,1560.4897987897562,691.7762747571471,3496.9566356284777,4752.538019023931,288.3748000236208,1235.8270931501065,1543.2624953451475,3102.2625865923833,2965.191803681416,6207.759003714284,7374.171905402998,430.4336340748542,86.86898830482961,638.3740987565485,1767.9121977014102,1683.9398285119366,5909.486160379808,3712.7080326248492,7408.798607473461,93.7938342593352,1301.0579755930619,176.87108920211816,2756.846236787211,1420.1209226804806,1540.0089083569724,1119.6218744830105,1460.6835686500503,5582.106068333336,1366.3034628399519,2378.912795673235,6310.1632827758895,938.3393018577847,2151.279335153802,5246.032419790573,615.5575768284451,2117.504783482333,2228.918412097264,1627.5957181289536,6901.550849070594,2116.687629017729,1117.4838976678463,10664.337845472091,2500.011202143964,1470.146463810797,3069.482364197536,1839.2124508681034,1171.2312455542908,1732.0012792133325,1544.5152783907665,1052.1590524691717,1865.605776067504,1969.0614177992225,1632.6088615368485,1601.754454970458,3400.369291048006,1699.3450221212174,3552.5894438196883,2470.4115542971954,2644.504877319984,1555.1298588405914,1235.3881059610267,1759.2940595534385,1726.8174273250797,1900.5534937365876,1981.7289295247786,887.7088960858072,1714.1325068089368,861.4303835672046,2246.9170782992232,3171.8514535075233,2869.335879110102,1680.6943898154611,2652.5785304395645,1487.233854217972,3833.0745455454353,1388.7018577241574,2367.720254056868,1485.6345091967926,2234.1013705968016,6379.963099464645,2156.4654088013376,2021.7657119037742,658.8594226098862,2896.631290566197,2230.073189115828,1630.3430285355246,1266.8038773543221,2166.627968702884,2157.9323627584267,864.2247155849574,2622.7958992955178,1980.4000879636483,779.2613218138163,3683.541130958257,6189.18910912369,3902.086475858183,6339.0463659902425,2004.2549629563825,1562.891414570215,2130.9879905141283,2623.83861169314,6528.770385891975,3833.5300661744814,959.2049603395848,4999.223905691969,1657.0056056471115,2820.097454050957,1636.4667397395988,5631.149137464397,2355.138871918279,5674.852177827864,2615.267569801161,424.5273546869277,2644.57131430454,1137.0737278932475,950.332281469773,6628.155767039871,1334.6492200225234,1654.6504114918166,2917.0343788454293,5011.129307220421,1649.9226937943822,1562.1987869018694,6657.321661955105,1160.154781918017,2499.823804949637,1930.129131884976,3547.8422139492686,2261.985848360145,2094.7318985345128,5921.811136711231,5005.874853957339,1858.1912774257446,4973.642677198625,6686.097010872216,3122.162074185079,3527.0509365031676,6650.358043129832,2431.356910342495,634.9847452745582,929.4816156359892,981.960130652238,786.9937083212371,6649.865937267536,2246.724388983036,6456.550376280322,1150.1043654683149,1618.4214241579798,2294.130340311745,1169.4375595467968,849.0925467815634,1843.8577676716066,1148.9656306875222,1358.0065528134544,1842.2683074282966,1829.4915667694333,2184.466259109583,2067.870054237946,5963.32874731306,6853.178270097642,1647.3250923134092,6340.7558334792175,6491.310357216285,2222.0846482729185,6445.797606618988,1964.4646416794187,6488.705698829132,6910.290458476568,6510.7020263056265,6322.852377336933,693.4860744279542,6443.243020993396,1067.6952888837359,6595.105744714679,758.4271707990407,1835.9964057080933,1678.7806439578878,6381.83964237737,1079.6456348071463,6101.704903725599,6478.96165267732,2794.509629022608,1092.4133865959739,7326.707052887996,2598.86767639427,6450.017862974248,1242.1628744692039,6547.8532113898855,6590.838258887668,2723.776910790841,1770.2777447386206,6243.262874444923,6496.404211250734,5732.314806089264,6628.746533784519,1007.1621175603847,5928.936275803084,4859.156923002764,960.3677878914067,6198.343217862824,6447.879508668498,6387.328756921111,6596.616490998843,6619.721480934693,7390.259185152241,3010.797167092851,6119.657313638624,5934.309723814113,5976.318202020462,6448.60572684823,926.5492563376148,6219.310302969553,6186.801377022611,6418.043757754976,7614.21255550182,6436.980581981713,7025.059699217357,2615.2845039031395,5703.909575767852,6429.994783853897,1785.8793450591547,7320.639165679991,4910.6309196317125,6277.036542543465,1926.419737765832,5953.158458065022,4740.500887893451,2803.3719113754005,1170.8558866373362,6241.756878089663,6127.363426866507,6430.528301178969,6067.439621044223,5724.066132948175,4666.726845269036,6717.62089812675,6226.500356887836,6600.041831020472,6480.306362732326,6846.418630944571,6835.131183525858,3826.2583684065144,3842.3713804975537,2449.239727829005,4772.4078382894095,5017.542134776591,6469.322224700026,216.26996311726688,4740.571018486736,6601.539040404846,3366.548779351945,4954.494236622977,3014.857821381352,2743.234978874831,6361.737868273463,5991.349803579558,6482.985120562385,6353.079717097111,6329.732606317462,5765.039736057167,6248.189626135548,2798.252725899193,5611.555728535072,5832.760189634987,6076.8686120180855,5029.7843845315365,3884.592444461719,6498.987596026667,1416.8452761354085,5900.315082705672,5447.9481537818465,5875.522560231781,6417.4271153474765,5893.512540770838,6345.147368290408,4893.507394629246,6088.4354398236055,1607.2983827799335,6314.043810781824,5603.278089308647,544.8876038567739,6678.942983260978,6227.888193809647,1232.267749759952,1261.4210010787426,1146.0151094594025,1489.5058714300715,3137.982626628971,6560.238986533101,5783.816090767085,5632.606884075676,3700.910448731108,5824.227975043689,8136.2196277688245,6212.8637682182825,6690.83567780559,5964.487252512407,3168.6130861547213,6159.743237321648,3267.4763745027535,4727.992265121103,4773.7318378035525,7078.018239154391,1726.3349835660038,4767.270539527511,4984.482999153468,6348.817981842545,6078.023617717231,GA
13301,163.07547280594764,1055.7765985832748,2081.6332256143005,3288.7639141204872,1335.9900541408078,2967.018868752349,3648.121222692532,3595.29670721416,2712.1246964647557,255.57737812488963,570.1979529333381,1562.214099627128,1425.6432811044683,1255.5072587530624,1105.9610995696858,979.5033728067006,1125.811967399084,1130.468613853532,852.8689148130286,977.1636560473517,836.6358207590931,2709.0449280649755,3200.7375234590418,788.5210399913908,878.7641647507628,1031.2915370241867,605.4920248048937,3636.542111116643,1319.3038995550878,472.48347123739137,773.0066228128343,909.1789071876307,1458.956368450403,7396.722826435955,1263.8924394799408,3558.4110700123297,810.8918125022158,3580.8447122235925,449.4169168501087,1258.0889323961762,3519.1634917253705,3244.340689768272,1555.8396300256054,770.6517312530927,891.5043983853876,815.9990983940712,770.5984214745288,650.6367375482472,731.6412727228783,2351.109166397406,1152.5108226131185,7282.7909830401895,1291.5111938462512,789.3836978961508,338.662357239138,3279.8175696132625,2201.2139638678595,5601.528138196139,1113.4288212759461,1456.9312759668308,3213.3263737988427,693.7675403324873,253.1452724972271,1384.2319650465936,665.2084788625531,3359.7574653431093,1353.2642116191685,3103.2873153490136,3267.642525840421,595.8389768766752,3303.4369233802117,704.7849612846913,2637.562356263229,7309.039568148037,1080.7100192138143,2221.147339447605,7490.974433233722,1243.0086868283802,377.2130178851763,1294.9424936141818,534.3662934689064,1321.6508030347702,199.8075071938324,349.59569785013696,1163.5098329838818,169.75868151857128,1220.3398406980634,612.7368310396478,291.45451133368493,1562.6420468171725,890.016708965544,1225.8672457260284,536.0459194555224,3117.3411956083355,389.7225183816385,1441.8653302765204,2060.2365214718084,733.677212203553,1412.8340304498838,1179.980238801612,725.8859224367294,1162.7837185472367,1106.2349787190983,3368.572353574804,487.47138247608376,2777.4696890679525,669.929949368066,1477.674585932643,541.8925283578099,1831.011402362924,919.0775946500504,7218.415683011645,1230.192867020937,400.21033498744856,156.21172967847954,224.48414384371878,3666.970227702639,5519.914303010319,987.7646416407742,1660.851350398788,1059.006421806765,449.3061004223017,292.85796724364536,1770.8661135610375,3627.174259665969,700.7645625886381,451.9098310617337,840.7378546221263,4708.24185158373,2590.415615075129,989.6355980777147,3504.87795999002,1915.9371061271668,3032.063039609711,2432.5766343097725,1034.6743063917365,3410.6048829983424,3384.194826601166,859.9007611086438,370.9072891764592,2673.409767082541,1029.1025408006046,869.2802397357491,1755.256561423529,496.14717500372717,975.37467862704,3694.7333333519123,1065.4836643160438,1127.538850996907,649.058746390802,1305.8775487970931,1700.2677765132214,1548.7449070046523,1016.8644897315767,499.09689928031855,1316.5344511819924,1736.830647668797,2116.283220468692,67.39094746658914,1647.997019599827,1044.5364283335107,604.8745285243133,2268.745895324583,2252.589540110446,2126.598267315197,689.0211235122498,1073.4561836310497,1283.2966939164812,3469.9490320297004,391.33031851320413,2392.516622726393,622.5025511799146,416.52850172575995,674.3145951015962,4465.448331996687,948.1648630436173,3626.319583395155,559.9192681639007,2496.908983682842,340.77647563506656,697.3634947531868,2305.659686105517,1174.346905533115,3559.1171780463674,1442.0390108589706,959.7213311611803,2861.587164435805,2264.469739057709,367.78848622256396,1053.8135564216723,2774.6449456828764,12769.58470373823,6240.85537422868,858.8114879228276,711.3691727429643,1011.7831650544988,492.7646988769751,815.8525769953317,2261.508248484111,1493.3078633354605,1096.6127157952258,1694.3493197407888,2330.021873660496,1446.401257545251,4724.1489338721085,1131.054413060534,2815.8947933407812,1413.5227016676288,1397.9006845357035,913.531065557696,1478.9698371539896,1125.4218343100563,1044.5432652570528,2152.768483864312,954.3672096955927,2869.1892148838842,2018.034274384526,550.3863280863884,1125.830882746728,888.3466196020871,1648.419391714056,877.778396375546,3324.5678134043314,2307.6542666420332,550.4612881109641,1146.3233474541175,3493.3829729734443,1378.9958164430793,988.2813929074116,5668.489276632781,2949.395316299385,2348.4957244928896,1092.1521898137207,2319.803352141138,1732.3274132888348,537.1231432362016,1588.4847486325846,2679.3037056050625,7330.247249863565,5750.7057522388595,6190.290925577559,5630.72721433503,6354.751148026093,1326.1963833300586,947.7405431162101,2394.494025633257,1365.0405013214584,3497.963213921778,1403.5229408475989,3727.212122766916,2660.294386327681,3246.7958003915064,846.6769724486545,3491.92026681783,1614.709630957847,5946.762775607193,1060.4698753674436,2024.7911954942492,1377.1000367397546,3229.5686455930845,4575.12579764089,1685.6590478035228,348.8121189365701,1384.5515063135183,544.7057375427436,3317.3203274670964,4532.933448610487,232.73775751992412,1192.412730740485,1454.1828400671664,2944.0349757401145,2801.012268625116,5984.115175824482,7301.587415202875,286.8130472389116,298.4949153489972,547.7386375325992,1559.0506899980471,1489.3622633105801,5683.346056958098,3574.6034542762422,7336.405129755572,266.2031336868912,1148.5789366425395,252.6555502694584,2573.468322477944,1227.8964373231172,1461.8601567773278,1048.3175341974304,1220.5498449228598,5353.003048655953,1140.337140151324,2247.1899188738234,6085.121066789074,689.7099046257291,1943.4692875713265,5018.785652616957,578.9343463870267,1873.385272521348,2412.129536072308,1363.1362073962055,6689.12185102859,1894.659742296415,1138.7700405675744,10699.779808652764,2309.4417792560207,1348.284647145723,2882.5320888913056,1701.3794948335387,1127.7559815224115,1475.7398130330316,1309.2005408576356,827.5661830643988,1604.8899212007059,1911.953716248903,1397.7771875669337,1425.04346961135,3284.4777900455574,1434.8135066508548,3458.552307662129,2254.9332399319765,2485.6734383228586,1323.5929964456684,1007.6340992919515,1603.9078005832612,1479.634161803568,1660.9278940784354,1738.9000860982276,684.8077404299441,1454.0573114521521,628.1325340090276,2017.5903436947915,3028.3311504603084,2718.726280090697,1418.6476622166226,2479.645504082839,1302.8316928208544,3659.6501300840705,1127.0267891503638,2204.236231871507,1305.0617818727458,2059.378638887068,6141.719864314634,1904.9160920109805,1771.5744891869158,660.4647248544005,2779.2357329305987,2410.899538882825,1468.6867808521986,1048.6269161293887,2033.4320379113285,2342.919926030674,637.8183754516925,2432.773251773037,1803.275946252708,535.1310499261085,3564.255822431461,5949.166270889377,3744.463379994797,6106.778744340175,1780.5137199599994,1298.563734519554,1924.9088875877787,2493.483095569029,6294.668668159166,3649.068275719291,747.5700690504631,4774.196477761851,1448.1059060484922,2733.099883584724,1455.7668416931565,5400.230429495769,2121.0017375839693,5429.69024312794,2398.4519167009953,676.6953005065483,2497.3097709897866,901.0251617606367,754.0064620938838,6413.46794190026,1108.140458966793,1424.2861001306014,2736.597361923487,4783.2884569931675,1428.3493866594297,1380.5659499443595,6424.045020101171,979.9730904929896,2383.783647026723,1738.5927270605393,3434.427245530043,2141.399202156581,2287.914154664679,5696.278876558652,4777.243186993511,1665.7597633843525,4749.625517321285,6452.733190838332,3050.6669665531745,3350.603071352977,6419.751271285123,2369.9980916262757,476.6294246412809,775.7397329570587,734.947136934793,619.8485039114165,6415.840729788798,2061.474307004848,6219.028832883243,937.4278919167405,1405.89155785513,2129.970797349792,925.3313696071467,769.6486164430075,1587.8069116320892,1005.5112849878257,1148.4271137221683,1643.6718806986573,1704.8689152380546,2005.5141453761728,2014.7839495190935,5722.191077788488,6613.716358659846,1421.3849354101694,6095.598016750626,6262.283383734146,1979.894401165812,6199.301286492886,1881.4754891493383,6274.494818419883,6670.349166026678,6263.7420004526,6078.509132560712,569.4843449205185,6203.1364181581885,966.8099219314768,6346.780091286633,505.8523599362913,1656.3490712691955,1446.4317923756646,6149.580280333562,839.7353878166446,5875.058241173659,6238.9182277310865,2580.9988529860284,857.4912599314938,7260.399970323238,2517.119827356053,6219.556929026562,997.7748936912654,6313.59553839451,6354.9357840605235,2508.3831859029533,1632.4010375530368,6003.21511237953,6255.994672267388,5486.37300267142,6386.4995895395505,940.543664523335,5703.69233532726,4638.506081844957,771.0451670687676,5953.450593959603,6217.1061622267525,6146.587024599377,6352.487100886831,6388.231709282552,7315.983861906757,2802.3801091004225,5879.678874874486,5709.051721889332,5728.616977079914,6211.168674715736,668.3111367660221,5967.49029545998,5941.857150512415,6186.881027486025,7401.162402662485,6206.257499525845,6801.5743488078415,2403.436217389732,5451.466951330152,6196.96194148695,1785.9508721741681,7250.1440163595325,4688.348684317948,6037.929770840834,1759.1275815108695,5708.007805871916,4524.025302343869,2658.395877607012,919.335236632176,6015.713838849147,5891.817854588093,6179.946041446418,5824.380995699128,5475.684852412106,4451.950845723342,6487.136522606632,5986.121234570495,6364.510263745606,6250.01016400172,6633.663314895222,6622.428538268545,3641.9366618027175,3655.70905056448,2325.280049686446,4557.048382543898,4794.344441480474,6239.031634536013,120.6131088248034,4524.911090700076,6387.30775624657,3282.465768866757,4731.5040030073,2921.9773572054887,2632.87657399349,6126.624945463985,5770.6188804711865,6257.093287402001,6117.363196387676,6094.575772898413,5520.679697408316,6022.407911457782,2697.984032968389,5365.960397221637,5589.390154114079,5859.019979479062,4805.797185193499,3737.906291165176,6273.3168421526625,1444.8874107883712,5654.319736606259,5206.13595477511,5633.448806154212,6191.984267204961,5652.725206584074,6126.347457142721,4668.978428617137,5868.536857222694,1365.3315449760835,6089.614298660007,5369.300923950542,457.95271823848236,6465.0826220599765,6004.112559039111,1254.8226343954152,1271.508474859691,889.8387942155807,1315.1774233752342,2959.074196827132,6311.0086034324195,5553.664972969701,5389.653044711128,3585.233200269263,5593.408208025743,7913.930081447859,5980.539121459811,6447.867623261096,5726.53310977913,3089.117270841397,5934.269404300227,3194.41550947393,4512.034520290664,4559.136219591082,6867.188684472242,1509.331463844176,4549.680573747357,4759.366701870305,6132.067624104423,5859.448882852589,GA
13303,168.53412352941314,1097.3299109543398,2095.143328756381,3288.623256315621,1327.9202759050627,2970.3432690888812,3670.3081242880853,3602.0557747670973,2709.5294266347523,301.8713750422392,524.7598097352941,1599.1759037715685,1469.5251126767878,1234.1127826355532,1150.6807781828986,1028.6645169226977,1169.9429666065496,1174.9576227860393,808.8291102922889,1021.8916898603363,882.2960178608728,2722.1307374779994,3198.122496434187,834.1899088768976,834.0757766780638,1072.9016176362386,556.1504361303089,3655.944918572071,1310.9545987704078,499.0747262593709,819.6008927404898,936.48051923979,1440.8257773053274,7396.085318558016,1241.1196503280396,3564.704474183489,780.9047547274596,3587.757031007241,489.52403369043617,1278.8250035810229,3527.6411367858927,3243.5991114754393,1536.2575124261878,812.6214353560047,941.9109886906656,866.7125654473358,722.6482584904437,696.2935033792327,781.2004941651467,2326.6621245391602,1195.2565654989426,7281.1603473747355,1336.4541771471506,746.1921003165071,294.8417928552198,3280.125262703891,2201.547037893144,5636.287239153035,1164.0108684023332,1482.301781885423,3213.2109669206548,700.401460235217,257.47095497118687,1386.5869609687345,707.9990889163603,3369.5568267765602,1396.556336802609,3120.615414860579,3267.221811222621,636.4883259750093,3327.0310359071623,742.5830706133033,2631.8398005192144,7306.249370587181,1127.2684855246891,2213.071211662103,7491.494715391611,1249.703762872308,373.45084602954,1341.9924056892382,489.682957940554,1351.0887017793646,176.60293319439347,368.03178432494263,1213.7066187945102,220.491379378164,1269.589154147637,563.0985227941247,334.0865602268829,1607.638736800689,891.8123642087128,1266.3246747345654,499.38621889605986,3116.567329406648,435.35080751747114,1486.9425664197574,2070.9623512964354,781.0106393620523,1424.2053582734195,1223.5464323463273,677.5231185561603,1207.549898006185,1114.6992770841532,3373.639767130645,448.1448728314981,2800.405696752077,620.5094521438158,1525.7014079268745,586.5147532256933,1821.5906638374247,966.475387247438,7215.175196406454,1263.9894456956602,411.4306072962223,189.23448292022755,274.8332013816172,3684.0832986055407,5557.65951168431,1030.6325863797213,1690.6894678737885,1073.2933489628074,406.08268364992205,319.04836780838866,1766.7227175118546,3641.604269326673,685.2476784363446,475.67228112698854,891.3737937114801,4741.372737279564,2614.6961306243993,941.2231407817463,3522.441418778167,1951.5970968561835,3055.709535347397,2409.5168544686826,1079.5305434015318,3411.6195089948724,3405.2891585411207,834.646453013166,321.81956010199343,2692.5259800774093,1075.3931970949168,915.296509964628,1756.1544809487089,453.0165178682872,1019.7864864264988,3718.7715414502472,1114.312174975191,1162.7194313394568,696.0339356019687,1348.9274931961238,1671.0269275857786,1522.7092491656708,1051.9822641838807,547.84479094225,1360.3470503033434,1782.0384082235535,2140.7524681012674,89.32729927991149,1618.1120643469394,1032.9336172425617,573.3629994027044,2242.6301090884394,2263.5986836657985,2158.180813434383,658.2239904078054,1120.9482103194462,1330.518900307211,3472.5024063930955,425.2868207524393,2402.8082786160944,579.3036762027735,368.3250255089823,707.6011527023622,4495.886536017462,922.796468720242,3634.565388687303,610.679142611691,2473.188481452701,391.1876032095243,736.8298170821981,2311.343439093049,1220.2262519435922,3564.116694290813,1478.4774410493735,996.2572577222045,2887.2905047350555,2276.4898816297878,344.86371749219313,1101.624050482077,2793.079765193399,12791.89815276128,6275.599666743224,886.7190592845509,760.8761643474412,1057.954849474123,521.191128510379,866.1347642487808,2294.9291450768105,1516.2246717986454,1145.901607596827,1735.1056939449325,2339.0096435912546,1431.544530030981,4755.902538981785,1179.6136620675145,2821.052738271244,1454.5742044542576,1439.7843110426209,962.074854722795,1527.3391436115314,1176.0834416888886,1067.8616109007353,2154.6193163314097,935.6101189460718,2893.1780155424767,2054.7309492062427,579.435898284829,1165.3335985297576,925.4754766092543,1617.4669674118234,865.4001051481538,3327.1926537161135,2321.557778204533,600.4646742140355,1195.4726391532733,3500.5000631044263,1417.3251034336422,1039.0634611414391,5702.738616144474,2967.1087040064153,2322.57777125992,1095.8391646730536,2339.5363855890755,1707.9940277796152,584.0828108930771,1579.5316161563912,2691.27031863802,7329.118722814941,5782.546442359039,6229.490221255198,5672.267191802496,6392.425892972615,1308.2688018552878,980.6541493682316,2425.9455624930897,1409.630156889153,3519.205719444737,1421.0826871382676,3739.423870751817,2661.315576105142,3269.1649429659733,888.2424597211776,3514.4787108398546,1636.1258303628247,5988.789052948117,1036.7765839259116,2020.1086532650247,1363.8916363845474,3251.3813740118385,4606.913815009818,1673.5511952348402,309.82684763235216,1426.4276305812284,578.6876047702583,3338.3471356805358,4564.471585006739,206.5176872302044,1181.2455355720122,1453.059594740358,2959.821950264813,2818.1253568081956,6016.90344345094,7300.115621767592,315.12366100368763,247.71721048473012,541.4926103583197,1586.638069903146,1534.0788967437588,5716.809653659907,3586.0739157145717,7334.900425556738,228.0417136818029,1160.920508658807,206.7551025000008,2595.1108544888325,1272.0201655978278,1458.4742675755986,1042.1542612558785,1257.310462581567,5387.283949276552,1188.8904962961099,2256.477600477268,6118.3059138008775,740.2134780041489,1971.076355063297,5052.508389145532,561.8355213187442,1911.825322633507,2388.0082111185675,1411.3492281405508,6718.937980546009,1926.2222701469625,1115.499129392154,10678.500257257872,2332.747434210876,1354.0328939879546,2905.2018031383363,1711.422562836207,1116.3491267256334,1518.6997015142572,1358.8242606186027,875.6727815871533,1650.0304136102582,1905.1458171169602,1447.3815626258013,1467.0835011648326,3290.9646894306047,1483.400579849993,3460.4994490626946,2284.8159701378395,2501.3481679958427,1357.628976381251,1056.3037532796816,1617.9005800161149,1519.0135838582846,1697.780603401609,1776.8553001909077,708.7566259451131,1498.8365974139801,661.5763250664237,2051.364961462268,3040.7850782103637,2732.6330214357504,1464.5621553841127,2498.677023260889,1345.8878278223833,3679.285778961069,1172.6812072709927,2220.8106155202227,1347.5445253800399,2078.553298795966,6178.752310826537,1946.0410208637475,1812.1554710650646,637.352873186686,2785.772230582249,2387.317017480427,1483.9688429723733,1078.2190788909763,2042.8408237891604,2318.351316636444,685.862362360324,2456.008449919205,1822.8065936972096,585.1515637952588,3571.5954502896807,5986.737471452857,3760.4160950259,6142.0264929504565,1812.5106939241214,1347.7433367234526,1971.4151179954847,2502.666151643857,6330.4655622863065,3671.372266963179,774.4107142381212,4807.268049914018,1494.7402463123306,2733.178468774368,1498.438970227903,5435.039101705946,2156.2825270203407,5468.879400293044,2428.766309816821,633.7001126080886,2510.309446045967,936.0407532810632,776.3697005147566,6443.859445377141,1140.3666152982935,1458.0384212380118,2757.5931310144756,4817.1592084009635,1459.444154877428,1423.297609680252,6459.606055757555,998.7787048214896,2389.7369379005804,1783.0561248440695,3440.450500546966,2148.1193950997117,2261.4314546625283,5729.572546852862,4811.34010926461,1710.3022115086835,4782.4109123673,6488.321365312304,3047.7893436390923,3370.868540114032,6454.535759907196,2364.576640929145,486.05864301894485,786.8203157342276,785.3564827756993,633.2860223653007,6451.621570872668,2083.2687588414155,6255.845396557629,984.0915115431185,1452.9681251010957,2146.64626909092,975.5943709257742,763.47631929334,1630.6971656690785,1015.1940920935268,1175.6822141228524,1689.0525517434698,1711.932728880085,2025.6880969407143,2007.3234030833842,5760.099588193675,6651.1447447566825,1470.0776745612743,6134.813982404053,6296.60521227644,2017.7144187784893,6238.96427001206,1879.8670422885905,6304.748583130062,6707.9280226950505,6303.562569950417,6117.45830930868,571.3561774074906,6240.74576599466,966.55251060897,6387.066684089046,556.5174950047847,1676.3469471680419,1495.8091018000787,6184.828151518918,889.5934830606558,5908.678683890462,6276.509614319049,2610.468837375579,906.8527390314372,7257.670438320225,2515.951956182435,6254.287508514849,1048.0823671232415,6349.439548127673,6391.2712690244425,2538.344526982869,1642.3481783132313,6040.796697596108,6293.700665860098,5525.822933662017,6424.788537327595,932.8635588744223,5736.905708834744,4670.344313975326,813.8333537746422,5992.5739263360865,6251.926724662717,6184.391673580044,6391.377758594836,6423.269611057414,7314.853016657111,2830.5495086852434,5917.232832572309,5742.269444985705,5768.6688511610555,6247.959207889059,719.0533938998233,6009.000193852196,5980.996913950439,6221.812374480705,7431.19361757192,6241.062893495461,6834.374372309875,2432.383573841583,5493.1910782016475,6232.438808022613,1768.0963457688795,7248.246709260129,4720.643766801818,6075.221939122254,1776.1915228868286,5747.205574967379,4554.7097059819835,2670.977782987401,970.0418088169513,6049.1742337604,5928.02148614108,6221.015543310282,5862.904461486681,5515.9599592215945,4482.167459741174,6521.889649645664,6023.805135164323,6400.7353791757105,6284.695138655396,6663.560993572962,6652.31147492977,3664.2043764415416,3678.5562555979054,2332.9143389628257,4587.435734621464,4826.905462604248,6273.71432964784,85.3590420780962,4555.375275751522,6417.576025031081,3282.273771672456,4764.000646384038,2923.400319843709,2637.7982551555097,6162.712569788623,5802.587847473155,6290.527690772194,6153.6305204826485,6130.674714548043,5559.610160094074,6055.7953969094715,2700.8069049115056,5405.289874889738,5628.002861243996,5890.212761658074,4838.5799234940705,3751.3594717505,6306.69036977111,1421.4058577121607,5693.79465082211,5244.230495289208,5671.648839623806,6225.2885164003965,5690.5201721918265,6157.819133890016,4701.899026964734,5900.286466783644,1402.817553640275,6122.628578310868,5405.004792362848,449.1899310723878,6495.258797527004,6036.938877304866,1231.7490344462035,1250.6679300513965,940.6183936946223,1333.3145404265115,2979.7926076691124,6351.606324752707,5588.262482672461,5428.122034180537,3591.8045188165397,5628.201922672682,7946.4671269950095,6015.795918464586,6486.388544239607,5763.4554389233035,3087.8833609471626,5967.564294638538,3191.935276140849,4542.5774082600265,4589.3185144777035,6896.599527233162,1557.022044743481,4580.670465495077,4792.461814547931,6162.987315788752,5890.838062129941,GA
13305,330.8621887901884,1275.58839207834,2245.0615340564427,3405.7438974177862,1429.468872327374,3096.6585887832507,3834.1296730753797,3735.8959241952502,2820.990536888533,417.3205267747537,351.58954298512015,1777.8487211165798,1541.664485237027,1293.9656822057898,1230.7789455192246,1192.7019767039385,1246.187943795549,1253.3585421504135,632.6445661744557,1103.5618163760907,971.9039575683224,2870.4166235224498,3308.742415889949,924.6750892668922,658.9059076907456,1251.1305113334085,401.722492187801,3815.262116990713,1411.8435237063338,672.6497725922884,916.447650040773,1109.1170094383117,1510.1036111792994,7509.2470901634715,1295.8630882582402,3697.492142197529,815.7393655964859,3721.963920431281,561.4619265467586,1442.5934148112772,3665.457364267172,3359.194144183601,1599.7585524369708,990.6307690073108,1096.5687865829836,1005.8279617186412,557.4824705311655,870.6204890348787,943.627213971772,2161.9709878447584,1372.8058888307796,7391.645827554741,1416.2728297429599,568.9595884574103,119.11352233704784,3398.4267207002413,2321.7916624699224,5813.8603721902955,1297.44895076612,1651.9139290358987,3330.492938391444,843.85494258809,231.4331184188681,1514.7592439479838,784.4769138045042,3510.415119810369,1465.6654972006595,3276.591217165861,3383.6335985588485,815.0293327212198,3493.072300509389,792.8773950318649,2734.7664448850737,7413.492415782839,1299.739951830406,2310.2605509102264,7607.738960861065,1388.338806469561,505.8989976671156,1436.398265937092,314.89073487898867,1525.2102024744956,93.04262123037356,366.45090552851786,1339.6802536465334,373.3501757253698,1383.5605668432718,411.4966536923142,511.5182353084562,1685.9964688368484,1022.6513726489377,1445.0034874273624,516.5876497112117,3232.2467715107814,538.0335995723673,1566.557260728352,2215.3859042959134,951.9212822734474,1571.5844465935238,1295.8279833899662,514.7673695355852,1287.3664364784936,1257.784063104942,3503.708037203849,455.2843481731549,2965.713406599906,465.8864561550055,1626.8389644976803,762.2784633721865,1916.2695112831846,1066.9354485634724,7321.184675550925,1441.4300519403196,568.3862094161169,276.00992886710054,436.10198823678985,3839.3575641864622,5736.429567582833,1101.1281277786027,1864.947381757546,1227.5050933144905,393.18925062437063,493.8350234665866,1876.6304051862505,3791.8319042267744,774.8672865014221,481.3683837125561,1042.4295190446803,4917.898238314965,2782.0064741767187,777.5879170603972,3678.6100001615723,2129.804309634633,3221.9297030016937,2247.0842669453737,1161.284004447085,3531.5950926856567,3567.498325637608,887.0094841211592,265.3808010575559,2851.894246846675,1166.6346843803708,1088.9211104102546,1879.1655879578686,275.7610348885919,1195.7500008444326,3885.3264231219014,1279.8043572870124,1340.8688193163032,797.9196063991587,1526.247049474229,1696.1828340035825,1562.1891525781762,1230.142507807877,666.4994951538013,1536.9642708372187,1860.9117669241728,2308.601687266283,202.66721637959202,1640.8837677317965,1127.2796922462794,610.0000503899438,2075.370357657622,2408.2728019895103,2333.7900364875404,693.9274445162542,1220.4936370464268,1501.3238406907114,3596.319134016569,475.4005149365228,2545.779776121694,402.0951031706373,209.4195104062596,885.1541291580602,4670.096215916952,972.7086371668686,3771.7764244851824,759.8139512485169,2309.582839027706,549.7916792880692,795.3575552922526,2444.3167184883305,1307.2223083532851,3693.840816186792,1657.0178150503564,1174.899536364336,3056.3814261586576,2423.198863070952,431.1247981044578,1270.890919510548,2951.218690298986,12954.56537883977,6453.148593917953,1060.0492407846152,923.6741403032812,1231.2356996349413,541.4201692463768,995.9000206610367,2471.876932609054,1682.617606219906,1261.0994498987386,1913.7178363883447,2479.3056810450835,1511.7485661290948,4931.313130230526,1346.1708346120936,2951.9794430912452,1510.4166432918885,1617.8982445426573,1128.9568975993475,1631.458060122794,1311.6246208004104,1235.6737116405895,2278.782836814859,1008.9821415564644,3059.9522989219927,2233.3007262040724,598.497050450169,1344.1922973740566,1104.2563041188505,1635.5707513307302,960.111087410999,3451.3441436930843,2471.904737505529,760.7118895949952,1308.8897852299913,3635.253383548799,1596.2194091123927,1181.5655894415145,5879.999156889469,3123.870140241287,2155.5617688535604,1228.9388204507122,2500.208163646191,1752.7975797529705,688.7745183991403,1676.8340403759744,2837.3381655055105,7440.966356774531,5957.972422689635,6408.396602227535,5850.616290943236,6571.17639954921,1379.4270226258386,1157.7439399679824,2601.3798747123496,1486.6260752142434,3681.604451325535,1579.5816682677325,3885.1287955660814,2782.352605324589,3433.4144384598308,953.9075337297689,3678.9216081530967,1800.2113444214854,6166.880011567241,1090.9206923161953,2127.5874586641157,1449.8637081115658,3414.7855509269734,4782.36485349635,1760.8233246229254,336.5159014807646,1487.0861406489637,618.3351489715427,3500.4773178776945,4739.70617855933,304.9265579654108,1275.1304324574708,1572.3887755937742,3113.0947279801508,2973.928296096833,6193.108700860891,7411.031670836199,357.45265620520394,155.2495559081747,660.905074715587,1758.6956670541495,1611.0482984322389,5893.536197281782,3730.335032255599,7445.712057044709,53.13664177464744,1311.2264178931814,216.26775526289106,2758.598968731861,1347.2215891325982,1571.9394972403989,1151.6792940614516,1435.9668766835732,5564.574250593878,1296.6860804672626,2397.555362002181,6294.812899840224,875.1070661975458,2142.886647013544,5229.442784101179,651.1297433593063,2090.7195455696697,2223.802828099867,1579.0427783888183,6892.346553600548,2101.8839407055725,1170.0113237333985,10723.930669641297,2498.8620164430604,1490.0803255759606,3070.064650236021,1855.2580047114127,1210.2358323405679,1696.0970021042372,1476.4465534175463,982.8064044093235,1824.9632005534106,2007.079813987733,1564.357835193061,1528.3555609196712,3424.45668532141,1649.5869745213047,3582.801848664045,2458.864470527852,2654.821174774423,1535.1669001917649,1166.2363506084012,1769.6775135948333,1697.8951859812005,1876.4180641930573,1955.706047162334,878.6020059483333,1674.2993306832514,839.2608619348828,2228.5804594592823,3187.500076270028,2882.5218181643518,1638.221545560662,2658.0555542816064,1414.014063964204,3838.9871546533677,1346.8572361892855,2376.229143081965,1412.3188282069568,2238.581218868237,6357.335708848244,2124.529362546322,1990.8232849490175,703.7943955954406,2919.955590232937,2224.0121101003742,1638.4210382149192,1252.7621536714562,2184.5757148917096,2153.4687425910724,795.6789839188327,2621.942678461817,1983.7353137094155,715.1575442675427,3706.799086287599,6165.467112882782,3913.503128256797,6319.859589020733,1988.5527593707916,1511.2565538313245,2058.6577537619387,2643.1330574193184,6508.568646504555,3835.373344371414,947.0116827586411,4983.745891698234,1585.086799761511,2851.675638009513,1563.1259748494706,5612.646199940666,2334.301145538389,5647.785676245468,2603.1837761034944,456.26518972157317,2658.65914531541,1114.2066810882657,944.0366037627421,6617.880413190263,1316.9001793816021,1635.3833958440975,2919.974527569096,4994.203682441667,1634.9295184726443,1488.8904518887207,6637.59382177994,1160.6056331304515,2523.1866966975367,1857.0420174206229,3572.7170869135384,2283.776936182414,2093.6051031310926,5906.174843910515,4988.53344485599,1785.1553560118268,4958.671636076464,6666.322039270201,3157.910770902488,3531.7514706672405,6632.104261612599,2468.982327540986,638.4166042254881,937.4374329515248,918.0225189510883,789.5568295896913,6629.7152887071725,2247.3852103665886,6434.3587830454635,1078.9986324525248,1546.8659254075021,2302.3367115302217,1104.1262237875792,877.2015888450591,1808.1525300541587,1161.331373150203,1347.8450404176467,1769.536022555754,1849.4589117856283,2187.379808084489,2106.996263952945,5938.899943131954,6829.8356286997605,1577.4448790486801,6313.719966334497,6473.895419695356,2196.5399660259495,6417.842950188669,1996.0707604446545,6478.637874857988,6886.655211472722,6482.4233605872805,6296.364517617253,707.8479331956099,6419.48259181613,1091.8062673248246,6565.847824301137,697.5251761689418,1838.2294914030285,1609.9910244524015,6362.660467320311,1013.3476722596988,6085.510258147958,6455.242139982843,2784.0109887344947,1024.9028723166718,7365.103996376397,2631.6029402454997,6431.828854175876,1176.8076478781113,6527.5641377625,6569.6064002425765,2712.3946100265453,1786.1828671331234,6219.528391227964,6472.458425894506,5704.718116900894,6603.645023542519,1039.7240928656486,5913.448220009084,4845.8343457070505,887.6842448709399,6171.481307132464,6429.5206819714085,6363.1702621212025,6570.2822785132275,6600.983232001511,7426.6998736325795,3002.640555022221,6095.958922213344,5918.814989140735,5947.493660540129,6426.463892177712,868.0542030037398,6187.364948223966,6159.904138225553,6399.470439624276,7604.789111059581,6418.648299127188,7010.558719035979,2605.4410239924273,5671.447690814532,6410.388507447818,1836.1005169949606,7358.007424895381,4896.515860236845,6253.881065711496,1933.113421446449,5926.111794372688,4729.153688050365,2818.312100702786,1108.193168860983,6225.886754754418,6106.309214019176,6399.566709481148,6041.787543912529,5694.740865627447,4656.158496611693,6699.4382937319715,6202.559653740785,6579.02559609975,6462.208794164608,6837.05915206692,6825.794765408925,3828.1522349391607,3843.378890159568,2470.260585118755,4761.586660437024,5002.986857364161,6451.226884760487,207.27086383579362,4729.604914326482,6591.473353761856,3399.267693854445,4940.034090392566,3045.040940248043,2768.433018381673,6340.948151102931,5978.124544257204,6467.213329937579,6331.941234321713,6308.915595431522,5738.5162210425315,6232.454710557947,2826.2826175707664,5584.19151616294,5806.893609923475,6065.045531947609,5014.835502101911,3899.5871886761543,6483.330997179133,1471.6530707390368,5872.688387925602,5423.064134293122,5850.495949039628,6401.880811695516,5869.299431293816,6332.895569539574,4878.268300989857,6075.626145080508,1581.6138733941336,6299.00580661451,5583.080566287697,566.4509966921257,6669.057116133551,6213.17331337619,1285.4864958060773,1312.3169479953738,1085.6960394863622,1492.9779976502412,3141.605049604011,6530.310984086953,5765.741564003319,5607.001110630009,3725.217227103015,5805.795316558935,8122.401503606597,6193.636328493052,6665.270181223355,5942.008357981518,3202.3827291072184,6144.158691811506,3302.931386697547,4716.885270969244,4763.2646618364915,7069.5600654885875,1655.1970881453678,4755.402686326809,4968.958031665171,6337.545481657849,6065.852937414662,GA
13307,177.1920397165134,1143.0938526184805,2002.4669567570315,3150.0889803475566,1174.2336598698746,2842.1161728497364,3605.926288780666,3483.177358738584,2565.306043422417,485.10368413754645,508.8037053050392,1612.1892337370236,1656.0033109622736,1052.7856533306922,1335.5412922080495,1135.343111052787,1356.041587613541,1360.3100950256273,790.1396124526417,1206.824821870316,1065.1404157655272,2625.751755672783,3053.111533997844,1017.0826111224058,809.3489981793257,1119.431761144297,492.70185458218424,3580.6417011774324,1156.6746391133227,493.7919278533768,999.8885374249388,912.366131917596,1264.5799797204274,7253.591977544052,1057.5922169719656,3444.443590366538,589.5537200118472,3469.3729493682595,681.1429778559408,1220.142441703353,3414.2667961637244,3103.4932431906905,1357.19635202673,867.1778596917408,1068.3534212944128,1015.419963453854,670.0758001911084,778.6711591836241,896.5181182211808,2395.3778477514443,1247.1272249263186,7136.142615301221,1520.6880648275626,736.2461896914485,322.47145925948394,3142.832088666505,2066.4907842491325,5626.726627480569,1314.9019007036466,1440.5208440975616,3074.848191366203,602.7818114238794,433.8191110215222,1261.5957682221228,896.6326699876836,3260.7010550955943,1584.1448630343036,3038.523428205297,3127.953338199558,689.7559838638882,3269.062151921601,935.7847076412972,2479.788063349158,7158.296305805443,1207.708435365992,2056.1243974318086,7352.023739627431,1139.9216073823684,265.8440979158754,1519.9064216137635,483.11773072785377,1329.0417769531832,315.87435037837366,555.8196345338408,1371.2264551536427,383.7175904179982,1436.2038864789288,493.99896965956634,421.5498236036632,1791.6151128518927,771.8623958779064,1302.9173563279526,305.31649676935865,2976.550450772748,619.3209597606258,1670.7729930633209,1968.731572651497,874.0144216535325,1328.4856185241506,1410.6990637725048,621.7434148145363,1392.2699408214578,1012.7316979256302,3249.9290416445333,255.64996929416756,2741.047978691846,552.0228219433448,1699.2074632750018,666.0828201199934,1662.469534333735,1143.6348113229044,7066.135491397929,1264.1719893096895,354.3015503722648,383.1777053577932,420.07022851359886,3600.116818674057,5564.445359294196,1219.0205852059505,1667.0366457037617,992.9033837405217,221.80002932587033,337.71540682387905,1620.9371179632174,3548.027948177391,520.4775806735557,666.5218449796073,1024.3711922866787,4724.418408688625,2561.510978532721,876.5617414414484,3440.420896588572,1955.0271327881744,2998.58736655681,2483.450012030894,1264.1313879139425,3276.1116185950013,3337.042824756333,648.8508925522352,184.47676213444012,2618.3173610472104,1256.1989249328772,994.8124183124228,1624.4272924633453,462.0298026553802,1085.6315842535162,3661.886382851029,1216.1912884654205,1171.5336502867215,875.4191637838334,1400.9427090404856,1479.4000986858732,1334.3378756609525,1062.5036628948496,720.728085385379,1417.4411733797103,1965.4143621059545,2090.3237326592707,283.4318882896815,1426.0140955541822,872.814939940265,381.2550384203023,2304.822905259278,2161.5408494774724,2139.8147246424232,466.46303216887225,1297.4346940960734,1414.4143308378073,3341.2666894316303,619.3738558093212,2297.8435428635216,577.6248525015312,340.7239977560932,719.3097212977403,4466.148202797026,736.4577047034293,3520.2984203900487,753.3194236588205,2544.2868942453765,530.4227808642172,929.0109915545456,2191.818995363556,1402.0954862266615,3439.933029913651,1489.799942784093,1015.365524750674,2839.3127557798352,2177.84365101201,175.47812956877289,1193.3415544676122,2715.9709064143412,12721.4612264842,6265.4150311704825,866.7259515554042,875.933050126177,1136.2424808536798,714.3364557322998,1024.1875881555818,2284.9891725589537,1463.6941727804299,1312.5473769477721,1769.0196915613865,2229.9382208915554,1261.736788219725,4732.133418680116,1277.8831563861065,2698.593745198785,1645.3207953436195,1483.2415093452612,1062.8759560890462,1699.0671966110306,1324.6665821605839,1023.3885250903512,2024.0696357682307,760.4916782093927,2837.911441050198,2063.1502435606512,772.7230361346308,1197.7284938679845,949.4120660929634,1424.6562626504153,705.3058914523883,3196.3605757003056,2229.3355699464028,725.8529409186829,1362.9937003076654,3382.877208956094,1439.7200033117574,1181.2690400235224,5690.470159219996,2886.817086197725,2385.270694851561,978.2756796211853,2268.9564157031673,1521.517928302398,763.9229348102974,1422.3728431919749,2591.111464553554,7185.374382014284,5758.1443264549525,6244.182953657145,5702.029382935525,6398.108712181947,1132.826253436875,981.6619642123256,2405.734509553832,1594.6455971678636,3451.3251526554277,1348.1360587517865,3638.02352966902,2527.0548087481084,3206.3070356014728,1078.432264680338,3451.8858237750205,1576.3400662846502,6021.503133670662,852.4652912767324,1872.035539904052,1197.8797249888814,3186.3198960018512,4583.495462865664,1508.7917193774535,117.01647647858557,1616.1699355657786,772.8030021204328,3269.969984704472,4539.896122382587,63.53949774185168,1020.9540687985907,1317.252397454433,2872.440542750277,2735.979097558834,5996.9597237757835,7155.497963795478,508.73216072878023,185.7241163331399,408.457935087599,1553.5886790744134,1718.753549744782,5700.515217992193,3482.402962287538,7190.1862816003195,305.0729231280078,1071.8979199205207,66.21300662615823,2531.148928767076,1458.086938657219,1316.285636911708,895.9814363287012,1273.0259622208291,5375.476908910935,1360.168221084359,2148.68208547902,6100.260101455339,895.6850087500624,1935.2469538727082,5038.187582411448,396.2992352092543,1930.8164826081215,2457.8048685814106,1503.9705287040658,6684.162706926424,1909.0717014592776,931.5678898167206,10494.202643795474,2276.560842499514,1240.0278425802128,2844.4567037439647,1608.8132433944647,955.9749936021268,1568.4703006881355,1522.1691764368215,1050.0500176785933,1714.326449703859,1752.053494888124,1610.6997101315694,1656.6010869760148,3171.7100946041774,1579.4346715356116,3327.550375169272,2257.7580813043483,2414.86163732081,1357.7741619585088,1227.2413603779996,1529.823616548356,1546.4201830254328,1709.3798431774994,1793.9800830484548,678.1103321074563,1561.5676024323584,676.230105892032,2044.429958022828,2941.449951991878,2639.1040888254274,1536.2864341854322,2424.7771706884555,1533.88940638855,3604.8379085431147,1245.3602494274915,2138.698989821634,1536.4456940701266,2006.9820130684775,6180.987843343977,1980.913271310948,1844.4651431348043,456.7718663129646,2667.6338645697188,2459.266741268288,1401.781477764888,1061.2502859028461,1936.3088720976575,2386.607553089729,861.2374444600202,2399.036424053072,1754.1087163103955,748.7540575582444,3454.5642490786468,5992.157371437861,3672.0899796903523,6134.598381994593,1798.232892449564,1451.5649674696651,2150.8274058414127,2393.718958446467,6325.817506316341,3607.460731081226,753.4914102317157,4789.9377260242745,1674.005688023133,2596.133872338441,1687.0287209736764,5425.928439767626,2156.5807007242925,5484.161682921508,2403.119223093323,630.3462126097131,2414.251509522079,948.6666980476308,736.1172210158612,6411.9791987320505,1134.7404169550648,1455.5844466737024,2690.5336753272186,4803.859583446791,1443.9186301327074,1611.8066604037979,6453.593727409272,937.3364335035468,2270.808083992357,1968.2251781792904,3319.5399007860137,2032.415110275872,2322.002379534451,5712.408978561005,4799.205923277271,1895.314539758068,4763.681497211792,6482.432212938575,2902.297172886077,3299.43422341353,6444.421638532099,2213.7685277792943,412.9310777990195,701.9032040083025,942.08485260977,564.1842213703103,6446.793389300095,2022.0600271022204,6256.820097179775,1163.845634248461,1630.6664581876576,2065.2407091821274,1133.256801830405,622.1145986556509,1679.0931101154627,919.221412747382,1146.2801016770532,1872.0102318872885,1599.4296076275086,1958.3055855406515,1852.3398960662728,5767.634453786499,6655.238697421881,1640.0273099264014,6149.681174449408,6284.208168490583,2032.5657635244531,6256.4439741671595,1740.4832500571179,6272.328941657906,6712.831781454566,6321.952852826496,6130.751423126557,463.7123586098759,6246.175315395971,838.6637708670554,6408.267221979481,710.6627007585803,1610.5512879630787,1660.9577089199229,6177.36587946862,1052.4306930641862,5893.009385549455,6281.809121432717,2580.191642361523,1073.8109600627906,7109.8848655568845,2375.9273699855453,6244.048199824194,1204.7228015153369,6345.030203792106,6389.494572043322,2510.615494266276,1539.882724188454,6046.230481590578,6299.6376250884,5542.615789104941,6433.972613031299,784.0088396149664,5719.331527037435,4647.090854433401,1002.4211445813412,6007.003507409909,6242.159965679454,6190.9772168218,6404.110633886258,6414.509895343437,7171.1077232592825,2793.610957942652,5922.613715738918,5724.712298591105,5788.9117216148325,6248.796071972483,858.7243248480906,6038.2871494633155,5995.533998505069,6212.650757416187,7396.93303510774,6231.22540497364,6813.856265871631,2400.364634343537,5524.318979786684,6226.154986217223,1591.6022058295762,7102.5606716442235,4699.563501527752,6078.994678968988,1698.3145452098888,5762.287399700319,4526.059442932023,2572.9908149231837,1118.2189334155337,6032.574534597202,5925.902302012441,6247.286557278887,5873.904675414352,5537.807342132536,4451.404350814137,6511.560205836854,6029.833657602323,6398.349613076895,6274.193507461861,6629.205251381242,6617.895366161869,3600.1591247183715,3616.8354726657203,2219.47422195975,4557.3394414324985,4807.010203502628,6263.2095284464485,111.26380922020435,4525.68226382432,6385.136760710465,3143.60782844165,4743.8616240828715,2789.7744053816314,2515.0326270199857,6159.768100502253,5778.792904892421,6273.600016482544,6151.670169503978,6127.817686860011,5573.271015663629,6038.821785021526,2571.642681196515,5421.471764673404,5639.731367577498,5862.58774476987,4819.771039175803,3654.198878408952,6289.442463413237,1236.4602741676802,5710.586634405092,5253.3187460280515,5680.938426085578,6207.756247251292,5697.468257056576,6131.310391366664,4683.940509325981,5875.338517441205,1420.6625571972,6103.724261506747,5400.664920579881,314.6486452668288,6462.328543464107,6017.1676955259045,1047.7910931958515,1070.210953751774,1081.0184580321602,1263.6156266164191,2911.0229115500024,6374.780428091901,5577.903588743587,5439.197188604683,3472.3606753437434,5618.829792666495,7923.911960946819,6008.520335821673,6496.87633937487,5765.428748564683,2946.6691109268154,5950.198219659624,3047.2832443616394,4513.27266510637,4558.255776625201,6859.823150273881,1732.0745828897175,4553.440621283131,4775.266965792371,6133.828939671472,5864.155898500161,GA
13309,232.42861527655867,1188.9639284779514,2146.7960842815733,3315.5238823085588,1343.2627408977671,3003.704451863245,3734.8087361072967,3641.0644748719674,2732.4032779964405,383.07078218255083,431.0215949741927,1685.406981449137,1539.3622839466407,1223.2533185567095,1223.1646198775736,1125.1974317609245,1240.9148874525592,1246.812350871786,716.2770066048884,1094.6898156441941,957.8194454268288,2772.4737632957454,3220.551443457718,909.8873526079273,740.7497914612863,1164.60915409235,459.61783975678435,3716.064372534208,1325.8346701289709,575.7070475072095,897.7108314828889,1011.350559420664,1435.9332557825285,7420.688458064139,1227.304548279756,3602.919323016889,754.1477233695118,3627.040443935359,555.157188479336,1343.3000566991052,3569.6701491834456,3269.435308221413,1528.0723661257634,904.9103502767384,1037.5171819692882,958.9343768301213,626.4718936121985,791.5920208310401,877.6296042746385,2261.294372973611,1287.9726547418888,7303.95710778289,1409.1804673751265,654.7766309357933,204.87515400698075,3307.845989251211,2230.3523550283685,5718.795366709173,1255.0575789782526,1553.188531654805,3240.2090050414704,745.9921402140103,267.5304404078053,1420.740103801521,777.4194844791889,3413.940165210543,1465.0364379692865,3177.649227465625,3293.6270116350897,727.8393615018547,3393.830448678601,800.8450649562848,2648.9732666829,7326.892601223011,1222.9876508267696,2226.273117206364,7518.199416307891,1291.8266226929131,408.9381093536461,1420.3613877590838,396.97199769637007,1427.8922077025204,144.27612224628197,396.07044475028067,1302.6566830208542,313.92966921372397,1354.7955580426585,466.65995643541385,427.9816252409448,1680.1607909925324,927.4860940743904,1356.7272208344086,460.32329740967424,3142.435417536364,513.3125018604325,1559.8121566422085,2118.0283709749865,877.1821528301969,1473.5673916605786,1293.0139196452126,581.1515259094433,1280.040559099624,1160.344748064183,3409.810539396677,402.90485304889,2866.4401502337105,523.9947019018275,1606.7565126425025,681.2134643255073,1832.9179670755584,1046.3863889066224,7234.999035501751,1346.6371631122452,469.0644070394271,253.40954366092984,370.6086078339007,3740.5067860244203,5644.063766869279,1098.8849820522164,1767.614842681856,1128.5340846098213,349.94777151782097,398.079909126016,1788.1185877136822,3693.64406806649,691.0103119640905,509.9103450744067,986.3318672735733,4821.762479471367,2682.8788280489002,844.8073192465409,3579.6620818819624,2036.022670790385,3122.703197677249,2346.3492784683904,1152.5113004058408,3440.535501114342,3468.1827910562347,818.1099285238307,244.36750719114326,2752.675097907456,1152.0840979368013,1010.7317991061312,1786.7437460561282,362.6304495302044,1114.0289165731845,3786.1131300871834,1210.857429332293,1247.2162616072424,775.5584836362417,1441.8597521097854,1641.652401575236,1500.831455980175,1136.5722479496276,632.763850809896,1453.9626197193274,1854.9491752062354,2209.5510866325485,157.96637369271153,1587.4048067122244,1042.998831348085,545.9126346669874,2174.633712971384,2310.902658797849,2237.140398561056,631.0700439600599,1200.8588572413762,1426.575104552883,3504.1492905180953,480.0382116842278,2448.755293609343,488.2744005156237,272.1533756758019,790.9036555457657,4572.533122636377,905.2381548804897,3676.139218941981,704.9131268198806,2408.8908837713197,486.83867995295645,798.7125691134853,2349.488725252131,1295.5728686268974,3600.0587812966664,1564.1651281481488,1082.6089332264332,2957.464326125777,2325.468727189326,345.0446119443185,1197.9488429941846,2852.080752097764,12855.259609525163,6358.0348124159655,962.5782513446053,857.3242077683574,1153.4517415714606,563.2950454492997,955.7326325442607,2376.2926200168235,1583.4610439762191,1231.3511741489062,1825.5983328278,2382.8134900569253,1433.301945454872,4834.374238674784,1276.132014367073,2857.772285816829,1517.5546308640885,1531.5577654903118,1058.5947186108644,1609.453846312782,1267.7086887718933,1136.7364357742586,2186.2132089883607,932.0567928598197,2960.7695620323766,2140.3996061384382,621.7255064110602,1254.7970040806524,1012.6219527186109,1584.3246486153055,875.2593788770536,3359.056347607872,2373.603651994908,696.6182960899173,1280.3972414486875,3540.1867038859364,1505.284877033983,1132.31860792621,5784.552205408503,3024.848965481953,2254.835992051633,1133.49984010624,2400.922396651333,1689.330103595767,664.0732754803378,1592.3519062309756,2739.7716402976835,7352.831941811051,5861.015021208693,6317.650532394185,5763.168514223704,6478.68861289393,1304.2876672845116,1062.68867259821,2504.586595119101,1481.3438855211182,3582.286384940402,1480.3548342182805,3787.715116160242,2690.8244513956492,3334.101703492128,953.9677112942106,3579.6119021202703,1700.9147855088895,6080.20982482103,1022.0696900144341,2040.008835761756,1369.1638590113248,3315.4621603899877,4685.455644475584,1680.0189627679356,271.2639054829922,1491.4188234288958,630.7353703039734,3401.1628629010997,4642.668453373147,212.19705104840457,1191.3061477455342,1480.8045861406329,3014.4475654711687,2874.9912618353083,6096.677933445589,7323.201806585674,363.323896189059,155.9420333011025,567.5286324788992,1660.5415315435282,1605.9567815450337,5797.548007324127,3633.1851401435683,7357.918905829842,152.44428204774886,1212.7081554243816,151.84709055021725,2659.2777605749843,1342.7761528939227,1482.0852896298334,1062.4941162816147,1343.584333211987,5469.170308804774,1271.8783809144902,2300.885292588637,6198.622025287293,831.0571266276277,2044.606718447652,5133.671340393195,566.6190681750415,1999.649586923128,2323.121823622452,1507.7896321499484,6794.404450291786,2005.3033042793265,1101.238362919127,10662.335886770674,2399.644412439337,1394.177308310506,2970.771989391824,1757.9265549763852,1126.2895199341494,1611.490578782066,1445.3252646332419,957.7817974100914,1744.6893931853347,1921.2743360184425,1533.758899065202,1532.4002730387558,3329.674592360917,1579.9196434847809,3491.0660804366194,2361.351809086969,2556.121163507667,1440.4628646189178,1139.8135282667133,1671.0867505800884,1608.0962359839857,1783.8186377456614,1864.1692746489693,780.1772776932643,1593.2334274805864,745.2542748696637,2133.31600312335,3089.852472658592,2784.3273473460467,1559.8196098607361,2558.830916027944,1413.8743479871896,3739.767267226434,1267.808520358299,2277.297119333492,1414.1351977871236,2139.3138978459574,6264.209105087039,2036.8617445021562,1902.432609073265,628.0378628389233,2824.929421225719,2323.310535708613,1539.5087691253616,1155.7530585413251,2087.728657796887,2252.7927000425493,768.2887993284372,2522.709973424314,1884.4314636798638,674.0640273176149,3611.6310335547996,6072.8936954985975,3814.915410290448,6225.147447810029,1892.2614465798792,1444.276090775131,2047.7284454828641,2546.633361795896,6414.3020477627015,3736.054644083881,849.3344407660487,4887.567584202465,1571.7826839614013,2760.9160184118628,1565.2397655586897,5517.632187458828,2240.13046469036,5557.069111936365,2505.8292067694715,542.7869440113038,2560.684695627021,1020.725925559628,845.1724553680867,6520.188672705395,1221.2107045708867,1540.4032826109628,2820.653852815196,4898.551339048395,1538.3322271902985,1490.3607386673154,6543.12103834317,1061.2837681388387,2428.260987312708,1854.018514790943,3478.2611656479753,2188.268438410688,2192.831882579719,5810.075489499326,4893.039766393139,1781.538575073078,4862.318485633434,6571.87039772369,3069.846193573108,3432.472289123516,6537.0115390520605,2382.5852481069164,539.3071832933848,838.7085329774417,875.6524673078836,690.3127368331888,6535.428442731751,2148.08000904266,6341.0191650995175,1061.9629281363443,1531.2944939857905,2203.373296469162,1065.0079888761495,786.1465297462524,1723.389697491119,1063.3311198917436,1249.820454579014,1762.5050266950782,1753.3973595856814,2088.063440501097,2022.027638428177,5846.695361469106,6737.079745311353,1553.2670555814843,6222.999264208868,6378.4666639876805,2104.762790129324,6327.681461081539,1905.6827452723346,6380.892827958982,6794.051358243156,6392.464269872057,6205.320432401098,610.9156732864141,6326.934619004576,998.0932213667624,6476.5134275409855,648.5940541755218,1738.9074828836942,1581.3205843371654,6267.946017710383,977.3842867907007,5989.614672852767,6362.67356932726,2686.254892508792,992.8250732068783,7278.436282595893,2541.644002107507,6336.705811436531,1137.6559940848535,6433.336932028511,6475.811267336883,2614.8588007928643,1688.8318932078162,6126.962656583018,6380.008658700744,5614.322592526733,6511.820526317263,951.134303315499,5817.297043216657,4748.94724812513,882.6966131527244,6080.654452124148,6334.466486378938,6270.830621540541,6479.154239005166,6506.088651123503,7338.564813511078,2904.373240808157,6003.371679661813,5822.666265726159,5857.869050254194,6333.099861382554,813.4266872380517,6099.855054361404,6069.09797052344,6304.5034761633115,7506.9074312269,6323.583067669504,6914.094100385864,2507.515405414012,5584.3021020529395,6315.858197309478,1762.857389461053,7270.557258378179,4799.878599101534,6161.0178564309745,1834.016567072116,5835.389564071901,4631.6980846345505,2720.522807025137,1062.1451413193158,6129.877291938195,6012.421419044537,6311.369169713711,5950.258663276572,5605.433721755945,4558.499032350971,6604.318120454636,6110.1015436609605,6485.130382132183,6367.049531394227,6739.151777125702,6727.8819100885485,3728.832825234029,3744.078616362536,2374.4093635247564,4663.9942927085685,4906.496007159751,6356.066497548044,107.9533542880815,4632.049070275583,6493.729638817185,3309.085252322821,4843.51013941069,2953.3988519703075,2674.265103018948,6246.943652258493,5881.235309742119,6371.17382455711,6238.097556894196,6214.922913281735,5647.481032805844,6136.397301331727,2733.504173761206,5493.652241807478,5715.481080749582,5967.750223459925,4918.476464253344,3801.7270355349733,6387.2510402830985,1405.3752450673126,5782.314809119997,5331.09384405592,5758.614272321841,6305.76042532662,5776.977972138893,6235.726068753054,4782.004205114765,5978.613926520221,1489.8118450787324,6202.707704948536,5488.7907882721365,473.0788316430165,6571.271107176388,6116.7644874469925,1217.3329166848691,1240.8990917918006,1034.379222910741,1393.6949040106547,3042.2947765103886,6441.415710689967,5670.5574596594515,5515.43619744112,3630.490831829787,5710.757278591336,8025.734028832698,6098.9387097864965,6573.7052223568335,5848.798922104886,3112.9322399564026,6048.046364566859,3214.6174272333783,4619.365811903932,4665.582718031218,6971.455872559184,1637.0406260755828,4658.0893566107015,4872.795681676005,6240.105513245935,5968.655188965782,GA
13311,128.48174181786786,892.1121983843218,1935.8843576153931,3169.6053227048683,1243.1285020987061,2840.313503774572,3488.8584705902904,3460.812754170825,2599.652961744921,262.50232565234006,728.4287697547212,1395.1366449728007,1399.2202130500064,1205.7088012076815,1077.0956845836836,842.2801464483442,1100.7560116643178,1102.9012103853815,1013.3992569031534,950.1564467895932,805.4992767450781,2563.371349137717,3087.6425385311863,758.4807437716668,1038.1242583162514,867.7069342880555,750.3205320013121,3480.7361733633556,1227.3803252285613,312.8531272653029,735.89017064889,746.235196586898,1396.1473862014334,7276.638738382241,1218.8789353205675,3424.895283445379,801.0678712179646,3446.062244617447,470.35820296306497,1102.3476570333569,3381.338619544082,3126.6512049669814,1497.177628265207,607.6652585764718,770.2209438426248,719.9291222478216,921.3264681665787,496.67009900101266,599.9768486947756,2513.917137280529,990.6147481541543,7165.052805521103,1258.9809989620946,951.2435387121832,499.98341103568976,3159.6181817052443,2082.575050116348,5434.195790108214,1019.2249106870884,1295.1628209117455,3094.187650738651,570.4769295933147,393.40592802615583,1263.6306203761594,658.9618496716928,3219.522256267508,1331.2848451195505,2950.581392587724,3149.1665613159644,431.1407629979245,3142.693394967047,724.7701934995081,2533.2406285308803,7194.052669808089,928.7566354122908,2124.1435688689967,7368.228293323142,1113.2083421444534,301.9200613626033,1245.9054154524842,694.076173427057,1156.4378775235398,365.9634846590981,455.7621418924038,1078.3149061861006,142.0419714278233,1149.3189977327465,755.5965086128531,131.61262256818898,1527.588175833804,775.3053024204866,1060.924237772797,564.8536626795391,2999.8708792231932,380.9056679745098,1407.0884642136095,1919.586597325421,586.2277066778388,1272.504028643834,1158.0099770230306,875.075457798854,1132.880517554433,973.4351362875633,3237.7362340768764,531.0001745692232,2617.588584366575,813.8811175227951,1418.2521016698486,385.15250946371117,1739.1399732161303,871.6909826019223,7104.546349721237,1063.007608760024,277.33677853155604,253.4640981284137,140.27957179203793,3514.3559115133417,5353.17966957736,972.9654534092296,1495.2340828261265,914.6929262944624,513.8860497816362,140.18380893826358,1664.7493299722705,3478.7140221145805,641.8781194153237,537.0154850351923,725.9548637900743,4541.081145107104,2429.143558179026,1137.8880201067461,3351.6653105305827,1748.63208534607,2871.328628784199,2594.1332713759643,1005.8396771929316,3288.6438747721736,3226.296178682655,830.5371507257864,475.66585445772483,2518.368216904034,989.46993433883,715.805584601414,1636.5139542510094,658.2241968753855,817.0024164075426,3533.4524660008155,925.3304081607204,960.2071938145748,612.5076862624414,1144.4620354764038,1676.0144855675126,1513.1293999392312,849.5359713651994,451.4319134140064,1156.579880700529,1699.246067541196,1955.0036553299954,216.67413952007752,1626.653341858042,965.2990537999292,608.5605638584228,2432.875329162425,2111.1220059854486,1959.9964514491733,686.2996121017528,1022.8475021142143,1133.7027947150868,3344.4631650064794,445.58034961792396,2252.2160604344995,784.4211603707103,567.9556097595503,507.4555172339358,4299.220059166583,917.2946411736783,3488.877029191268,457.3121574910453,2659.047179962537,236.7987327101807,709.0851371189538,2174.7437337899687,1136.090110232148,3428.277817664962,1274.8303363754042,792.4982304483823,2698.8517258292136,2121.1297511560997,358.19333942847453,907.4918604481978,2620.5029969603224,12609.42115452552,6073.523020633269,695.3867076647183,579.3871217923512,858.5418168946874,560.5552511616255,733.3106097376756,2094.333488186557,1334.2786472079401,1026.3120183678038,1529.7102256297126,2192.3149033613167,1373.095395549715,4557.367324559453,988.8506610430786,2685.395536740404,1404.4845294856786,1234.6372365701172,772.0501582924202,1416.0840272989926,1028.2214988475503,885.8384319510836,2030.6672172450326,899.8032429008756,2708.13696426658,1850.9039455027605,613.1060695495154,960.035344619128,721.258469145029,1631.4164181591336,803.8620591239073,3199.0507250100172,2160.9534113725626,427.44358055548935,1077.2778654371002,3358.2492553523966,1212.4566706918865,883.5890795517917,5501.174318739681,2796.199791746229,2512.462205728237,970.402703676868,2164.1293277633413,1689.2119559495206,505.79674284206664,1496.4611716805523,2535.6214717259204,7211.319835682994,5583.877611589911,6024.352877299671,5466.939008275474,6187.9916747282605,1263.856403578692,780.8639619634063,2227.9213056989347,1334.3283574341995,3339.8529340777086,1252.2328506609088,3582.4266367359764,2539.196328987816,3087.4192311785305,842.5583908666763,3332.26869465892,1457.4317734414692,5783.58131263172,1021.4406409474254,1919.1984851471525,1299.1954063571773,3070.8460768446616,4408.33525798563,1602.3621123188998,402.2639803358642,1370.9864401587856,588.5632416078872,3159.523946893788,4366.233538658107,261.1929571331678,1110.006599102381,1341.763955283575,2793.7518132736964,2648.781450894082,5817.017211039586,7183.47053646212,372.2016196869907,431.6964056518817,465.97006094423216,1395.1201699811609,1456.7852275769576,5516.118803320961,3431.1949281914726,7218.355015112308,432.1614104701959,1007.5045931335536,348.16509407442436,2415.1854587852577,1201.692314303445,1355.24971168116,952.9281705971684,1053.3984831724706,5185.686710377565,1078.3080159690246,2109.014891428822,5917.939497599376,604.3156160780526,1779.3484646513102,4851.524591580304,530.7189487061116,1706.9318099882769,2574.643259777281,1218.3089431204696,6523.145469833632,1728.0937393140118,1097.0678587536268,10636.465902060025,2149.3314631709563,1220.0151178682233,2722.9178696348376,1562.781396650241,1046.817885192046,1314.125569415087,1232.3763766418592,775.0769554102907,1447.9299033381594,1812.4446646472345,1320.6159749457165,1410.1641610774307,3150.7702669929645,1292.0938307621718,3334.4304932729256,2089.159276398092,2335.882317847836,1156.3555405768875,945.9414829884363,1458.1563619049912,1313.7644936329852,1493.825030729355,1572.198057063872,526.8369960425929,1296.2398588577225,461.2535599806514,1850.3602138084939,2883.516326656505,2571.646578291141,1264.0492591811176,2324.834124511472,1282.8195183172681,3503.5299490963157,971.9015990044652,2053.277115107694,1288.584705536307,1904.684769466996,5974.728077024544,1740.676437414895,1606.755051359368,629.5332511858966,2645.897948309029,2572.940387011601,1321.013216654122,883.5057049262542,1895.369016843424,2505.831490184826,591.3994185424364,2272.6867443415376,1648.343580751154,466.4820815268057,3428.6311464228997,5782.363088080449,3593.56007682849,5939.46089832179,1613.7877905895186,1160.346400135133,1876.587081516188,2355.18365918919,6127.404677908991,3489.671193471583,585.5771546189728,4607.047201129598,1401.3436752224356,2614.104604144681,1436.8156755600644,5232.898076912209,1953.674749544751,5263.741928500244,2232.4183451058275,838.8644651475557,2351.973668512373,733.7059903186615,597.8786564791973,6247.211777083941,941.469286133224,1257.0909820727015,2579.0447293054026,4616.010414433378,1262.0953072444315,1361.866474534606,6256.753385892417,828.1274100558268,2252.172615537577,1706.2176165894157,3301.5530015212225,2008.5869709241001,2452.298542978407,5529.0799072680875,4609.942275483612,1633.2481542664948,4582.5402020208585,6285.444459284876,2938.4081776690577,3193.755341921912,6252.418926048626,2265.434601660076,353.67824725931206,640.5450318710773,651.050671784933,482.2090580546382,6248.574916187378,1903.2939315447766,6051.973837724909,896.1887999621815,1355.709706987482,1978.9290053449813,841.4295305356918,679.3326536026623,1426.0533912448354,870.8526138229704,985.137827012324,1605.3478891988614,1572.3484281240424,1849.4842481405215,1916.707957005016,5555.5286654404235,6446.861767185873,1355.4117285624793,5929.6708589262325,6094.963092043344,1813.142242493678,6033.69693025199,1768.4506157336707,6108.307221316295,6503.552541986363,6098.260827349853,5912.40753731411,462.6911353350897,6036.349687586728,856.3429463809372,6181.692476085242,421.13996272596825,1500.943454823761,1372.0687870942647,5982.262501637601,764.7897882883784,5707.806858438666,6072.1245153895425,2415.4230482235307,789.662594797327,7145.282370707851,2401.465500599765,6052.224624855015,911.96326928302,6146.33807475216,6187.764242891939,2342.5293387387524,1494.1765928715774,5836.416313198521,6089.247619789821,5320.6073331803855,6220.0232906897,851.1301136869291,5536.507849845706,4471.697032668764,761.4277662822731,5787.460771472093,6049.773970568009,5979.881201662414,6186.3502507026415,6220.904123917456,7197.066060386229,2637.6349768588616,5712.8685534086535,5541.866395934326,5563.324139768461,6044.10644890106,561.3143591630729,5803.66525209359,5775.878167652948,6019.550353605414,7235.062083848522,6038.9252167093055,6634.4677212664965,2238.218396304985,5287.90289087076,6029.661678163897,1720.1576955846015,7133.044806304119,4521.394302143521,5871.023261343322,1607.9442445953391,5542.066632311256,4357.679660851964,2513.6422612223223,822.1577198154428,5848.485376925618,5724.618341307281,6015.625551987738,5658.0267098312,5310.585450101607,4285.831986962763,6319.804144476338,5819.363655972821,6197.316556665215,6082.678180343503,6467.6458779065515,6456.41894390589,3482.5825583981555,3495.700571723309,2190.2806528849937,4390.841524952446,4627.314786201489,6071.699676613558,217.1099557881947,4358.668332508612,6221.110802338846,3163.43449634806,4564.4923457458535,2799.5981276942243,2503.104265339301,5959.405195057645,5603.748707054556,6089.8677420378135,5950.176889897527,5927.3578896185245,5354.563629140815,5855.191100842566,2572.7215916343107,5200.108306387218,5423.084646973186,5692.426442026186,4638.711845383386,3591.0039677976947,6106.101049190252,1400.6902067554415,5488.572932448983,5039.556719458267,5466.923693856628,6024.780601157579,5486.012535639908,5959.643111401993,4501.862769777569,5701.737738977583,1198.4133453764662,5922.466188864761,5202.022522763012,390.32815307120165,6298.928827867047,5837.005726384746,1210.9869999001794,1219.6059910969075,783.1950406584385,1163.193573645113,2801.7823853768555,6146.209274585337,5386.334746562307,5223.266450380392,3451.1349152895064,5426.075836203695,7746.878758380682,5813.221650530589,6281.515009817135,5559.506039585452,2972.784102063431,5767.068801829985,3080.9953107688757,4345.754871447308,4393.03070740913,6701.426923948702,1452.9188600630746,4383.199228170984,4592.212736097201,5965.581067042691,5692.779335936961,GA
13313,138.75556183750356,837.5272218796605,1826.2811001644477,3056.276639566045,1133.7515274264667,2727.1504965341555,3387.919383841229,3348.517685026742,2486.624469085507,368.9116841817532,788.5936829008547,1322.3288860635205,1473.3324586911594,1110.6296315511977,1152.1743384096005,835.8849208700633,1177.538008026268,1178.4140695641386,1074.6589499707254,1027.397560473428,882.5398994543393,2453.838070949765,2974.539723175009,836.7914412229326,1097.1783252845214,813.595599008092,793.3783132383596,3376.725874753052,1118.2509420311624,213.5512937930617,811.0691546375567,650.9676719692135,1295.3560787283816,7163.3073783855125,1125.7334302605516,3312.450871946457,729.540253073781,3333.8143766270127,573.1719398787299,998.1033655419881,3269.6525868072413,3013.349484997584,1397.597308150206,559.0240688376551,783.4752684859656,757.4201515493962,968.9342739737863,473.0121617215817,606.048032530809,2610.7105348984,940.3457088518994,7051.723473453999,1330.767142540452,1015.4022558308267,568.9230167166958,3046.282280386534,1969.2788803487674,5354.316558104863,1053.1210167809963,1197.471134642738,2980.8598701697765,457.3383155418818,501.79731436196016,1150.3378757218886,749.3321243226027,3108.379764018709,1408.006780902788,2844.440407052859,3035.8480149921925,381.2175193781726,3043.4257187873964,823.4037608482123,2421.030876731534,7080.782162944497,899.6311209187386,2013.1690646427805,7254.952781540334,1000.0636538323449,214.16013525629612,1308.5887654504293,756.9883121548606,1065.7432561058117,458.7134475606987,568.9757246216552,1118.5236481930176,251.1277545719062,1198.9244660111308,796.4363303200983,142.66375354155784,1596.4906565063409,662.7306803018782,1000.7536983497987,524.1427192799622,2886.577428869085,477.69264193688963,1476.7656333423315,1808.3849172156695,570.9977543772111,1161.0281731642328,1235.8590904328141,921.3086070220753,1206.9623341719548,860.5033909239683,3124.9404813384035,501.8290402061081,2517.326924167743,854.9266967256856,1473.4179305660032,361.1558525975938,1629.400503948073,939.1855946470166,6991.31714749208,982.150536370892,166.11770730599468,366.0356325544052,231.5748948179356,3408.1918285387273,5280.568228912484,1055.7231184683706,1405.4130203064462,804.1571978245014,500.1255101061114,33.661464168756446,1552.5584676410133,3370.397632768793,548.2208467309206,649.7503328622347,746.7165635149881,4457.752318384651,2330.5798335249897,1180.4589914552341,3245.8588886077227,1671.8229204101358,2772.0589279109563,2692.589401514216,1081.5972867989528,3175.318998820966,3124.0276129908784,748.1053805587172,493.2125824919186,2413.747688061589,1059.7755898381076,687.1099202217417,1523.2426325302954,725.6207088096418,776.9143330887982,3434.847934090268,913.895810970641,883.2591700495726,690.5656495755649,1094.4046873968896,1590.1804348969636,1422.755190324968,772.7363518242123,529.2026596006922,1109.9471987228937,1766.0001292177924,1856.4920040812933,319.1633602823556,1542.3504870178895,860.5127167397369,550.0585875710186,2527.5392490311992,2000.173797724668,1873.6670216474188,621.4486051460959,1086.618129176174,1106.4943406194964,3231.250951667688,555.5670602901166,2140.984199944887,850.0678805592137,622.3292781375008,426.7876165040016,4210.662191777443,832.9852693879742,3377.119096514825,498.7042831039196,2756.7584832047955,296.9540652466353,805.2205938988849,2061.8771127003643,1205.7391658065492,3315.492108004676,1200.7404136587559,720.2562252390758,2602.38405592671,2010.7339792317864,307.87352638468263,887.6081093264786,2515.2583508677776,12509.413214595412,5993.564902590693,601.1881117522768,585.7627652551338,828.0230790096069,671.4261316512059,780.859883096109,2011.9335475523176,1233.1292358540836,1077.690995368125,1468.8273831830884,2080.4838592600463,1268.842175825383,4471.275712076412,973.8662764894314,2572.5299730913525,1486.9598002273233,1179.1218074537876,761.2319070262712,1469.041207905846,1059.567114539564,784.3803993698033,1917.3319658265066,804.7587143717952,2609.271691518732,1776.7654057442535,722.8913998194084,896.9147422507964,651.4242969082306,1549.169374595621,701.9154202943291,3085.8359332657624,2051.758940708045,451.09711090660164,1128.9332318757572,3246.0541099158777,1144.2458810658013,910.5925192724053,5420.165082024693,2690.3501994641792,2607.406542287769,857.1211437129872,2059.9587748729755,1595.1271106044549,589.317796143491,1386.9232887969667,2425.3958370006553,7097.983646377751,5497.936215714171,5955.624738946977,5405.579715409755,6115.076389588686,1163.6614056193318,698.1883211151653,2141.3070841913536,1406.589811520965,3237.7808734689256,1145.0019977030474,3472.665759930657,2425.860145674836,2986.6017500864386,931.22822971244,3231.7427201530645,1354.5509646706955,5723.793038261355,932.2313339989666,1806.9801332344516,1193.7034794406395,2969.360285129132,4322.313442903507,1494.8105478207895,389.6205070213083,1451.5389093584072,695.0146082951053,3057.1613758705025,4279.72995420582,254.13891167336013,1003.693509872488,1228.9844818911927,2686.253264208129,2542.3350961320057,5732.934274982655,7070.137739075368,485.4529975894538,474.18154241008943,365.832751147584,1301.134093116968,1527.37717672934,5433.432708567187,3320.9669565164104,7105.0226776187465,511.5560141562709,896.073148613249,370.2577734788521,2313.267775163695,1277.1326404536494,1243.160715414682,843.5904118885312,980.7908774911423,5104.76797529741,1134.524496231953,1997.2683131688052,5834.659030615572,653.1990464568494,1685.58200850919,4769.422873098125,445.189869935216,1638.0051481604858,2671.8501070909883,1197.5674882461599,6433.519757475939,1641.745511901529,1006.084286551522,10531.964528768809,2049.347320013821,1106.7997395380914,2622.359367717251,1451.007426423457,941.158753497273,1262.7141901306713,1277.2127833190034,841.2073949352965,1406.1081378575625,1701.1841798862918,1364.516869990913,1489.9022792860058,3038.336918379814,1273.756508564036,3221.160118837489,1999.4990750575591,2228.088664655896,1075.9859105728133,1003.9070216298337,1348.4276651503965,1248.7048952407342,1420.5438662381855,1502.0159960383899,424.67715797989945,1253.4225506100458,381.4139717164118,1768.8535360921576,2773.7091690935417,2462.661556902317,1227.5426030439935,2220.034384098476,1360.7891326145775,3399.7630196271352,936.6395798180768,1946.0484720372515,1368.2157593026218,1799.763001332126,5900.19282126971,1680.6105050351873,1545.0515610213465,550.2857318682811,2533.37266830336,2670.784767651315,1212.0101957921447,792.9951737293158,1783.5604272759413,2602.474074452773,664.9794958082414,2172.6696536383456,1543.5643533135196,531.8893735626306,3316.524806615015,5709.231848061644,3486.438389107134,5860.6470592770975,1528.3782911938974,1148.9162886608376,1936.466362501597,2243.5000900494633,6049.847806193381,3388.872457073101,488.93432522309104,4523.5917844782725,1464.3195098889666,2500.7852633690923,1514.4669337527487,5153.146364323243,1875.7527488492594,5195.128936838628,2143.5806325142958,904.4874333314227,2242.289071934043,657.057363877374,493.83281711135436,6158.589778668901,856.8648720897331,1175.9026977815295,2476.4523356830523,4534.2427454547715,1174.8127814782754,1440.0230647300216,6178.635378309431,721.0062302589585,2139.3900610482447,1775.8024682267292,3189.0111123993825,1895.9203214745914,2546.4839086445622,5446.039693100843,4528.665760772567,1703.0532309510534,4498.4980600414565,6207.387095714468,2825.368518708074,3090.568228600177,6172.538504153875,2153.251894474416,241.3576796380608,527.654547943669,699.6495951701593,369.4251657425081,6170.9699950807835,1801.2718585238401,5976.889356931131,966.7391606833734,1416.9519427713967,1871.733781931283,885.866524968185,572.7352031395938,1373.844426501031,758.0853435741105,890.1970258293753,1672.086568244044,1459.5713372445514,1745.5695377041309,1805.6408610418234,5483.318084692073,6373.277854233946,1406.7434759815114,5861.00694338179,6014.075261286403,1742.2178123501553,5966.312399488482,1655.490562859089,6019.43983874713,6430.349600445189,6031.330345732033,5842.9883289821055,353.1820564330002,5963.283643395741,744.2246435163396,6116.151065252137,478.36630401973605,1396.500987219821,1417.57982558958,5903.445588094196,817.0158913085672,5625.440299626541,5999.007130338097,2325.037343502857,846.1445248746643,7032.008089348437,2288.2637843687303,5972.2374483308895,953.8427657663983,6068.890394838705,6111.485763509621,2253.035818406846,1382.3028173354776,5763.304691275263,6016.426724065961,5252.739363574176,6148.734072391828,743.7567730470778,5453.301351287755,4385.771465164932,848.8614001385072,5718.557349602807,5969.987298293552,5907.333827117399,6116.721714711341,6141.593146606165,7083.729881586745,2545.019574219729,5639.702095298206,5458.668641931518,5497.196062637946,5968.958148043309,594.2209816593067,5742.1159969516075,5707.023743118011,5940.0137803182215,7145.817444210466,5959.105440920189,6550.384913168149,2146.877982686648,5227.217954101916,5951.3671999244425,1617.620835024749,7019.723999335047,4436.366574359633,5797.160190602739,1500.7561042372354,5473.422231841607,4269.5723268586535,2403.7726015456988,856.6113038998487,5765.777392277279,5648.068264921119,5952.5798141424975,5587.464127827227,5245.198579015264,4196.8734858570315,6239.849789585722,5746.521469129801,6120.7710458733545,6002.587853395927,6378.160201073514,6366.907592845103,3381.738749722493,3395.5655186557256,2077.9552558153096,4302.192645557128,4542.81583478748,5991.605011666366,264.3195138208756,4270.158420315227,6132.2702010781,3050.107406506419,4479.866268699373,2686.2741754600893,2390.154304138512,5882.552842624698,5518.054344857964,6007.0955108739645,5873.757239667639,5850.535727182339,5285.193205143543,5772.331269565175,2459.4742301635324,5131.915104694009,5352.810102320881,5605.25931125081,4554.661733151573,3482.034967938352,6023.202030918103,1307.0768399663925,5420.742713722654,4967.933087678226,5395.509845030493,5941.741677822562,5413.511641915247,5872.995797601393,4418.101428936361,5615.620063986638,1127.5955190131685,5838.837074681042,5124.336013279197,300.3958752214121,6209.926772726359,5752.998808580319,1118.3858673429518,1123.603432887813,810.2907490395603,1056.3345946082359,2698.964624921516,6081.636853535496,5306.0990120315255,5152.631188522946,3338.7790348009194,5346.274779132283,7662.250841721867,5734.4386184813575,6210.847931006818,5484.744860092998,2859.5276524080878,5684.020930030098,2967.873402725129,4257.388193271075,4304.012602569528,6611.113271670533,1509.7691910314813,4295.657819022794,4508.806863241945,5877.910041331813,5605.979041397227,GA
13315,207.84951961053258,1181.4501571587004,2097.4327653639007,3254.6086362127758,1279.6881537722513,2945.195913315563,3693.2104455666827,3584.739813736405,2670.330188559664,428.7300242398383,442.955157348593,1667.4851660478118,1593.7821522198649,1155.3136241051109,1275.8532584488507,1139.742375082116,1294.5622182306765,1299.9114797306124,728.8143312794002,1147.126796093137,1008.338860587196,2722.029182476477,3158.2401026674706,960.2600848311267,751.0465529250632,1157.3143384714788,451.84410591403747,3671.33645215502,1262.1531151363095,550.6035153641068,946.265759227128,981.4379482433693,1368.485813574947,7358.659772408946,1159.1864371137058,3546.258059205091,685.9811634595449,3570.839326565068,611.1129173727113,1303.4469776360413,3514.7268012008685,3208.177975078473,1460.2784434162998,899.7446304844304,1059.816470054198,990.7746812480327,625.0775048427369,795.7371400622922,894.7103330080802,2304.438967931817,1282.714696459852,7241.3948366406175,1461.7644380429538,670.4514795249701,233.1671952326573,3247.208834753781,2170.407800701856,5694.114248134435,1288.8830342081126,1518.2214025477356,3179.3411525709216,696.0469629279469,335.4196740481703,1363.4518403013533,831.7064555372252,3360.16203900698,1520.2241478167566,3131.049360554969,3232.551518422483,721.5739207047724,3354.111387113553,860.5092247108107,2585.295914760421,7263.719536021147,1227.800253566995,2161.7269968776345,7456.8257579236015,1238.329900096142,357.35581454055824,1468.8222799761277,412.4637049679933,1398.803661248454,211.55136390983773,462.598001523913,1339.8021265904385,345.1938374836295,1396.7128607837524,456.5652381705072,430.8058246480127,1732.9346020716453,871.8253560934979,1346.3450511491249,393.00180341715884,3081.213833119679,561.7047836307979,1612.3348592098764,2066.152783087251,885.6213299954553,1423.5796602700686,1347.579852160182,578.0678887544692,1332.7429098940845,1108.9053509568776,3352.329538808876,336.53841851344896,2826.3259409515595,514.978507486615,1652.9038076446145,683.7437578084389,1768.0702804366879,1093.500582890574,7171.607631183808,1324.3854616778115,429.6067423078197,308.35142316873316,394.8218234807398,3693.3518778564653,5624.7690785783425,1154.061116273692,1738.1308833197431,1082.7520188267076,286.59045988219725,378.811864575332,1725.9518647956033,3643.8649680180015,626.0816137762122,575.765112524744,1011.2343819454255,4794.659388449847,2644.5764339330717,839.7775963624613,3533.056403526306,2015.1427400586751,3083.2372677204285,2391.0431989338417,1204.8513198010505,3380.2854808852144,3425.476992935514,749.9552948674562,194.56797650568495,2708.30976076125,1201.8120863224879,1014.6743123622748,1727.701193048164,384.25798620703904,1113.3374219061427,3746.707301614796,1223.7470213467047,1227.6166374976578,822.9250765286902,1436.8633976083445,1573.8409771112827,1432.5968273114368,1117.3976099399308,675.0918739527465,1450.7596602418967,1907.4933141392928,2172.062146538807,208.5998616921548,1519.710661545205,978.4136297885381,477.6977152283433,2215.8057534933864,2259.0328764063324,2209.381197943962,562.8783843857669,1247.9968629785174,1433.040608870592,3444.873475104762,540.3638670969704,2396.1061976886317,506.41264995371085,276.15966101803,771.5125730811494,4541.38018307996,837.0265523528508,3620.960905930185,732.5370912958749,2452.735212644754,510.6288248530394,856.8381617030514,2293.190534482411,1346.3278038657672,3542.4434516273523,1545.6201334663206,1066.106419736527,2920.7058986668894,2274.489786362377,280.8339662595998,1206.911291051785,2806.893522350049,12811.771904339132,6333.1745268249315,933.8497957966097,874.2035369124936,1157.3225349569855,627.6258801002218,992.0671409560193,2351.2127603296717,1545.3590206241247,1273.0047250207656,1814.7219314901165,2329.122406018734,1366.7668154086368,4805.104631441013,1287.77102166636,2800.66618685655,1575.604402088462,1523.702338628572,1070.6527464216254,1654.5993498246328,1300.4796203237684,1100.9329123992152,2127.3172888592467,865.0273088315689,2921.851314009267,2121.176697245518,686.1359172542611,1242.8817981591214,997.5611180544947,1516.898586499503,810.8820318399919,3299.890833005884,2324.3240515536318,716.7362744928865,1322.6371744055818,3484.1827900524763,1490.3169805247924,1161.7907519223688,5758.9951201899985,2978.760364107403,2296.1550484450768,1078.2001343174222,2357.6077491780125,1621.0655365550863,711.0021963336148,1527.9648908955344,2688.331302445165,7290.537728806265,5831.573904266769,6301.059414868277,5751.717276407853,6459.069399297637,1236.9902261493935,1040.4397852661002,2476.289006184477,1534.5982027572675,3539.6817236285274,1436.4930980697425,3735.8430565500676,2630.9638529187882,3292.95650821725,1010.4004732193283,3538.5373818353028,1660.723781426237,6069.813677704081,953.946190449044,1977.2776260162775,1303.2785620357224,3273.679206982732,4656.291808570234,1614.215956864843,203.31811153063072,1548.4793662295322,692.3958494416866,3358.4219929435435,4613.137838633484,153.9726422868844,1126.5581543750525,1420.9711401333357,2966.404294516946,2828.39983585415,6068.661786761562,7260.723296594582,425.2264302801349,132.25726339473525,509.5953590967433,1628.18614252856,1659.1336113710815,5770.692724481677,3580.7296029304994,7295.418810326217,202.46267452192023,1164.5934829646542,85.84360844502298,2617.836928354234,1396.5891483261648,1420.8336420383175,1000.7081509405484,1326.292272543208,5443.750338633809,1316.1602770832426,2247.5361522700337,6171.216482318537,865.5179411967956,2011.4610138896094,5107.426342040808,501.8920887116619,1983.854771278478,2366.585022579988,1517.6760690557999,6761.718972293402,1977.8802254506434,1033.1202586516822,10594.071215193082,2360.4663513158043,1339.5701995525164,2930.2510402578887,1706.0477133382574,1061.5786341671678,1605.8985447314456,1485.7061313766412,1002.9079196710028,1744.3693865424975,1857.5582084224152,1574.2802858507691,1589.307821042485,3273.289727042053,1591.221632305246,3431.3952238537104,2330.9122726954515,2508.368961164796,1418.261372014733,1183.568802369573,1623.0597013942745,1594.8733585099953,1765.4882080449781,1847.692181672692,748.1811851521251,1592.1960030704206,726.652578058199,2109.1395771337593,3038.5878045261898,2734.642793932425,1561.9873167512164,2514.5670832677897,1469.324002217327,3695.280641664588,1269.8786637756407,2230.7777319964903,1470.3437020880756,2095.7425157423686,6243.430169431564,2026.4366601576944,1891.058935073455,560.6137441585422,2768.8861264931697,2367.4173551394915,1493.1044382969974,1128.0741206207958,2034.750012848502,2295.799784437978,813.0958857232782,2483.299975329005,1841.6953604600726,711.5935040587947,3555.767092761624,6053.166319322322,3766.555419012085,6201.181421869283,1865.708613521,1458.400355461129,2097.872473604805,2492.9443257366743,6391.254494195603,3694.5928660776112,820.2238561085937,4860.346978045688,1621.3181947746725,2700.4125816133123,1621.3802789741528,5493.08897699865,2218.2993461010724,5540.629636786321,2475.840483149419,560.5462985673273,2510.3533907632795,1002.0634739724899,810.4896371199701,6488.404175562148,1197.0517417992212,1517.4365230096028,2778.3157641436887,4872.624781486686,1511.2818655414335,1546.3394918889871,6519.630490830339,1020.6861273010812,2372.092472540894,1907.816013274387,3421.453467151233,2132.9498422581923,2233.5050592467405,5782.941450891833,4867.48868788769,1835.1534009118454,4834.650036355371,6548.421315191197,3007.4524989653087,3388.855647247849,6512.180270479237,2319.20807644257,495.7782359282288,791.9028740987758,910.9646334252033,647.7413926414158,6512.326368011759,2107.4558797571667,6319.825081093499,1110.7568991347184,1579.8032556803455,2157.057876957404,1101.560350001692,725.8005398583708,1717.4204965255135,1013.4937076727884,1218.4564189257105,1814.6716992219967,1699.0041823837432,2045.6798636504238,1957.909726054355,5827.663100587167,6716.941463536672,1597.3430195378369,6206.461820152853,6352.888411603343,2087.6405531054315,6312.03945776222,1844.862349426646,6348.937536158614,6774.18618957941,6377.137103526175,6188.248204157168,558.7484229710814,6307.22332765645,940.4721312311017,6462.154179736717,681.1323677126604,1697.0055751318655,1622.8685788633331,6243.970444429963,1016.2369007926327,5962.966698439865,6342.920566259372,2654.852394536761,1033.9132624387548,7215.299210513312,2480.517319130984,6311.826998539638,1173.9349950125736,6410.368589583503,6453.712209602014,2584.236349274061,1637.0127133422925,6107.242714616549,6360.469672075206,5598.400075366011,6493.377801367758,888.9139773093902,5790.031490767094,4719.83776684193,937.3931071422693,6063.959944913452,6309.7414226098745,6251.503264218775,6461.90772680005,6481.697888053054,7276.270891793613,2870.942930506336,5983.627629749502,5795.406344679243,5843.140661933624,6311.859701164393,840.4336333962192,6088.264900670782,6052.439221477407,6279.974516767829,7474.390324470169,6298.8345910662365,6885.914326594003,2475.5653479279963,5573.3111661225685,6292.2701004927185,1695.2995106685166,7207.855781874826,4771.45960507979,6140.745489237151,1788.7287077543524,5818.900877283724,4600.886977065587,2669.658075293487,1094.129902498275,6102.934260361819,5990.189354984019,6298.747602004383,5932.396837918247,5591.236598410174,4527.026008214782,6579.418961091981,6090.57950537849,6462.830627393822,6342.086417666564,6706.596469421371,6695.307643508484,3687.332391858632,3703.254569711255,2319.6150753118154,4632.732045095844,4878.457752998793,6331.101977941375,83.56993975206048,4600.911914819617,6461.769802470379,3248.1415090638393,4815.391940874667,2893.640977655496,2617.1145251094313,6224.449838333427,5851.987192965002,6344.132321871244,6215.927838953888,6192.456552039369,5630.498590845253,6109.33425568272,2674.817059815075,5477.513509199514,5697.850415893391,5937.293023097706,4890.7848603691145,3750.9784584306453,6360.107018286979,1337.1554179488207,5766.403614466191,5312.550315347369,5740.165438482947,6278.522752413132,5757.74528544609,6205.626545555899,4754.578509119522,5949.002654186177,1473.337188378195,6175.0270469781735,5465.8040505219515,415.18896207173987,6539.158794887124,6088.804045607997,1149.1885178124573,1173.0375664266485,1062.7153257793677,1350.7489265164845,2999.4565429699933,6427.733140831978,5645.615025665482,5497.572456471204,3574.0277496404105,5686.137130053822,7996.924883945529,6075.017664609643,6555.704971158018,5827.912564414401,3051.452008786574,6020.85462709103,3152.3830396162707,4588.34964014455,4634.019050176062,6938.14953669143,1684.1234511150458,4627.72420579815,4845.617793328161,6209.1707488780285,5938.495382665334,GA
13317,156.19780926567756,1017.0698235250943,2059.1134452206475,3275.824138366172,1330.0211440092387,2951.5515247625863,3619.588728288708,3577.220647822362,2701.174208992766,229.39748714655488,610.4011937344968,1525.5054414295544,1400.1603517764802,1260.6493912813573,1079.5821445206682,939.2448057437359,1100.1821053893311,1104.3738324603553,892.7414376995874,950.8755265750458,809.2245639957546,2686.6555564457212,3189.696600840061,761.1550733698613,918.7836553246837,992.5668070605783,645.6508368450088,3609.7909771453446,1313.5751314176566,443.0163274897681,744.3297522824356,878.2707618627866,1461.11763466964,7383.802223936735,1270.2175634656967,3540.675907729837,824.3318122638417,3562.6603204410053,430.20931878490853,1231.0948755437473,3499.8677796081884,3231.863259839056,1559.1561370318802,731.8550747290334,852.0871748165367,778.8732535280808,810.9908958351248,610.5957132534477,691.5194161793436,2381.666036879513,1113.3203797837234,7270.627606845826,1264.729459194079,829.047721988369,378.6571065222852,3266.5413580154786,2188.1890406178927,5565.684598347331,1076.879529395944,1426.8398632627616,3200.3808465603333,677.6897049334788,269.87496803101936,1370.1517990247282,641.8720644183908,3339.548232056969,1328.5502380912358,3077.9604186831884,3254.9180434469426,557.7279228606621,3274.056977531725,687.2571204868531,2629.056372146661,7297.758705787572,1040.442690650128,2214.6319803597016,7477.17959771302,1225.844649374794,371.3126798644721,1265.2387427560025,574.4418848053701,1289.1437821330776,233.4940476134552,353.3778086600445,1128.1539910317176,133.32767144136315,1187.0414145692669,652.7779319638449,252.8640032019183,1535.6782923322198,877.0499119623657,1187.5896069249588,556.4953186483691,3104.911710936717,363.4720313610418,1414.8402277274552,2039.6685043886207,693.3170102895666,1392.1452190476584,1155.028304846361,766.2499641212128,1136.3061707885465,1087.9374433311782,3351.7548395524846,510.6689982327164,2748.564393347353,710.0636298404838,1446.419578174207,502.1874701965725,1825.7485092613642,889.0506660565758,7207.484631620076,1195.2313258715567,382.393591182711,151.40582156643023,185.02888552479348,3641.7177278756426,5482.627823452065,963.840308988426,1627.9866405778814,1036.6048747602888,476.5460994921904,265.0558275246796,1761.4709611661558,3603.726201025043,702.0818086125856,449.8021528659349,801.7926288304037,4673.263845723322,2560.699336123133,1029.9988393645365,3479.3449130964427,1879.8267673397463,3002.6803112912226,2462.296708176441,1008.1682056768336,3396.776093848157,3356.380987646582,869.0188210040312,405.2586839474468,2646.972227887094,1000.63504407302,829.1281340492499,1742.0086856865946,535.8902542149244,935.6392483466344,3665.0430908463786,1025.1525564583387,1091.8697137635722,619.9791216463982,1266.5585502620586,1712.0311845628196,1557.697192023367,981.2813976991423,467.29448573960985,1276.9548791458556,1709.537668553829,2086.539242925577,85.65548391065033,1660.383842853723,1041.7923050281922,620.311019737067,2300.284998575447,2231.7586884876373,2092.6402399882973,703.519040664866,1043.1869347052393,1242.9370277692026,3454.9642828981077,379.6117550555912,2372.1511841139873,662.2121980542587,456.8956184205198,640.0635991475357,4431.943622617322,957.2040878130664,3607.174660420219,521.5797520090008,2527.01213260593,301.3955120801174,677.961397569085,2288.6269434112523,1146.3664033668092,3542.320946431529,1405.6172115181494,923.4153506282396,2830.960837756441,2242.927386514841,377.49725748604965,1013.4182681658284,2748.637189186172,12740.640693205492,6205.006548308504,827.5821243898483,671.2238849730458,971.5896812508009,485.91244038993693,780.361503190779,2226.5251482645854,1464.7523201492406,1063.2763930738283,1655.881537271596,2310.599020344371,1445.8361493639068,4689.90893674688,1090.6863697786039,2799.112584202729,1391.449215667337,1359.0078243045682,873.1592871190076,1447.1592848834016,1088.5249270896443,1016.0392708271137,2138.620585956553,957.7061827572302,2839.61412221048,1981.3910113987915,542.5783784519869,1088.00269252343,851.7720489309164,1661.7981946986615,875.9980989225886,3309.553092103865,2284.7957070941547,510.6044802992566,1113.236586350531,3475.0634840671632,1341.6580988406427,950.4301722451356,5632.903710746494,2923.8356852530396,2379.907736838381,1077.4022133811584,2293.0335103438683,1739.651593378493,508.2884118378811,1583.0018222667145,2657.6956717939293,7317.700886290078,5716.387502358224,6152.346839483982,5591.840289833074,6317.484682311104,1328.3101596483725,913.4255563411681,2360.57178251965,1338.6838201264031,3470.043156363594,1378.5512326666333,3705.271905644385,2646.611395118871,3218.18823153219,824.5135735218138,3463.1685386916565,1587.0664639591794,5907.693572695673,1067.855890522779,2015.686174933454,1375.2411169077454,3201.314714515336,4540.872495666098,1682.6554156458224,372.5504603321425,1361.5298122053293,531.8993207554208,3289.556883898892,4498.8180333160435,247.61734543852853,1189.0973914566925,1442.6790531813353,2919.762246777257,2775.875256352517,5949.283904443045,7289.30254318138,282.45373793708086,337.0023114963815,542.291426511307,1527.5548874207852,1462.7890873441418,5648.166566831284,3553.195318514941,7324.143449119532,304.8807645634132,1127.4437360790855,283.84277344365887,2545.414793845939,1202.2096295608326,1452.0930415154294,1041.2127210133951,1184.023550746874,5317.408587749111,1108.3190211285407,2227.578472355868,6050.078421610957,653.5700290894018,1911.849502992056,4983.4880511835245,582.0988814334647,1835.922527191012,2442.48409693008,1322.7437663734233,6655.895533002108,1860.7534253410047,1145.6777340586425,10703.430179164883,2280.383944628169,1331.713753584724,2853.779615867641,1681.452338728847,1124.7232179821374,1436.4375310558748,1275.1367353190035,796.4762712129117,1564.9079341457075,1904.5692925970209,1363.735713014546,1401.806231365934,3266.643567643079,1394.450601335464,3444.0196602891388,2221.918564221643,2461.56362231107,1288.4665499921598,975.4714687731856,1581.25827021132,1441.7912053835794,1624.256162054431,1701.6813232135823,656.4312806017133,1414.1774605489395,593.8603122462101,1982.4505122112823,3006.319661625645,2695.7707923211333,1378.4912161145594,2453.300301663661,1278.4355575819775,3632.7458758969237,1086.939576957672,2179.5895046114465,1281.3613926267906,2033.042030810028,6104.755339256545,1866.2799218438147,1733.1729863878427,668.3150925519255,2761.459734080971,2440.9352036090813,1445.2270152520678,1016.1860580599974,2013.8078213300241,2373.5495500032985,607.0365951735367,2403.735948892848,1776.7896582547169,500.53397694653165,3545.76679048224,5911.953298948682,3719.975918015121,6070.679974687908,1746.3876276088822,1258.3142521795635,1895.814848000633,2473.876457578259,6258.295389894054,3620.4619859256486,717.175890788918,4739.24770975496,1418.9499657527465,2720.108363035929,1431.7583735288156,5364.366285576894,2085.0592015941543,5391.760189246702,2365.169764326947,716.334028647191,2475.026144664041,865.567156175286,726.542812038884,6379.9273495437255,1074.1164978339057,1389.2821084757165,2708.930748686892,4747.920714733008,1394.8316869830173,1356.522785775414,6387.7854921688795,954.5485888733213,2366.530766231001,1712.2617418374691,3416.9052309924573,2123.667874574145,2319.6595114411125,5661.187982119503,4741.758578458139,1639.3497106799493,4714.8293612494645,6416.459814832537,3039.8567984993488,3323.3243823015864,6383.878923934821,2361.3367470587923,459.52463506496764,756.1375249065951,699.106310667851,599.0202546386288,6379.47331823515,2033.4340524874976,6182.165147639815,908.4898774542053,1376.1088714610105,2105.277204949577,889.8559992623033,763.1802987499973,1548.5209372031086,986.4703191446664,1117.3394109415476,1616.1769330038092,1687.082856447541,1978.53834406448,2007.8661375461554,5684.826572804202,6576.56015373259,1389.0421693900146,6057.647850177715,6226.648554297638,1942.7115745804056,6161.159400579895,1870.0647464183926,6241.034287660484,6633.122674180843,6225.533294814089,6040.674885363625,557.5609457870686,6165.902151648838,955.2548328608102,6308.378267648372,469.1289677295788,1629.6147371208594,1412.8349393151425,6113.480671420169,805.3093117998933,5839.792665430697,6201.691742533835,2548.1769260686137,824.1160736655772,7249.075206576957,2505.130473591244,6183.715421699973,962.1534067696581,6277.1988864657105,6318.29992835185,2475.288231833305,1612.5804620048043,5965.996539057129,6218.715195601104,5448.3300489177145,6348.953737571899,934.8407509551024,5668.643394658483,4604.223149742027,747.5037630360142,5915.542165670213,6181.219321403423,6109.263827438329,6314.67513872175,6352.232663583871,7303.439975375184,2770.288437777024,5842.474925137821,5674.0003696293725,5690.317928325228,6174.317460513686,629.819801111121,5928.611766166004,5903.941751074956,6150.93902435624,7367.799754423052,6170.378502039743,6766.7196417745,2370.9404795781093,5412.512759864301,6160.747849640871,1787.6512721598197,7238.184973364724,4653.816979538827,6000.8450590958155,1734.3032286163213,5670.070281284452,4490.380974391137,2636.3651914772413,882.2302112194262,5980.52852716571,5855.253341440932,6141.234205184953,5786.737706866228,5437.296918412279,4418.570730653698,6451.278788605888,5948.855745528136,6327.927503688231,6214.191128675339,6600.392657499135,6589.166407880683,3613.353835287867,3626.7614871690025,2306.8280671940074,4523.5682615449405,4759.666525675183,6203.213956070764,147.01712100640938,4491.389386140058,6353.836309000679,3269.5658473677972,4696.86262259551,2907.93270264612,2616.3093706646346,6090.112671036435,5736.230821500637,6221.916437068715,6080.764033446338,6058.058542235356,5482.860963776759,5987.26051637865,2682.947292519581,5327.970707430195,5551.710512454985,5825.051591949841,4771.000626051585,3715.111402284308,6238.1714279867565,1451.6599193106035,5616.263943852211,5168.6950550357105,5595.953269826223,6156.876762002037,5615.413744190248,6092.219998843231,4634.1130645116355,5834.2648855137295,1328.4045162800055,6054.66125008695,5332.990643007296,455.1712084237192,6431.660533004959,5969.260682805962,1261.419283467722,1276.1569289127247,851.6909055067056,1289.8769659273155,2931.5527421423553,6272.481547972068,5517.904362728183,5352.040408255974,3567.2937785659888,5557.547350443935,7879.194458455661,5944.438184164008,6410.217468707397,5689.6272401524975,3077.0426312282343,5899.172391763758,3183.272397355741,4478.469453436265,4525.770812146922,6834.186014761827,1478.59472170483,4515.865897056028,4724.405959750054,6098.242109236122,5825.373111273824,GA
13319,148.790203394801,1101.544891678594,2072.7864163194813,3258.00690573666,1294.0209740274233,2941.5857058980664,3653.9989019461073,3575.1707924645593,2677.772899805212,337.4652533977932,518.1867149414168,1597.3623928722925,1506.8317181036346,1195.7485873466405,1187.4923119632838,1046.258631436981,1207.099246021866,1211.9092884334684,803.8084249122808,1058.6901845189598,918.4656925471032,2699.332675794988,3166.301727191637,870.3498839848886,827.9406881860336,1077.2208475499726,540.4555525476902,3637.482794896037,1276.9443710984642,489.22045980058675,855.0323378867791,925.7442260745405,1403.283399555641,7365.020419637275,1202.438091111848,3537.551593366528,741.181060356953,3560.963490462484,528.1874000078703,1262.171704661602,3501.78959270007,3212.685955622835,1498.2969993944346,817.830916924217,963.9549034694825,894.0256996639321,710.3355091094215,707.2137835408563,800.190223279087,2342.110765379596,1201.0012932190075,7249.615354056881,1373.1341629192625,742.6379610849318,292.9394207342883,3249.7373081155934,2171.330715291293,5631.325594827096,1192.225028992455,1469.2594376507675,3182.615007186955,674.8831955339688,293.02420062524345,1357.7325145679124,745.7679503083415,3344.5373388467256,1434.1599556687784,3100.696597234165,3236.4666523119813,640.4559709282315,3311.9048550054536,781.8658220767333,2598.656347548468,7274.154325654345,1139.127492584653,2178.939199909317,7461.00525899728,1223.432748325576,343.38826094707514,1377.0163613775146,484.61196742595786,1341.771108944043,199.83645096378268,406.7693248763057,1243.574024992615,248.76405117606387,1301.7317570405173,546.3786182156327,342.52735102294207,1644.2925378926739,863.0948205212998,1268.942814126991,459.6789662157286,3085.651231886033,471.4774199019712,1523.5404372022726,2046.7813099385555,794.7585667549283,1400.7381920801733,1261.0052237730345,664.2963696982914,1244.3356985164994,1089.633818498029,3345.803912996274,408.8649628293374,2784.836311259024,604.3900141779612,1559.6598517127984,596.1171444736152,1786.9820545167331,1001.1516977018878,7182.873511201332,1259.017429899379,390.3015141608237,228.82895358753532,298.20471246544366,3663.9325140029778,5556.034238635286,1068.4101330874973,1681.5084127539526,1052.1131978458013,368.1748494092064,310.71565959006716,1734.4178871248566,3619.5772007215855,648.9104599696598,515.1075625088955,914.8873112095724,4734.77812448573,2600.2705210113572,927.4557902820244,3502.6359988109693,1948.1641685300933,3040.670363008445,2426.072827353304,1116.253284495294,3381.5820956082794,3388.155018035448,795.5586529323434,289.91707825688627,2674.003684512622,1111.088091970585,926.4260967962751,1726.3535886643815,450.6940938331083,1028.1703102946972,3703.9574959766683,1130.9702692518242,1159.3083622217446,731.1214480135324,1354.9777963219276,1631.3139951961355,1483.3880126157055,1048.6442183901938,580.9075098993796,1367.5077358319052,1818.5563229211325,2126.620067238358,129.17043008796222,1578.350428496501,997.7508582581308,533.5580904000135,2256.697642902261,2239.5438180951637,2150.4649573804963,618.4531464762676,1155.5244750786576,1343.4883419261432,3443.27032010564,465.0006699183955,2378.260872279017,576.2450987245553,356.77739033273343,703.0846311409093,4486.66165701354,883.6646260323427,3608.562046150948,635.8303315385664,2489.193850856668,414.1893054542065,775.7404667125688,2284.027236421552,1256.2495143797335,3536.2226004412714,1476.1550814265875,994.5430328628833,2874.0066869125785,2253.088019525097,306.79448688944467,1115.956318500065,2774.029021673464,12775.220514197317,6270.585247985593,876.6202777636258,779.7370848138464,1069.1861336034092,561.003371610411,895.7892675195044,2289.009208693497,1501.116963897792,1177.9815672552695,1737.803020422817,2313.6617511028835,1395.0251429933594,4747.92800841086,1195.5651705803327,2793.339801617718,1493.088448212424,1444.143274286547,978.1700169971068,1560.8547001743616,1203.7508907572567,1053.515119592599,2125.209626275525,898.0422070275987,2878.450768169779,2052.405258021414,619.2659392185923,1166.857426768645,924.540795478538,1577.643518234146,830.0394081191373,3298.013632002533,2299.401196315386,621.2060845332958,1227.8014728278822,3473.836384200421,1417.2125720939166,1065.040945128321,5697.233231017813,2947.495441733866,2336.790810252134,1067.944983219642,2321.5666605614488,1668.9458948277575,619.1803403409882,1545.1735553255285,2667.739102090787,7297.815285306926,5774.585224924919,6229.571951936223,5675.40105139847,6390.67154104908,1270.815253611333,975.1414675540732,2418.0189169927357,1446.5324552665002,3502.17151506219,1401.907346399931,3715.903502121182,2631.3722639912007,3253.056477476516,926.5316796619239,3498.486457768741,1619.7426097984894,5992.573261124903,997.941093942812,1987.491866955217,1327.9633841512905,3234.833506850094,4598.985724861298,1637.9408266245734,270.3924885146258,1464.644573463166,618.4345158805479,3321.1700602523165,4556.30201389849,168.14696450174014,1146.1517433193553,1422.3385091709845,2938.83075234057,2798.104020414796,6009.873980305569,7268.646619537116,354.9732016930515,225.13676293805247,509.33555859868164,1575.4593092131036,1570.907936275796,5710.486473753607,3562.0890413875572,7303.414598566837,235.53810919427502,1138.3137527565702,170.5880005938448,2578.553616515556,1309.1861004410853,1426.6363058541342,1009.2605905738393,1255.5295561942628,5381.831996598838,1222.1623045036506,2231.3360882264446,6111.673468697139,769.0044919001382,1959.7184599883549,5046.497489482346,525.1188877828206,1911.5706351946264,2403.708182838301,1426.3612492706193,6708.978435543652,1918.576520121045,1076.7347008253637,10639.920301921284,2317.5930274673583,1327.1240190496812,2889.3967803197834,1686.9416788535427,1081.194793619552,1524.510141425745,1390.2051427660415,909.5526637047774,1659.1079291606304,1871.6083802084995,1478.7976735031734,1505.2386456375214,3263.954581232441,1499.2544603238834,3430.945616112949,2275.429266540645,2480.370414281348,1352.8193030676255,1089.4149068930137,1596.071208635377,1520.094404233417,1695.7883048813806,1776.0889056594206,695.6825486802368,1507.4052957782874,657.3739974227166,2045.8919369058747,3017.5129405906846,2710.385303798445,1475.0389694731125,2480.135795888129,1383.6009908829376,3660.9964843054076,1182.9126991324358,2200.545557813969,1385.5125554813828,2060.2435369346013,6176.26734108058,1949.130872226628,1814.5908979772519,598.8079380119364,2758.861157458552,2403.4570727184673,1463.1138490973565,1069.3434683090104,2017.8356744742998,2333.701664487474,719.829850379975,2440.7623011898827,1804.8688385665757,615.7400535613315,3545.0560065778136,5984.884089322383,3739.431036616734,6137.5599634365335,1805.3438810029581,1365.1873033136628,2006.9408355736387,2477.402244947504,6326.587741409129,3655.1561904893483,763.6239289478536,4800.607672684792,1530.1497991525105,2702.738929935097,1536.332787019061,5430.143246718694,2152.362174456869,5468.9915304685965,2419.74496782196,630.7592822763835,2487.498064999856,932.7762664251096,761.7972891085162,6434.457545841935,1133.9420560247875,1452.8555846469876,2740.4932095295485,4811.3200048088565,1451.6088160591794,1461.1618140307419,6455.463072502884,980.9780310976724,2362.5595483160173,1820.0450589531092,3413.154200656092,2121.449484606737,2275.1768469857475,5723.074197962083,4805.7372493294815,1747.2422064382251,4775.462445232682,6484.2065519402295,3015.859004038156,3353.099093972208,6449.55476745847,2331.5634812853227,463.1773999359034,763.9395551579794,814.5513893222962,612.4484427067606,6447.719789844187,2066.9805353705,6253.110463088837,1019.4676001590229,1487.9665314735041,2126.476727580784,1005.2847311544078,730.8782250282693,1636.3471433615741,991.014105221976,1164.5584998262925,1725.4500114587602,1685.6146328119976,2008.1572948196304,1973.4852671730875,5758.653662143139,6649.0910742765855,1503.1331720284052,6134.921188775257,6291.141990808786,2016.6881472551715,6239.621861664963,1848.7486362781021,6295.223346646811,6706.046281001501,6304.4151239354715,6117.239174261225,543.3996368298972,6238.923021704222,936.6322091075264,6388.508655593933,584.483568130314,1658.8387554522776,1527.692496937737,6180.359405263818,920.4926197643333,5902.505631890694,6274.664079588881,2600.6070771349678,938.8255269819575,7225.605011429509,2484.9184165771812,6249.259623085757,1077.5940323685334,6345.612572751468,6387.9873836364895,2528.960463528551,1617.8389505170858,6038.952400944174,6291.987896762176,5526.254138690191,6423.757116016313,899.3826375458071,5730.324782663382,4662.4602462244875,851.6213200618448,5992.574750492579,6246.994978380826,6182.800123835678,6391.073142935706,6418.561711987238,7283.548844558153,2819.446129435909,5915.363308593807,5735.692633857563,5769.842987060642,6245.195163513743,743.7964485798492,6012.075195978585,5981.018558335635,6217.000807737558,7421.402635032836,6236.1155329062185,6827.313544388524,2422.0842942258373,5496.585988135326,6228.216016765118,1730.579200424024,7216.5748365803065,4713.208361189561,6073.040633110775,1756.4459782271213,5747.3116872155015,4545.714673275334,2647.8549518573464,997.379334120444,6042.828076636049,5924.615761883258,6223.488887145384,5862.1836932292135,5517.4341908904635,4472.733405913637,6516.8717272089525,6022.081020174284,6397.3278330644125,6279.617048702196,6653.680815458625,6642.418013737341,3647.9602705569146,3662.7749379790444,2306.7430724494598,4578.154323832462,4819.727470184216,6268.634404336505,46.00186464532867,4546.169818749572,6408.058479112562,3251.6321471224705,4756.763167453874,2893.6301773882637,2609.9809057806283,6159.164821015823,5794.75207820379,6284.141419544197,6150.283150279768,6127.141273390287,5559.399814907024,6049.373942943962,2671.815087890549,5405.5791411636765,5627.403182491151,5881.611493544002,4831.624250797807,3728.659436125257,6300.24070139292,1382.5491701859455,5694.246953293172,5243.036342697295,5670.552738273997,6218.772243197224,5688.945071819377,6149.473885141015,4695.093974534616,5892.228477239243,1401.734333469339,6115.822133886711,5401.079218193959,416.1650600112968,6485.649921060627,6029.946726373468,1193.0044285056556,1212.436083786494,966.014121234234,1314.634546851206,2962.434443095788,6353.452622699675,5583.131960647592,5427.3618955774045,3564.8107214857105,5623.277708107607,7939.091235217137,6011.346236280771,6485.631766894691,5760.868294031525,3056.742507878875,5961.05297603906,3160.179345204657,4533.448139429908,4579.8424169409445,6886.252836344579,1591.3764576405097,4571.966836400678,4785.826593136425,6154.1063068864805,5882.427721649531,GA
13321,238.06935070464672,1213.5820707271525,2087.9782371056144,3227.6948651230955,1248.6820509572121,2922.3986537516803,3692.258349973953,3565.1311688963015,2641.468535982588,488.15212266590515,424.72917556552045,1690.6120152720118,1653.805803572879,1111.1375370831017,1335.8179334141905,1186.2286630937192,1354.5710707363185,1359.8977233939302,707.8786455118111,1207.0816869756898,1068.140691274666,2710.8274599834594,3128.795987552121,1020.0527626665463,728.0927272395818,1189.6604241705584,417.470627354338,3666.8214789141743,1230.9385342272085,571.5554218895477,1005.8283259234358,995.2608439811321,1326.6646353421354,7329.27795006976,1113.6657637444805,3526.1561606113282,636.2504013292812,3551.4170705395477,671.0750074302833,1306.1957415326606,3497.1472093157136,3180.6669654932202,1416.766306039885,934.3453387005086,1110.447479838653,1045.6496408560733,593.6809640101291,836.9211920027922,943.0092045338223,2309.3465166113033,1316.2999494733047,7211.021719348067,1521.715822521218,652.6274870811823,237.22702907775485,3220.7838005857398,2145.5558508118784,5709.746975959986,1344.286036093239,1525.765280897789,3152.5288876847917,688.8909894184335,388.34268678053695,1343.6445035960726,891.7327971265565,3344.2657255549243,1580.2478718400164,3124.4845283223967,3205.3593366855225,756.1626070881307,3355.331430449977,920.0028678860699,2553.2789172351268,7232.160048687253,1268.3361983351758,2127.9583417143467,7428.622909764912,1224.3685444486682,352.17302186617263,1528.2880367755413,397.9467777135421,1412.3520389214916,258.17828936158264,518.0542480915851,1396.3687452406461,401.5687681257624,1454.7311715388496,420.3707400642326,473.6144379079181,1792.8909960829267,855.679391429181,1375.9981057962555,339.81949536624387,3053.7980846515447,621.3826517535982,1672.2773887606006,2053.437968282756,929.1267087853157,1414.047169526984,1407.6058021147135,545.7843191515451,1392.7062819289251,1098.0732049074948,3331.029514712635,281.3266965133714,2827.323142198617,478.8632831546672,1711.9112628842545,724.4080929546802,1733.7889367185476,1152.7930618460236,7139.617684252812,1344.3248143823353,438.0767530164202,368.2895039133648,448.4139455885772,3685.9414148140368,5645.185095546513,1214.0821893949162,1750.8057193724442,1079.2122300070275,228.1048268834894,407.244270894451,1697.369439342637,3633.204601612921,593.4826210095197,631.9958359845198,1063.155687495575,4808.2036348403835,2647.6207220329543,804.4029254220203,3526.3546137387098,2035.384064155256,3084.8306422872356,2397.649083274348,1264.7968542142205,3354.496961781261,3423.3604314242675,704.4911643926578,137.0229697802225,2704.568292051998,1261.4954906825674,1055.0758053794143,1704.6616968894891,375.87362285311,1150.4598109905396,3748.1468604442516,1269.1792939158245,1250.0500145644976,882.3389177631294,1470.3934705002152,1521.6700897773653,1383.3019177346032,1140.4593631476032,733.5873361229325,1485.5564730055228,1967.4299754117585,2176.2707590142795,268.6246380305837,1467.1186370749842,945.593239239999,428.93071040996045,2218.595657209139,2246.1961489494693,2223.2485074012334,513.6041389839228,1307.2622431521818,1474.3404031559242,3420.70061053091,599.6194970498485,2382.137955646471,492.532235647302,256.23382905276617,795.7055518036735,4551.104656615519,790.7222950858265,3603.01840976688,786.1213375376802,2458.337579291614,563.3522050185528,916.6120999355226,2274.077877242394,1406.1219649522445,3520.8901573135195,1568.3825433130007,1091.5302274160053,2925.248575536369,2262.825187756324,254.11136072240086,1250.0591285683984,2802.143135644318,12807.628321011603,6348.559195174968,948.9794861583357,922.444071708486,1197.3774069741405,685.1473086022608,1048.564168396746,2367.460006730274,1549.5824047016708,1330.9876029151806,1843.386564958714,2313.7550236572265,1328.2189795317852,4816.598522453101,1332.3947241553662,2780.1082380187804,1635.432006842133,1555.0061994572668,1115.8510079305543,1713.3849694342962,1355.4721731637394,1108.4934866725123,2104.2390094615616,825.4001711693953,2924.1027998355767,2142.759585509842,743.610703484416,1271.5418807658968,1024.3597017622149,1463.500497414335,778.9561177915488,3275.9329444079985,2314.823351400272,767.0163447418988,1380.7644707433776,3465.072588257581,1516.1197772582047,1215.5501823105758,5773.816887137911,2972.867054482812,2299.04883183159,1061.9727664739148,2355.274854038409,1572.861735279973,770.3919626206118,1494.9182391807767,2675.8410111259673,7260.667217431214,5842.739065038035,6323.687311714517,5778.617041003372,6479.097660908166,1195.881217085039,1061.0817505856226,2489.47006429712,1594.5861934097568,3537.64433702327,1434.4674256675082,3722.437517986753,2606.05187189386,3292.63257369956,1070.3635558236715,3538.2121240286156,1662.5248679681808,6097.510260393543,908.5416915601177,1947.4353752152008,1266.691752299979,3272.651962045212,4667.915244254809,1577.6156514824233,153.90387428266914,1608.412955667441,751.2776258432248,3356.287409916925,4624.418590346029,148.45395027041394,1093.099360567233,1396.9109447942974,2958.139287404781,2821.965187702251,6081.1504286448935,7230.507884817752,483.91645214434396,101.57898114781707,492.0534854705433,1638.2031292505842,1719.1151954359773,5784.310888993535,3566.582495872165,7265.160405173897,228.54487858786752,1157.960887009407,32.697612136015486,2617.4722652552223,1456.6014781314238,1394.251509699361,973.7953591682827,1350.4622948349975,5458.744244058384,1374.806686719359,2232.69176669561,6184.266315260791,921.4940045495888,2020.2696337622244,5121.713421203895,470.56608926780837,2008.425364453627,2371.80985554294,1560.9980502647895,6769.600080160486,1992.2545039509585,987.6939952226221,10545.40810373313,2362.736209610673,1323.839389580335,2930.755975160095,1693.646471162717,1028.3087748518576,1638.7778963944986,1543.2569360225089,1061.8353405930056,1780.8576511707488,1825.7636655432223,1631.8498869708435,1649.2549434115426,3253.670684547022,1635.3244870543024,3406.5722832713896,2342.1363344111223,2500.6736221539304,1438.073152728161,1242.1252366986284,1615.7462286577052,1621.93505052309,1788.1576134199854,1871.8254406518506,761.0729770970233,1628.3402303065466,751.7590436259427,2126.3825311846977,3026.1896281050426,2724.412845477078,1600.34901924103,2511.044313208345,1529.3425591487314,3691.0402704492176,1308.5620651528418,2224.7559291663965,1530.3339332229896,2093.300118740566,6262.4749734806555,2055.2668229758146,1919.263161776049,520.2055506446288,2749.9373867898553,2373.368800216281,1487.9663262162194,1143.5525335687453,2020.5594436134354,2300.55930157587,872.0388914307202,2485.2427004954216,1840.439996089191,768.7594998722165,3536.8449402332685,6073.150779217049,3757.6469663010585,6217.395289761746,1881.001767827308,1504.266527580165,2157.5499748383522,2477.493755566533,6408.271745721066,3693.7923778593736,835.5008128448973,4873.769242592305,1680.9361715960406,2674.375203718512,1681.376257303146,5508.876660607634,2237.547831550117,5563.483458614893,2487.4075276863314,545.6196941726388,2499.3998533034337,1025.8959142769013,820.3335489521896,6497.208464226589,1215.5747297264502,1536.4133907739292,2776.864729411363,4887.247197736082,1526.5598862215452,1606.3416802351992,6536.234461477029,1023.3467333230028,2353.1321242499666,1967.821729514181,3401.161794293083,2115.378581753348,2235.7396976193468,5796.297635363735,4882.457820173959,1895.1528076761622,4847.656982105529,6565.059206015882,2977.8874285934116,3385.711773771112,6527.569718865225,2287.9060610704487,498.5643246100945,788.2254318447629,967.1870187560519,650.0753725936922,6529.280235281531,2108.328832740041,6338.496252688691,1170.3226064891985,1639.2657489900423,2151.334408483412,1158.0522359400875,702.4862236566387,1749.9013154590164,1005.0586756864727,1230.1813220607685,1874.5812576911746,1683.1198662087954,2044.6360180461968,1925.1916067725574,5848.277040634429,6736.489603398243,1655.882501383756,6229.146145246599,6367.612637546463,2111.024839897282,6335.458937029907,1818.6820671349485,6357.590681200651,6793.9652437674695,6400.810312288926,6210.48495322455,549.6347826374116,6327.190026982241,921.0240000382362,6486.616065587221,736.7078921895923,1696.8570669588064,1680.7281006089993,6260.170286117479,1073.5233545162448,5976.7514896949915,6362.846809848015,2664.9442054054125,1091.838979702056,7183.8137745727145,2453.460008064483,6327.197390224201,1230.2891781333121,6427.454481727162,6471.567804341097,2595.127427844693,1624.768458193467,6127.226721552853,6380.579055330922,5621.677550239165,6514.4142168573535,861.430674039068,5803.263624245821,4731.500820756151,997.4183430612677,6086.530028093187,6325.2523682239635,6271.808648396361,6483.964733959595,6497.492170162282,7246.4018102006485,2878.9173127509507,6003.606633454518,5808.64299828029,5867.374196509012,6330.49132343689,893.547908613687,6115.012016436323,6075.040785166113,6295.667781216595,7482.361333171683,6314.3255411604605,6898.149315502408,2485.220343133089,5600.600270739438,6308.813761177164,1652.8315689059796,7177.2187831723495,4783.769805154844,6160.245473018757,1784.5592453088138,5841.675269300762,4610.9327770408445,2657.933131707156,1148.9636642072767,6116.425619353526,6007.984889182712,6324.642342840762,5953.99744575045,5615.940098296799,4536.4401094966715,6594.73844906737,6110.736852452136,6480.506836353669,6357.376048013686,6714.613226171383,6703.306890320668,3686.4909351075958,3703.157859063005,2302.691704998065,4642.331306590928,4891.108321846797,6346.391678885865,128.28055395881842,4610.639785815245,6470.404622464277,3221.17898692715,4827.97857879086,2868.813845189675,2596.559022045423,6241.982426602639,5863.334347947156,6357.501104728382,6233.749769798842,6210.017614681624,5652.88380723941,6122.712710511308,2651.8252180481145,5500.627822429758,5719.678634326839,5947.4641082993485,4903.759800861078,3739.044398328921,6373.377994227387,1290.3627692215152,5789.667569994404,5333.657276429321,5761.291424600663,6291.716254161092,5778.19620914451,6216.108358851469,4767.828302737723,5959.988428940934,1497.9335297373748,6187.8179953462095,5483.0003093508,398.9376150438597,6547.633842346683,6101.3426134108495,1103.4220723502508,1129.3245632679855,1116.0904255712364,1349.9334683451332,2997.342619999918,6452.752586232265,5661.01630776524,5519.231205903127,3554.215668002933,5701.826527865191,8008.447245018512,6091.288389594984,6577.1117960880665,5846.917121013142,3023.577349342125,6034.1243779086535,3123.0862340358894,4598.198132920426,4643.322683263186,6945.3913951545655,1743.3180636279305,4638.197627643652,4859.082707676178,6218.841824777689,5948.954143440944,GA
13999,,,,,,,,,,,,,,,,,,,,,,,,,,,,,,,,,,,,,,,,,,,,,,,,,,,,,,,,,,,,,,,,,,,,,,,,,,,,,,,,,,,,,,,,,,,,,,,,,,,,,,,,,,,,,,,,,,,,,,,,,,,,,,,,,,,,,,,,,,,,,,,,,,,,,,,,,,,,,,,,,,,,,,,,,,,,,,,,,,,,,,,,,,,,,,,,,,,,,,,,,,,,,,,,,,,,,,,,,,,,,,,,,,,,,,,,,,,,,,,,,,,,,,,,,,,,,,,,,,,,,,,,,,,,,,,,,,,,,,,,,,,,,,,,,,,,,,,,,,,,,,,,,,,,,,,,,,,,,,,,,,,,,,,,,,,,,,,,,,,,,,,,,,,,,,,,,,,,,,,,,,,,,,,,,,,,,,,,,,,,,,,,,,,,,,,,,,,,,,,,,,,,,,,,,,,,,,,,,,,,,,,,,,,,,,,,,,,,,,,,,,,,,,,,,,,,,,,,,,,,,,,,,,,,,,,,,,,,,,,,,,,,,,,,,,,,,,,,,,,,,,,,,,,,,,,,,,,,,,,,,,,,,,,,,,,,,,,,,,,,,,,,,,,,,,,,,,,,,,,,,,,,,,,,,,,,GA
